2962 2962
2 1 470182
3 2 407287
4 3 435400
5 2 429362
6 4 912239109
7 1 577949536
8 4 328143
9 3 852893194
10 7 451053914
11 10 636527673
12 8 21622
13 10 377684
14 10 588334
15 7 661456
16 14 117286
17 7 536399886
18 6 41126467
19 7 473328
20 18 762470078
21 4 854993
22 4 303616
23 12 822134772
24 18 204005625
25 24 514010
26 12 910964182
27 10 489723
28 5 82962
29 25 20052
30 8 410639
31 17 969804709
32 27 512404
33 7 517901716
34 12 359710
35 16 765460
36 27 987412
37 15 576193
38 25 775529925
39 19 252896
40 24 104965
41 12 554087022
42 39 82714109
43 8 216371
44 37 390806
45 35 733747723
46 15 625348491
47 1 986477
48 20 790228
49 41 694756354
50 36 786884
51 42 270453
52 1 130013
53 7 528306
54 24 409124
55 35 199724666
56 20 478848149
57 31 333705285
58 55 560543
59 36 74453380
60 10 851243613
61 4 544172
62 32 813007
63 48 86927689
64 63 111017877
65 22 891774872
66 6 546657
67 47 350359
68 18 375522316
69 27 294131165
70 18 941382
71 12 507553647
72 60 871493598
73 69 658767629
74 72 733652
75 57 884754
76 13 23050145
77 20 101494688
78 55 431529367
79 8 785818299
80 17 917658706
81 6 145791
82 7 73244
83 39 990601
84 38 154176
85 5 577119
86 84 678137
87 3 48675
88 77 716839
89 23 491328
90 22 764238439
91 30 398685777
92 59 302491
93 38 108870807
94 50 100140488
95 67 303695685
96 91 605591671
97 80 927372
98 43 421225206
99 41 395831350
100 5 637902882
101 31 749682402
102 12 521572147
103 66 449303
104 88 114029071
105 54 640220
106 22 440018
107 19 587881
108 83 507343
109 66 651878467
110 100 45045
111 78 367343
112 74 635168045
113 95 75516
114 103 187986
115 23 391587746
116 24 220451914
117 51 337469562
118 72 533954662
119 65 268178723
120 40 458815447
121 24 277886992
122 84 637968619
123 104 56272810
124 46 657985
125 112 776680
126 49 564071
127 52 380971959
128 5 557580328
129 102 532958887
130 51 136520955
131 127 221659
132 28 700426
133 45 875968
134 100 956071
135 56 581306
136 107 502312
137 36 620845820
138 129 530222927
139 47 19480
140 104 888582
141 137 357108
142 40 895235
143 31 669295871
144 104 211278790
145 32 80730
146 125 933633066
147 77 328767
148 81 784599
149 23 852733051
150 54 970687451
151 87 160370
152 129 666770
153 83 934391
154 59 504900
155 53 108977010
156 133 390782843
157 128 196755
158 54 909493
159 150 593131
160 91 294778
161 3 347816142
162 85 122987227
163 127 776028
164 26 251449
165 6 802726
166 18 45673137
167 153 813671814
168 46 471973
169 88 208478
170 41 135517967
171 117 478837508
172 153 567596
173 123 443007755
174 157 166255
175 82 170569930
176 35 107457804
177 102 915545
178 91 173081
179 105 526803688
180 45 911014981
181 115 201183684
182 146 550651075
183 76 544342479
184 91 648696
185 16 791677
186 111 350705984
187 12 373366868
188 165 647235109
189 13 685176
190 145 435593039
191 83 361411
192 92 8736587
193 23 701786
194 147 701635
195 121 964526
196 8 49151
197 29 867088
198 158 228976
199 96 29914611
200 36 23896
201 54 321301212
202 30 805481121
203 40 486250
204 55 706372
205 156 59303347
206 73 955123340
207 82 713554041
208 138 657073595
209 153 551727744
210 209 584544
211 99 601609
212 41 833972
213 58 987073
214 186 506694
215 118 947035
216 135 395126
217 136 260393
218 46 509248
219 77 593273251
220 165 186339699
221 97 22993
222 25 577111356
223 210 84067259
224 167 734927
225 115 16653633
226 106 481673
227 27 154451
228 133 652569991
229 69 307739
230 145 458184
231 190 504709
232 68 758542
233 148 144578515
234 222 237158
235 58 998127227
236 42 286193
237 123 837163007
238 79 924793
239 156 391969990
240 85 599088389
241 12 278101
242 82 569193485
243 82 4770
244 106 233781
245 26 530229
246 187 409665732
247 46 268019
248 68 70398564
249 148 438223
250 43 858404
251 158 512673563
252 134 84920227
253 214 756071242
254 118 588767024
255 160 114419280
256 195 160702392
257 28 577215
258 239 61712908
259 80 313435010
260 178 302832618
261 151 722106795
262 182 18458826
263 169 121502843
264 39 839769
265 57 647025436
266 223 127949
267 178 502197
268 23 199833552
269 188 365140
270 225 129558
271 72 278425
272 182 474708
273 131 535140
274 183 961832
275 134 380225852
276 86 572954756
277 207 326168274
278 45 560349308
279 206 82936
280 5 772401326
281 8 133186
282 166 141070530
283 62 474817
284 186 769143
285 271 303486
286 8 268327
287 190 702361
288 195 266983156
289 15 870194
290 66 634642853
291 52 866443732
292 220 259062
293 162 196438546
294 195 491205412
295 239 970859
296 193 900756495
297 15 306149
298 211 225459141
299 11 64102952
300 139 22831969
301 28 570859
302 62 878328
303 156 804066082
304 35 190024185
305 64 654879269
306 21 230999210
307 264 958768
308 37 542068
309 108 789857
310 181 808853
311 282 633384
312 178 221224
313 186 983700
314 197 19509
315 249 27478280
316 273 651009928
317 112 324326233
318 234 304086226
319 213 200412
320 122 513236
321 22 409614
322 240 659776
323 243 505067
324 56 196414148
325 273 471775
326 166 735475755
327 293 27411778
328 234 725280
329 136 317844
330 174 232193657
331 310 901128
332 170 427107
333 316 630670
334 105 317567
335 278 331813371
336 180 214545054
337 130 927161078
338 129 84622
339 133 544144242
340 11 550119
341 122 246816
342 231 528763979
343 222 657567986
344 28 529644
345 117 210717
346 74 670110923
347 155 607054
348 12 451238
349 330 195125
350 61 881417
351 7 718420945
352 273 386702923
353 148 344340
354 200 485765
355 182 633044
356 273 862552
357 101 142710307
358 148 521915838
359 198 311258
360 290 972852
361 17 359228
362 98 15187000
363 343 786068
364 318 4621827
365 102 256835031
366 127 402312302
367 301 348802
368 318 922060051
369 83 220426070
370 115 804198668
371 357 146438592
372 236 87196
373 95 485788626
374 184 176767817
375 160 328817
376 292 199357066
377 22 651937
378 89 829619874
379 88 41816407
380 19 372943
381 180 513655157
382 60 469247388
383 235 360763
384 370 376946
385 278 191467
386 214 181494
387 199 335533
388 127 493853323
389 277 7915
390 204 483027950
391 14 396191105
392 335 151042958
393 182 969919
394 101 953298874
395 386 885263425
396 207 391743
397 354 57839044
398 192 942623734
399 216 292669
400 104 666396406
401 352 390206809
402 161 996548
403 68 284176
404 402 831626
405 293 446795
406 43 709766
407 120 848556921
408 223 542735723
409 389 613988726
410 388 833990175
411 160 172908
412 266 875952461
413 226 461063
414 340 122596245
415 31 778763034
416 335 736889
417 182 469149651
418 1 219172220
419 6 764898
420 314 603716
421 5 638910
422 106 358173
423 271 223142635
424 360 310002
425 224 329428687
426 412 443329497
427 315 489396514
428 123 920280859
429 357 977148
430 333 469336220
431 198 466646
432 252 706770
433 241 579833401
434 228 282620
435 126 36966239
436 103 326761
437 229 51209808
438 318 347300
439 285 710630209
440 4 636854857
441 174 835235411
442 53 205966575
443 57 398407252
444 223 691008532
445 206 147956
446 365 88172
447 400 925935
448 382 946059428
449 236 85539
450 104 117841774
451 154 50013
452 368 548922
453 354 951623004
454 248 628975
455 112 246457
456 209 276396
457 366 425061
458 17 675661
459 13 100556445
460 334 144057572
461 330 630112
462 87 509066511
463 137 837722
464 105 303446
465 307 70956
466 11 746064208
467 351 907830
468 149 565411842
469 36 286769
470 209 28327215
471 359 7024318
472 32 764028770
473 306 681493
474 405 43080
475 255 411781
476 334 680263
477 229 856894194
478 142 788318022
479 262 941730
480 146 811364551
481 310 614600051
482 391 202041
483 383 344237
484 337 700560203
485 19 32679348
486 268 253979524
487 473 980672128
488 445 916336
489 200 207071
490 305 457476775
491 191 784876
492 483 780337882
493 122 39198148
494 483 940510221
495 306 387419751
496 385 359357
497 236 33947834
498 311 369669
499 49 84115586
500 7 304474
501 53 837780
502 290 712960
503 427 185789
504 497 36809
505 88 332877
506 364 302239
507 265 622548128
508 86 958015
509 308 867538458
510 216 499819
511 270 196350
512 226 987802750
513 162 511276
514 176 351784486
515 246 536643238
516 62 699677914
517 425 452201
518 228 321590
519 430 888118
520 201 633391459
521 461 286188
522 149 98415791
523 229 727804124
524 305 170337894
525 267 844623023
526 272 655182492
527 294 29629
528 421 782178
529 275 749982851
530 349 386993
531 252 95612830
532 510 266848
533 386 680959094
534 417 7370108
535 354 988632
536 36 26784718
537 137 975415
538 87 674964695
539 391 549129291
540 261 436863546
541 237 258123502
542 294 602012
543 187 303092143
544 126 720274414
545 88 958832
546 394 892001083
547 313 660140
548 158 595933
549 502 235926
550 165 912124276
551 282 733641
552 448 19894
553 58 56352815
554 56 40350837
555 338 446031052
556 234 385874735
557 556 149573
558 532 562757
559 232 904532978
560 131 911610
561 402 197778042
562 77 400703055
563 524 557694120
564 506 377730151
565 455 265993
566 345 746957858
567 551 749522663
568 404 488000404
569 555 461124
570 299 362964
571 91 918750
572 515 722416775
573 308 687260568
574 573 934217
575 422 902332
576 59 299783652
577 160 253201836
578 99 534730355
579 120 383270
580 128 8871344
581 358 729061241
582 147 960451920
583 15 755462
584 216 862858
585 419 363610
586 178 807972
587 318 21924
588 284 507567
589 584 840623096
590 230 192968
591 378 245783
592 503 502519377
593 76 714791
594 406 421806
595 424 337029872
596 192 104153
597 367 848240
598 60 22859
599 582 110457655
600 217 590559928
601 272 477883703
602 287 580628
603 153 598676
604 329 972953407
605 156 91154089
606 592 111424
607 325 95446
608 460 640740125
609 507 860175
610 412 997733
611 268 980048195
612 433 472276921
613 586 236880587
614 196 565882200
615 548 404628
616 83 248569
617 252 648433
618 35 443514
619 193 862928
620 202 360970
621 574 1526432
622 404 40532077
623 469 848469830
624 558 410906132
625 225 473268
626 566 229575
627 354 315649227
628 415 388942
629 484 100357204
630 74 298861
631 393 394166
632 151 970058
633 133 317930
634 54 943058544
635 307 748632
636 634 321644628
637 351 810912859
638 248 161662
639 267 152543334
640 474 507068628
641 626 126857
642 632 569843
643 452 554637
644 165 952414706
645 510 217988
646 58 468621298
647 351 25113
648 397 869104968
649 476 894674631
650 645 746090601
651 650 597295021
652 246 88327
653 34 682511
654 54 448851
655 473 450787453
656 253 999471
657 653 350061161
658 599 60338
659 247 845378743
660 575 40643147
661 165 620982
662 391 980239
663 371 246165
664 165 320812471
665 629 135450798
666 652 331505
667 604 395523430
668 533 123577200
669 320 846803627
670 551 114837
671 368 367132
672 600 646943044
673 585 715980
674 57 335981975
675 369 595083
676 640 108488
677 212 770103
678 513 202560
679 423 714688
680 238 138759887
681 129 850780
682 251 402828
683 496 723196
684 642 222418
685 316 80047774
686 192 319997
687 178 262938941
688 88 388330704
689 322 229388823
690 207 490802
691 143 853484
692 662 44747926
693 631 236920
694 232 817591
695 69 534478
696 513 142095
697 133 719386220
698 510 714706664
699 558 496283030
700 123 551509
701 471 520199114
702 535 663959547
703 116 579990
704 296 734474
705 61 626379758
706 89 974605
707 428 430274
708 389 629499233
709 454 62903314
710 451 997705128
711 519 659458082
712 581 307855
713 533 100068
714 258 318019
715 391 595255
716 393 355947
717 217 850367759
718 81 411380
719 548 235555411
720 227 407024
721 228 454641
722 432 968674
723 547 638710619
724 643 218731
725 433 482552
726 553 102808927
727 510 649041
728 222 698841005
729 136 361923511
730 220 227438489
731 697 51091684
732 640 38607
733 56 238911333
734 405 190840
735 397 177645
736 165 59913
737 33 176079
738 513 251930846
739 598 132807820
740 95 186525
741 255 26210419
742 317 632300767
743 698 404976
744 97 78041604
745 168 703288
746 540 51158276
747 738 459141
748 325 422793
749 45 711662257
750 547 218664
751 584 264546
752 285 845046330
753 558 970263860
754 282 850993
755 231 345911093
756 725 639697434
757 656 357209
758 595 89217
759 173 13739874
760 84 85378439
761 665 504310029
762 589 373364
763 240 720986702
764 313 848384
765 741 904435126
766 693 833433447
767 148 986571879
768 225 503092626
769 145 900555
770 620 456991598
771 541 182835
772 364 930471
773 258 827881
774 447 587789819
775 507 133977281
776 177 774969
777 379 12314366
778 134 706194
779 6 696146584
780 164 259188412
781 84 925144043
782 726 198466628
783 382 417460530
784 211 951570
785 552 452919947
786 612 194256748
787 618 624361198
788 220 987515
789 742 235381
790 108 92467
791 694 365215057
792 610 344871
793 92 282666
794 789 811003
795 470 109816
796 348 807525
797 46 216317924
798 348 938071
799 536 873623
800 17 642331956
801 730 423091
802 195 125330002
803 683 922044613
804 626 872236180
805 114 456981810
806 590 791699312
807 612 198694
808 452 757630
809 212 217175
810 89 929695
811 700 248309911
812 304 563805
813 791 611743452
814 19 708177
815 134 34948237
816 38 599470
817 259 257996
818 46 41741
819 36 591772
820 669 698441865
821 657 233086114
822 684 814279
823 410 431875
824 250 562078689
825 666 647702088
826 770 356748
827 468 424388
828 557 34077
829 299 752546547
830 656 221995104
831 776 542370220
832 227 699910
833 39 396002660
834 510 952780
835 258 103258
836 312 70913588
837 32 675906
838 388 758009743
839 599 359397
840 478 504006911
841 259 359111915
842 409 703051
843 88 191018596
844 527 550500353
845 428 874482
846 59 517329247
847 98 977193
848 369 638707
849 137 224431
850 95 154514409
851 527 865276029
852 210 836929
853 554 696092144
854 570 480963022
855 469 347811856
856 824 447096
857 275 140793827
858 558 421966403
859 584 613019
860 585 57131083
861 194 590667978
862 372 431888
863 746 605459
864 299 275406218
865 720 162323
866 631 624937290
867 499 541497
868 535 304676
869 413 978983613
870 535 461127
871 157 9181
872 160 693992450
873 622 164542
874 717 858347732
875 555 941639576
876 278 254982
877 415 631007
878 797 627593
879 776 966022068
880 136 689397
881 78 564204
882 158 180239
883 527 4364
884 500 939531
885 328 847956986
886 192 608971
887 189 143497
888 194 24884406
889 318 289209618
890 150 533287
891 32 838431
892 492 628260544
893 47 39489082
894 529 52432
895 660 145754
896 303 569120
897 90 540638958
898 217 890083475
899 652 255687837
900 898 332793920
901 83 607152
902 238 337152
903 170 939829
904 422 981768383
905 886 858222943
906 383 285445461
907 526 427890
908 814 709017
909 487 568255663
910 896 516342
911 548 60709
912 732 920517900
913 843 966273374
914 882 79857573
915 670 87249
916 589 833362
917 491 899232
918 201 750584
919 202 128833608
920 515 460441675
921 499 42548
922 545 968251399
923 379 133083039
924 15 968474
925 920 386049
926 798 477212464
927 302 960705861
928 817 549500739
929 667 822392
930 895 627817
931 809 655689
932 423 136240
933 537 284760
934 790 477116
935 258 22333543
936 351 107987948
937 897 548989
938 519 976462339
939 540 177714367
940 66 224334339
941 94 77715607
942 835 730482
943 743 730532823
944 403 517626617
945 222 866818167
946 573 531985
947 893 400423263
948 615 658525
949 21 612612573
950 845 61653922
951 230 522490
952 889 148908
953 795 37518603
954 767 988144963
955 395 726523507
956 172 586995340
957 737 392723204
958 263 971859
959 192 835135
960 161 627520949
961 582 224068
962 247 676433
963 792 157757
964 823 476102
965 284 319878226
966 194 919703
967 565 56995779
968 750 474889111
969 651 310712
970 898 150692
971 341 912387225
972 213 722818022
973 561 725938817
974 358 381470
975 854 769009272
976 346 916647
977 502 148815
978 757 152761
979 708 265309
980 605 269348
981 596 813277911
982 943 832237582
983 235 972539
984 804 669608
985 443 488496
986 721 458482
987 35 156374
988 535 431873
989 328 52615422
990 185 54066489
991 961 558683534
992 91 939780
993 764 627814
994 717 836824490
995 48 194674627
996 127 294174140
997 53 167657773
998 699 984998854
999 310 52254192
1000 684 386136795
1001 418 509372323
1002 98 860840
1003 600 641400
1004 832 874097
1005 435 462501199
1006 120 812603889
1007 194 967022
1008 18 763303593
1009 424 28698455
1010 567 916260
1011 993 79339
1012 85 375129187
1013 661 68697
1014 950 824980596
1015 278 136249215
1016 573 653782
1017 575 97241737
1018 754 19815657
1019 198 334620
1020 523 482410504
1021 615 756950158
1022 371 314613597
1023 650 701771139
1024 88 107671
1025 738 42977884
1026 834 856234014
1027 680 193544
1028 484 758382
1029 432 380887270
1030 753 868445173
1031 466 145784009
1032 927 728266343
1033 437 411476
1034 470 946200663
1035 103 163151081
1036 1022 604179
1037 547 186614931
1038 181 277611
1039 610 371864961
1040 566 231444059
1041 498 350282
1042 220 390588
1043 53 88384408
1044 841 643987
1045 1017 763944057
1046 400 587798
1047 831 577081
1048 667 941592
1049 29 385244315
1050 282 591950
1051 665 538387233
1052 86 848208547
1053 87 771181827
1054 918 578432
1055 761 687286
1056 781 256477651
1057 720 481416049
1058 124 166928
1059 289 772697
1060 221 221709185
1061 787 236286095
1062 815 86172
1063 757 477353274
1064 156 287644
1065 598 865914550
1066 664 905377830
1067 542 303897
1068 118 897040727
1069 908 531407
1070 888 287258
1071 262 302609272
1072 715 580592
1073 944 72274595
1074 470 665711897
1075 889 159204
1076 773 115675219
1077 54 18543714
1078 581 473533009
1079 341 382569214
1080 397 564150
1081 228 468927
1082 746 983330
1083 467 945176615
1084 206 892933
1085 769 354502
1086 318 632623683
1087 592 549750498
1088 796 636582453
1089 778 871415
1090 37 393482
1091 589 826176019
1092 821 874915209
1093 498 287557718
1094 703 834497499
1095 534 533958
1096 779 236584
1097 440 565001461
1098 370 697693201
1099 800 386109302
1100 467 23368986
1101 449 438842929
1102 777 897729
1103 938 402802
1104 479 15380
1105 652 239165
1106 372 909865598
1107 95 381922
1108 248 559018
1109 733 995504295
1110 362 543709
1111 595 563217032
1112 664 676642355
1113 1044 462891
1114 137 480278
1115 473 505517533
1116 152 225228
1117 116 863909
1118 1043 123735
1119 978 651920
1120 865 947687
1121 756 771119
1122 786 730579722
1123 1023 389264
1124 667 352627413
1125 1046 438053
1126 1116 388283174
1127 1096 568701296
1128 918 543564433
1129 113 726795564
1130 19 912217934
1131 929 860968
1132 1127 679750
1133 780 37594
1134 132 895877
1135 681 859318
1136 429 462489818
1137 1086 668623274
1138 804 390829782
1139 732 460211
1140 784 543322
1141 565 562109
1142 408 145630
1143 172 410643043
1144 300 114767187
1145 436 610126370
1146 920 983992998
1147 391 412090
1148 917 251308
1149 294 86850743
1150 184 422204
1151 366 295964
1152 1001 287306072
1153 970 518623
1154 505 783594
1155 945 399689001
1156 777 737639636
1157 677 362072
1158 850 996208549
1159 668 813094229
1160 397 53659597
1161 236 952762
1162 245 184143306
1163 144 42070243
1164 114 630841
1165 660 299460
1166 366 114820
1167 546 74647
1168 763 521238
1169 906 195753885
1170 217 605864292
1171 540 180642509
1172 117 960362
1173 629 780569
1174 547 114278
1175 711 804603264
1176 84 367055972
1177 822 44307769
1178 931 795477150
1179 675 538503
1180 533 507002
1181 772 259093
1182 385 131516759
1183 666 882221
1184 458 36101
1185 792 982989
1186 463 621611606
1187 1143 985039072
1188 302 255565
1189 868 638189
1190 818 275831
1191 360 904388261
1192 656 902354
1193 16 603547320
1194 1070 840370
1195 792 597864
1196 344 558534371
1197 874 72466
1198 972 917565
1199 1077 753724
1200 1090 893805146
1201 561 58164
1202 206 570047
1203 884 59280513
1204 834 861651
1205 308 742626
1206 573 110220
1207 646 923527463
1208 589 61929
1209 627 687705
1210 277 529187950
1211 263 469060591
1212 313 310970502
1213 30 15961852
1214 474 73926
1215 1068 596555225
1216 614 349997911
1217 996 746838
1218 320 321301
1219 103 468551446
1220 78 56835237
1221 1107 340350
1222 900 76036971
1223 1217 982686679
1224 714 250830
1225 894 626235
1226 323 361595
1227 501 816234
1228 973 496941382
1229 684 458279600
1230 162 908322
1231 615 130973167
1232 875 138006007
1233 100 516157
1234 722 172093
1235 587 843927
1236 197 917628743
1237 397 861335
1238 952 325444
1239 775 289825815
1240 764 619231157
1241 214 222048
1242 529 579249381
1243 1074 540438264
1244 603 941556190
1245 191 196279617
1246 397 363190510
1247 543 386593
1248 996 728548876
1249 1144 323567062
1250 25 521578505
1251 171 216513317
1252 164 125142927
1253 380 809930
1254 55 925808425
1255 820 988384
1256 1089 625036
1257 909 731710555
1258 688 816095
1259 670 929237701
1260 931 392656
1261 278 565329
1262 1105 758839
1263 225 556036897
1264 1055 583315
1265 1200 790320367
1266 904 99326075
1267 173 334008411
1268 348 860200576
1269 275 891265843
1270 194 272337665
1271 1230 589838477
1272 829 299808
1273 1066 209023947
1274 936 64127
1275 1237 532087761
1276 1095 835172162
1277 363 9582
1278 831 193817247
1279 790 107382
1280 578 640188
1281 259 536755
1282 709 314312
1283 667 453261692
1284 354 571451
1285 1018 349681335
1286 737 152034835
1287 578 103019334
1288 327 703228
1289 960 863452739
1290 870 35082
1291 3 484792091
1292 1242 656202
1293 1199 562415
1294 707 582175662
1295 1179 403133
1296 449 23201
1297 514 687590195
1298 1227 322211
1299 1246 35302911
1300 926 447073
1301 445 674149787
1302 789 152481
1303 1252 998872
1304 834 873945
1305 674 779770260
1306 123 740123405
1307 871 420598
1308 820 478953
1309 524 676425194
1310 883 412523
1311 734 105575849
1312 844 920463
1313 217 862349481
1314 675 949203
1315 922 133317
1316 330 763862974
1317 640 954165
1318 1170 883327669
1319 178 65297
1320 464 519882079
1321 319 927133
1322 746 518916
1323 1139 77783
1324 1057 256894680
1325 159 283476766
1326 735 656980718
1327 1175 371014
1328 190 799127
1329 797 951197
1330 364 965463565
1331 1310 716238500
1332 342 952162407
1333 828 704645
1334 250 217471
1335 949 656006138
1336 1038 962699380
1337 389 368836040
1338 745 610760
1339 803 891203499
1340 57 90245348
1341 580 96647770
1342 533 313512028
1343 177 279255665
1344 360 457332
1345 759 572655704
1346 1146 201611554
1347 110 671465024
1348 979 553016
1349 1096 269143268
1350 1284 270768032
1351 1084 375296
1352 1158 630098149
1353 122 153174671
1354 896 272582486
1355 196 9540002
1356 875 623694812
1357 201 842440
1358 346 632747
1359 123 133031
1360 309 876368
1361 1260 231462
1362 188 215432920
1363 292 741308080
1364 1255 890509559
1365 710 711766
1366 1115 296237999
1367 984 752632965
1368 1332 527573
1369 1265 655218291
1370 277 779985
1371 383 273418
1372 869 675302
1373 130 627978
1374 253 524111
1375 1167 234651
1376 487 163299
1377 334 849845368
1378 1192 186782
1379 1142 668611246
1380 1167 410145
1381 927 894738
1382 116 224165
1383 1079 219315
1384 22 132174841
1385 573 234965
1386 410 462359023
1387 856 396527910
1388 99 490962
1389 1192 325895
1390 9 273634
1391 639 896754
1392 217 969015
1393 1224 608771990
1394 1033 213533
1395 597 534725
1396 1271 127020166
1397 614 717255
1398 758 593724824
1399 47 411286
1400 1154 559842974
1401 617 353496723
1402 129 734622
1403 76 822380
1404 756 815761102
1405 80 719391
1406 810 71939015
1407 852 123471654
1408 1248 671260099
1409 945 845886165
1410 914 526881003
1411 546 117381
1412 881 295527
1413 922 330974
1414 238 997705191
1415 465 911997
1416 490 351329
1417 1401 485221
1418 578 454386970
1419 1331 708051046
1420 1116 733416
1421 1186 638912
1422 580 211148
1423 388 789934899
1424 418 845154666
1425 735 330411587
1426 1015 718988864
1427 407 180548798
1428 71 116870483
1429 282 58099
1430 1287 697377933
1431 250 610635
1432 178 905932607
1433 557 992433
1434 129 639321489
1435 1011 173974505
1436 593 865748
1437 548 78162
1438 1022 659981604
1439 1425 794606
1440 38 481365
1441 1421 6364674
1442 1161 86142437
1443 795 431406
1444 196 825058
1445 216 782015949
1446 1365 73700782
1447 1049 275940125
1448 943 688502096
1449 1228 11584
1450 1355 464159708
1451 64 805182654
1452 753 534433031
1453 584 78454647
1454 81 167937
1455 247 905003
1456 286 44944745
1457 1077 661792
1458 158 34157216
1459 368 477978
1460 338 20118
1461 1277 564190
1462 1460 774816
1463 1182 526176
1464 1439 386870
1465 847 278918439
1466 85 288489
1467 1334 37096966
1468 999 595264
1469 638 48247526
1470 270 751106
1471 569 111707069
1472 1332 948917
1473 499 959940
1474 1329 91211
1475 357 932222335
1476 1061 349055715
1477 1440 974755083
1478 863 98736978
1479 9 412608945
1480 314 142781719
1481 336 450635
1482 597 184669
1483 1372 869169378
1484 1020 603927572
1485 586 42304
1486 163 227577932
1487 1424 811896
1488 1147 179028480
1489 552 103015
1490 1458 300151330
1491 1462 498127
1492 1087 769211
1493 21 611998
1494 1428 5303
1495 1119 860342676
1496 380 248840
1497 731 161792595
1498 629 11327
1499 470 630950924
1500 824 62369784
1501 1092 251258
1502 1439 987966
1503 1317 532896556
1504 1476 362773
1505 973 933934006
1506 183 638251
1507 638 468465237
1508 195 377518
1509 1417 498489
1510 490 965289
1511 1447 289782955
1512 292 244462
1513 25 195207868
1514 839 536696
1515 345 105515444
1516 790 226789
1517 255 839297952
1518 680 643964
1519 800 43006
1520 271 705624
1521 1336 910356002
1522 720 215692025
1523 1379 749473410
1524 990 570091275
1525 983 355383
1526 1447 265131048
1527 1072 777367464
1528 1234 48294
1529 88 734654
1530 19 1372732
1531 782 609483978
1532 1013 34568633
1533 1428 444676045
1534 42 74723
1535 931 86816
1536 945 475689
1537 10 661257940
1538 1284 599162
1539 1362 112587442
1540 368 289647
1541 1098 792589965
1542 1199 51084104
1543 1017 89056587
1544 490 583606
1545 682 711332
1546 640 348639012
1547 131 881613
1548 1095 800055082
1549 531 444630
1550 375 802939
1551 1216 908507
1552 200 689185351
1553 1326 367166
1554 27 875941
1555 102 112218
1556 767 322457575
1557 1048 128872718
1558 1094 564785
1559 459 365785464
1560 1411 693926
1561 1296 315690433
1562 1488 609641
1563 1425 561408978
1564 1393 82611435
1565 1231 224221557
1566 854 473581351
1567 1256 896894557
1568 1289 194839
1569 1541 152359
1570 880 197319531
1571 1353 150272
1572 1166 92155
1573 702 188880992
1574 905 158659
1575 847 90888400
1576 1119 725220
1577 1574 570957
1578 210 114764
1579 119 48051
1580 865 426438092
1581 1536 712598324
1582 584 665019
1583 415 192082
1584 676 792957
1585 1480 134935759
1586 647 817589
1587 921 405543
1588 514 749650
1589 1413 910440773
1590 691 33454
1591 228 38576157
1592 165 725164
1593 1329 780693
1594 657 893352909
1595 1363 177782189
1596 494 737002
1597 657 194142694
1598 1260 248264556
1599 1248 296803
1600 120 279533
1601 903 711005247
1602 1589 87947
1603 1552 616210
1604 1157 324189
1605 227 959577181
1606 1109 720048638
1607 1429 838609682
1608 1038 12644606
1609 724 579568629
1610 542 419072
1611 466 750203
1612 827 995604
1613 635 282611180
1614 1563 833450
1615 1277 31703769
1616 82 287526
1617 606 485018
1618 1201 296308107
1619 909 617309333
1620 386 437629
1621 283 226280754
1622 870 24037453
1623 1175 566990
1624 683 797639
1625 1388 82601369
1626 1355 70795
1627 612 558874257
1628 1418 670029168
1629 1309 873673
1630 1244 545225
1631 1521 436637
1632 1594 802129255
1633 585 210239
1634 1550 587648
1635 1075 221845328
1636 1046 286409587
1637 1388 50510
1638 1526 519247135
1639 1169 991873541
1640 231 318264491
1641 967 997145
1642 932 775414004
1643 1509 737208
1644 824 753856243
1645 1308 56942703
1646 1022 942737
1647 709 289872884
1648 817 258031880
1649 1353 947021675
1650 151 264798219
1651 1301 819573930
1652 128 488854
1653 1069 594741887
1654 165 643529
1655 611 785720731
1656 631 912247
1657 640 830159
1658 557 173194
1659 28 978067686
1660 1174 980398994
1661 1026 377647
1662 1147 366767392
1663 1199 2928
1664 1641 646530514
1665 481 379916
1666 827 776281422
1667 448 945584039
1668 1022 606247620
1669 597 275649
1670 385 647590600
1671 1311 386615792
1672 1447 381682
1673 1372 172474769
1674 486 565408434
1675 930 333817
1676 1303 729331
1677 886 753688
1678 1049 971016469
1679 316 665638
1680 270 258917634
1681 1210 38912305
1682 1553 906862100
1683 769 534269
1684 1209 553603
1685 1401 207206
1686 848 688157
1687 1540 478644
1688 926 40367
1689 1546 661055864
1690 306 928869823
1691 1096 612825
1692 129 759386
1693 602 858748
1694 408 679838
1695 5 732913
1696 1191 736564
1697 1567 814098
1698 926 924050778
1699 1013 447889
1700 802 69103
1701 611 172344
1702 482 27756368
1703 808 880893429
1704 1377 44701090
1705 1060 880753097
1706 471 355546
1707 957 277097
1708 187 935537244
1709 727 105362939
1710 389 123271816
1711 1252 931312
1712 1132 16131343
1713 1250 577763159
1714 991 70727189
1715 443 857952
1716 587 461357069
1717 394 427554
1718 749 853980
1719 1010 370999
1720 106 31519
1721 365 918263357
1722 250 88821
1723 175 774019690
1724 1714 225169
1725 1116 492621
1726 1598 495985268
1727 1476 188587851
1728 74 943459129
1729 575 930928658
1730 890 360304584
1731 559 647337956
1732 14 215193759
1733 705 972022471
1734 832 841045
1735 635 517755992
1736 525 8244569
1737 700 907687341
1738 782 513505897
1739 72 125539672
1740 703 575993
1741 179 129358
1742 1233 898765
1743 1143 953100631
1744 1513 100524167
1745 1101 888841804
1746 679 981928744
1747 786 283684189
1748 1551 59901167
1749 648 531990
1750 555 981620
1751 1562 265166931
1752 1172 297968756
1753 640 959645523
1754 648 495040
1755 1733 601717
1756 688 12336277
1757 332 459840
1758 1087 224915
1759 768 356413790
1760 1298 784893
1761 231 617483
1762 133 783405
1763 1228 633490764
1764 1506 825606
1765 1584 891234
1766 809 630929
1767 787 89407
1768 1678 607343165
1769 129 715728
1770 670 872837871
1771 247 132130106
1772 399 728276
1773 578 589396
1774 110 536831848
1775 1651 918825971
1776 350 204073
1777 789 181449
1778 1073 601435
1779 1028 131480894
1780 1477 654194
1781 691 173570623
1782 876 615575347
1783 458 55733
1784 1722 370784881
1785 1092 580315239
1786 1300 259252203
1787 747 582234014
1788 833 646794398
1789 1341 318485
1790 51 379326082
1791 1663 289478072
1792 932 7483
1793 692 576045447
1794 63 281561
1795 561 321992445
1796 326 281189786
1797 1390 670537
1798 1535 492775
1799 706 778435
1800 230 806501829
1801 1447 150419356
1802 353 447495
1803 751 497036785
1804 18 903727
1805 97 102628
1806 1156 848062
1807 159 665604
1808 753 39036072
1809 1178 121504
1810 207 501432129
1811 257 436097283
1812 337 488615
1813 998 861274
1814 421 585049
1815 674 15702
1816 1158 635835410
1817 1119 100518908
1818 890 20816000
1819 1268 528503
1820 1345 276497176
1821 354 802453
1822 1364 486403
1823 47 47609015
1824 116 428949043
1825 1354 60987
1826 1098 38542
1827 198 884370744
1828 810 301560177
1829 1013 871803179
1830 30 615842
1831 16 834357738
1832 1352 22541
1833 349 390885500
1834 1756 431262008
1835 1605 814921542
1836 246 718812
1837 689 889206045
1838 22 212938550
1839 1058 488574938
1840 918 101430
1841 1065 756138809
1842 72 122400314
1843 388 22596
1844 882 980292122
1845 1138 2827135
1846 1490 50023
1847 998 797568
1848 780 292763372
1849 99 354049256
1850 1780 566160
1851 157 362424
1852 349 386663
1853 306 152626
1854 257 598401
1855 804 154797
1856 741 146655
1857 1538 77786085
1858 1812 167777153
1859 684 11408
1860 1411 678407073
1861 1121 174203206
1862 949 17683248
1863 744 542813761
1864 211 253401
1865 610 676429337
1866 728 288089
1867 1756 426278
1868 1021 81395
1869 1254 128419699
1870 128 827641
1871 640 705714731
1872 870 308868666
1873 1199 835781293
1874 442 981337580
1875 276 183998054
1876 974 762034
1877 1820 409824
1878 1846 54892
1879 906 562075
1880 6 921947
1881 1071 169678837
1882 664 559495
1883 1030 725581596
1884 1852 980015
1885 827 909336933
1886 282 184400409
1887 293 295336005
1888 717 402619252
1889 3 402296
1890 1307 210530
1891 1062 347193696
1892 1873 119262
1893 1640 780474
1894 711 45726
1895 1784 766062
1896 548 331108124
1897 1831 220411056
1898 834 184563
1899 1387 670670
1900 266 902025766
1901 1279 170587
1902 1815 987556050
1903 712 120926366
1904 1869 14490768
1905 417 493112
1906 857 746812841
1907 953 453317167
1908 221 814721
1909 1216 56287
1910 1460 127918
1911 1054 780584088
1912 1044 702116954
1913 890 737479
1914 1003 99410423
1915 1001 165124075
1916 1325 740978
1917 1145 579417
1918 1737 85397866
1919 1018 298910
1920 63 773529749
1921 875 814794441
1922 603 579917
1923 558 567730040
1924 1695 490828616
1925 1742 570341632
1926 1414 605529
1927 1026 242075
1928 1120 4921985
1929 241 631456
1930 1243 339139294
1931 1823 490289476
1932 1543 928343669
1933 1865 162549118
1934 1174 82006849
1935 1831 705994
1936 768 48889041
1937 1167 992949877
1938 1621 209995964
1939 1276 748899657
1940 1233 221044
1941 162 154168
1942 1754 696853221
1943 1239 849361372
1944 929 515511708
1945 550 187314488
1946 766 624922319
1947 1688 848009706
1948 522 794801
1949 737 134509159
1950 817 237571
1951 1202 941798118
1952 563 91306149
1953 1126 875873
1954 821 402057
1955 1356 351208
1956 1848 17001
1957 370 628282898
1958 1051 781076603
1959 1248 483459098
1960 718 585703
1961 1180 200199
1962 140 849107488
1963 515 733776
1964 1138 882385
1965 1842 254726
1966 472 399210
1967 275 917628
1968 1840 769877
1969 1192 105590
1970 1595 103604231
1971 1739 219527174
1972 370 26937
1973 1079 865393020
1974 907 867969360
1975 1717 746944
1976 292 861168
1977 315 475947
1978 923 783445668
1979 1938 910481
1980 1685 983175823
1981 694 458633
1982 1264 527514
1983 769 647803
1984 832 101900
1985 882 886105656
1986 1778 434427
1987 612 597309615
1988 476 790298772
1989 285 91615
1990 425 895014131
1991 102 733237
1992 1048 85666642
1993 1606 612209
1994 219 800297006
1995 1271 415478
1996 1471 241253571
1997 402 524357
1998 766 434660
1999 529 241180
2000 538 794723
2001 136 546060
2002 1732 875014
2003 606 842567807
2004 698 325320
2005 827 13740
2006 147 859415
2007 318 168501
2008 143 610664366
2009 1100 488607
2010 1439 679299
2011 1336 828779906
2012 1943 872131756
2013 1070 505743942
2014 232 576529417
2015 840 270005
2016 1140 822876717
2017 593 780409230
2018 1529 761728
2019 1546 92703
2020 38 608106669
2021 1513 290377
2022 174 888864
2023 745 569358571
2024 483 908531591
2025 1545 2773762
2026 519 178984
2027 1838 12989198
2028 1912 434597607
2029 623 225838
2030 779 137966750
2031 1031 852387394
2032 954 913015416
2033 506 364606778
2034 1509 149993
2035 516 10229
2036 1364 454241
2037 515 116692
2038 1694 105172795
2039 651 869862498
2040 1252 864423795
2041 558 714672261
2042 270 76713
2043 1177 981953
2044 1464 556919
2045 720 77894596
2046 1074 284858782
2047 183 152219
2048 610 718529
2049 963 22939490
2050 1197 125644488
2051 1294 112235
2052 1377 197773534
2053 901 401801
2054 1627 485459
2055 1749 656383
2056 1874 337640439
2057 618 142733
2058 327 538283
2059 205 651418844
2060 1385 546296076
2061 1022 382088339
2062 1798 577649
2063 12 391912
2064 134 418061
2065 361 143886671
2066 1913 65725986
2067 180 743508
2068 1116 542715
2069 2037 934514
2070 844 647134
2071 781 279754
2072 1387 482432
2073 1414 874260953
2074 2035 15096578
2075 1772 560382
2076 1493 573715
2077 1974 398957304
2078 352 340613
2079 2030 694096
2080 543 153407
2081 591 376890027
2082 1138 599120610
2083 826 538740
2084 1246 518324
2085 189 200260
2086 658 124296319
2087 1655 91837892
2088 1681 153983
2089 1563 622409013
2090 2055 370721
2091 204 786718
2092 1374 327221
2093 1606 42526055
2094 91 49385154
2095 129 898579965
2096 235 721649
2097 93 785198
2098 1887 840770
2099 543 224870307
2100 240 773082
2101 2001 848666574
2102 756 804120287
2103 835 878973506
2104 1119 841634
2105 1041 720617
2106 1742 36184463
2107 2023 645182
2108 753 276638418
2109 1355 207363837
2110 160 217326658
2111 681 78305098
2112 1028 27179790
2113 1091 734998123
2114 534 360110269
2115 1335 460745119
2116 1978 502476781
2117 81 234234811
2118 695 652260816
2119 2099 666421926
2120 1564 890483061
2121 1747 419392920
2122 287 632914
2123 2020 816907862
2124 1869 453087813
2125 348 592756
2126 2075 504936
2127 1073 127746
2128 1907 759259986
2129 1224 298921965
2130 2084 719558
2131 450 616184766
2132 136 177025433
2133 2057 411697631
2134 70 912789271
2135 1903 995473993
2136 2117 89065795
2137 37 626352
2138 369 999969
2139 1918 368976676
2140 1056 71663535
2141 313 527041691
2142 1831 393811
2143 679 412938453
2144 503 311813
2145 1199 717083161
2146 1596 930659
2147 1852 167378
2148 1354 661790192
2149 674 713856224
2150 102 841715
2151 1842 687794
2152 177 696409
2153 851 849002
2154 427 168816
2155 2046 929428214
2156 1838 677371016
2157 281 36428
2158 166 972175823
2159 790 774241258
2160 952 104252130
2161 857 478640258
2162 1297 184969153
2163 1072 463266
2164 365 805352652
2165 370 996613316
2166 90 473962953
2167 2145 694280
2168 1076 233762
2169 1843 762774248
2170 72 480810
2171 1933 602752724
2172 794 374310663
2173 1253 738959245
2174 1287 282722
2175 517 484799730
2176 945 660639122
2177 1549 202404
2178 1937 627110343
2179 1320 693164178
2180 997 170177565
2181 436 535072607
2182 781 482272
2183 591 895259276
2184 1477 77802
2185 1676 438312
2186 813 592981
2187 572 916868
2188 1890 308975444
2189 205 459211982
2190 428 384616243
2191 1510 55563619
2192 1770 530279
2193 517 205169
2194 839 584172712
2195 287 321741738
2196 1276 68044
2197 1394 887722
2198 36 398795117
2199 468 527407
2200 1370 182349
2201 92 534952750
2202 1581 517889
2203 254 886657993
2204 574 735101
2205 1539 799661
2206 1928 78739
2207 591 414211365
2208 786 281840684
2209 889 530170972
2210 84 588477
2211 1846 776260036
2212 273 749653
2213 730 857860688
2214 283 501393935
2215 1628 9767157
2216 328 740073
2217 1343 130855652
2218 881 758110085
2219 1970 819789
2220 1077 436036
2221 1870 557714482
2222 295 123536
2223 415 959730729
2224 2062 386436
2225 437 702592793
2226 1737 283187
2227 321 729007
2228 114 488631
2229 262 23647952
2230 761 437559016
2231 1372 142912
2232 286 623043
2233 1282 826806
2234 866 453664183
2235 220 87444
2236 1526 923391000
2237 284 212837
2238 760 211788863
2239 1523 162821
2240 1463 134026866
2241 1045 301596411
2242 701 8623
2243 1798 306867793
2244 855 962784
2245 541 26059190
2246 129 82994022
2247 1514 183403
2248 1033 88197105
2249 1437 296415615
2250 2046 978561
2251 1307 377897
2252 1592 536502
2253 1864 942311216
2254 413 676418
2255 899 765730
2256 497 239295934
2257 212 105299848
2258 850 545821
2259 530 475151083
2260 759 460503
2261 1373 144909383
2262 2131 830089
2263 1105 878500991
2264 1710 931842
2265 1556 803613854
2266 375 715975
2267 1813 477509010
2268 1141 51557296
2269 1591 184682
2270 796 509375152
2271 583 331453397
2272 1290 241075011
2273 338 351010077
2274 648 632144061
2275 583 138247265
2276 1173 942069340
2277 2248 84474
2278 1607 561062
2279 2155 870713661
2280 2151 725596
2281 141 479529
2282 524 659722648
2283 446 17877179
2284 1158 789878
2285 819 359117631
2286 1066 450867
2287 669 265538632
2288 314 832887545
2289 989 489050
2290 47 542315963
2291 1608 544551757
2292 2051 569709435
2293 2130 730010481
2294 1829 811828540
2295 985 795699
2296 1556 7190126
2297 1389 376476457
2298 1093 76442094
2299 516 802945
2300 2218 797104
2301 498 972412
2302 2300 906781561
2303 1135 154225
2304 1242 189549803
2305 845 308869
2306 207 283413
2307 96 262867
2308 1501 25960485
2309 538 515520734
2310 2111 720571
2311 466 884822796
2312 545 147216607
2313 243 252123
2314 395 371837541
2315 1954 490173
2316 401 264558
2317 2133 695411011
2318 1443 42397
2319 1234 875081270
2320 1077 980732
2321 1704 176258
2322 82 318925849
2323 390 391312925
2324 59 303459211
2325 923 668238385
2326 693 5054349
2327 1608 704880
2328 1663 112998621
2329 2081 939834073
2330 2110 388050056
2331 441 524856
2332 1873 105148
2333 531 825782254
2334 1926 898899
2335 1964 925216472
2336 2111 687750753
2337 888 376584
2338 855 600661
2339 1066 178265966
2340 2262 878493248
2341 1430 668324
2342 670 323294
2343 905 528189690
2344 1260 656119
2345 1046 84723993
2346 702 292691167
2347 625 845566
2348 9 860937928
2349 2085 62983
2350 273 598228604
2351 1790 973670
2352 315 732457
2353 157 854705
2354 421 786517
2355 198 824446
2356 1826 659402145
2357 1284 699210006
2358 1019 498897921
2359 906 209822
2360 689 435392
2361 1953 407352618
2362 2308 383161
2363 1606 982201394
2364 15 284210
2365 2126 835120644
2366 850 303678569
2367 106 426116
2368 137 402312774
2369 2260 575703472
2370 1395 152710494
2371 590 770189822
2372 1472 611016
2373 912 836360
2374 1348 445629208
2375 808 431688615
2376 978 769377962
2377 301 817051315
2378 1415 241361067
2379 2339 300002
2380 1853 71510053
2381 2259 848421689
2382 691 346667955
2383 1340 990973
2384 2271 654307
2385 1637 84221755
2386 1707 443811713
2387 292 887521962
2388 1864 258584
2389 324 228327
2390 521 80316052
2391 2250 55822
2392 2191 153377973
2393 2300 858036
2394 1788 601374541
2395 1088 288602
2396 1332 992614
2397 564 15333793
2398 8 224347
2399 1783 258835
2400 1163 136166033
2401 1319 751729788
2402 1080 629242
2403 2324 749930755
2404 74 965234895
2405 1969 789864880
2406 257 996344309
2407 1316 853305411
2408 1712 86463471
2409 2065 541234613
2410 176 367289252
2411 1446 735582495
2412 1656 779634651
2413 1289 456197
2414 1013 616996
2415 2166 770820849
2416 102 293897
2417 855 120688
2418 735 9177685
2419 1004 896475
2420 1186 469221
2421 1857 411809537
2422 2230 117697413
2423 1978 112255352
2424 34 472281238
2425 302 835677
2426 1575 974440101
2427 814 366945216
2428 15 426978623
2429 424 347108
2430 2079 633624884
2431 99 587697761
2432 2361 416413336
2433 1470 648682
2434 37 536779
2435 457 132492773
2436 714 843492
2437 1026 769043463
2438 352 614960
2439 460 237757925
2440 1654 96606566
2441 1190 118683
2442 1239 217928200
2443 304 805159
2444 2399 427480
2445 1770 174507116
2446 393 662571
2447 2362 11783195
2448 995 100677539
2449 1544 406384216
2450 138 896433966
2451 216 547873
2452 411 599010
2453 2379 496476
2454 627 401368373
2455 530 417032708
2456 1481 896232556
2457 1656 136185089
2458 2455 304824481
2459 2440 233738
2460 1616 308954
2461 1461 302925
2462 2326 728582
2463 1513 679194776
2464 2335 596133
2465 2449 566416
2466 243 816766
2467 2431 726669
2468 1264 892282
2469 501 439590
2470 1524 81979
2471 1540 958236380
2472 1894 976525197
2473 1752 536274
2474 1652 571768
2475 525 894975141
2476 1700 563158375
2477 512 924804
2478 584 139920
2479 1559 527013652
2480 2337 660191248
2481 2207 61471618
2482 1555 301522681
2483 487 884934065
2484 1310 813420115
2485 2370 291552656
2486 1648 705994925
2487 607 327388
2488 1727 867510
2489 1339 85137373
2490 602 778627276
2491 1455 277581
2492 62 754241
2493 1811 560842
2494 1553 840536
2495 1136 518984
2496 1961 680962
2497 1935 618974
2498 1631 928937
2499 913 460968
2500 475 8754118
2501 2276 427507938
2502 2411 654027
2503 932 605987287
2504 2151 693473499
2505 1595 428171
2506 1572 426769
2507 865 127986342
2508 1305 702030411
2509 1761 78976494
2510 1622 323174
2511 1752 371599
2512 2408 603083
2513 2166 199110295
2514 1918 620059804
2515 1669 167453
2516 2510 411556363
2517 63 401362
2518 2053 368451
2519 1124 809872193
2520 230 116884426
2521 773 474662
2522 2033 263905607
2523 1656 591941
2524 1036 128805
2525 910 655118
2526 2241 653884
2527 1110 367
2528 1847 927363471
2529 1803 781871688
2530 2219 873280
2531 2320 647400
2532 2490 342944052
2533 2455 428305083
2534 71 603034
2535 140 695777275
2536 1962 353975723
2537 1741 909252
2538 1416 136747390
2539 234 502439
2540 691 63203074
2541 85 171132
2542 2492 91449256
2543 519 283395
2544 1591 73737
2545 1625 603003
2546 2253 1948248
2547 2412 944039037
2548 1461 887392
2549 1637 308703365
2550 2377 798710
2551 1587 437199
2552 1010 338868915
2553 1656 419028555
2554 1223 67696021
2555 1977 606747458
2556 1948 425203
2557 1575 95095628
2558 1047 478142980
2559 923 3863420
2560 1299 948311
2561 2434 558484933
2562 141 316357
2563 1759 706046127
2564 722 657351871
2565 556 584275
2566 933 847936
2567 1136 740632976
2568 2312 311089006
2569 141 612784057
2570 1495 724296
2571 652 172243870
2572 234 997002305
2573 2018 698473365
2574 406 502300651
2575 90 391705948
2576 1589 184047
2577 605 669525
2578 922 615925366
2579 1887 20545775
2580 59 23993
2581 397 752790
2582 952 647586
2583 2242 305541
2584 453 560668
2585 783 951930859
2586 650 127199
2587 1856 111129686
2588 69 662066
2589 925 469778
2590 514 747186048
2591 1815 281138314
2592 805 781088693
2593 1087 418552
2594 1586 813982030
2595 523 597133203
2596 723 29728347
2597 2343 23154387
2598 563 836609793
2599 2190 841246
2600 2352 553473
2601 2047 800103
2602 1069 997994963
2603 2052 936323454
2604 80 412716
2605 456 661530
2606 1863 915667579
2607 943 330870416
2608 1231 712811
2609 818 301125
2610 623 39259
2611 642 494421325
2612 1148 751903
2613 623 765527395
2614 2455 268932
2615 1732 295477702
2616 773 833815
2617 293 250419
2618 421 538114
2619 1655 919981
2620 1880 187005660
2621 163 417960
2622 245 785715
2623 187 56737
2624 1645 427666628
2625 1793 699558
2626 476 137828
2627 1124 691916
2628 346 875182
2629 842 419296
2630 2139 729965440
2631 892 111264
2632 1981 402358796
2633 999 290830
2634 1538 967436
2635 1323 378298
2636 2357 975441688
2637 1078 273468
2638 592 112908
2639 698 822744
2640 2017 78955928
2641 2229 471745
2642 323 875104
2643 830 133003
2644 2452 327950
2645 1653 81063746
2646 67 753516
2647 1463 20574827
2648 1685 268714869
2649 89 863413209
2650 1896 846147
2651 1258 386509
2652 390 853006
2653 2091 668801
2654 817 436553523
2655 1344 811027
2656 2556 43769
2657 1627 691360
2658 387 388294337
2659 1629 506067
2660 1052 640719585
2661 133 537573
2662 25 21711
2663 857 882301
2664 733 95194001
2665 226 138799694
2666 622 569912
2667 430 597194405
2668 272 333345740
2669 919 942248011
2670 110 984699722
2671 826 582309130
2672 2044 362567461
2673 439 503024
2674 428 460215
2675 2656 931847444
2676 62 187386368
2677 2145 364359
2678 806 118843436
2679 1440 978179087
2680 2571 494958
2681 2142 752035946
2682 1572 197316200
2683 2142 666811612
2684 684 699876
2685 574 508696364
2686 1252 835690
2687 113 6602
2688 1765 311510036
2689 342 853873444
2690 1438 557934
2691 1578 57305707
2692 426 52330
2693 1134 308044523
2694 2098 444132
2695 1014 931354
2696 2501 287305
2697 981 54489213
2698 1200 138140018
2699 165 932502
2700 932 545301898
2701 891 787233652
2702 2544 610762660
2703 273 981772
2704 431 463906
2705 2253 968709538
2706 1580 916503
2707 2637 684819134
2708 964 103559265
2709 1914 576584026
2710 865 269779564
2711 2349 845255
2712 2345 423631191
2713 143 230379
2714 667 68177937
2715 70 234943
2716 618 341224
2717 611 308185783
2718 2103 45449647
2719 993 6319698
2720 2496 172796180
2721 87 310938522
2722 2408 276042
2723 2584 521842
2724 2178 636050
2725 1179 426907420
2726 1390 962593
2727 1544 237596800
2728 1912 491151169
2729 542 900393699
2730 2500 87798763
2731 611 113206498
2732 237 197844949
2733 131 547651337
2734 1935 908934
2735 692 955560
2736 1598 164492692
2737 199 223899884
2738 327 816950
2739 1293 825411
2740 1236 416867
2741 1133 885788
2742 1896 912862356
2743 2047 974332864
2744 2188 542060416
2745 1960 128800
2746 2134 500818440
2747 21 352402
2748 2568 938730583
2749 1231 56002075
2750 1157 387358
2751 2549 474282
2752 2649 521763
2753 1270 812643
2754 204 349451
2755 1486 684472074
2756 1144 583721563
2757 2424 134790748
2758 2564 616478058
2759 204 669453
2760 811 599739434
2761 413 612857
2762 141 69093803
2763 790 998960
2764 1742 933181626
2765 545 612762474
2766 2650 715599773
2767 2491 684669076
2768 2641 3446
2769 1120 258198
2770 1729 958466563
2771 549 13055764
2772 2429 713217750
2773 2100 516414
2774 1603 934658688
2775 1115 352620704
2776 219 446123193
2777 1222 915346055
2778 1757 408869026
2779 1021 278488607
2780 1606 350179766
2781 461 72515123
2782 684 616355128
2783 2051 171114703
2784 1330 836422
2785 2752 748982370
2786 452 169734950
2787 2627 684127285
2788 608 498375016
2789 605 221997590
2790 845 671625036
2791 755 109524
2792 803 663202020
2793 206 112738
2794 1338 397153207
2795 235 632789688
2796 1142 684349
2797 23 427290
2798 2621 660342
2799 1816 523824
2800 2009 725680732
2801 2712 228377019
2802 1368 855635
2803 1698 327137
2804 1628 61044
2805 696 155131001
2806 1095 471144
2807 1806 21047939
2808 812 879288
2809 1579 33683517
2810 4 963050418
2811 2613 641263
2812 2031 986098
2813 2743 66132374
2814 2193 748820
2815 2370 222175699
2816 2497 966735
2817 1656 254343
2818 1850 886802406
2819 146 587490
2820 253 713259200
2821 1459 973717229
2822 384 332765202
2823 995 912442841
2824 2448 173801
2825 2343 22888484
2826 2418 517331
2827 439 445803828
2828 822 809985060
2829 2352 609391
2830 2703 916576762
2831 1627 122584244
2832 1450 514959216
2833 418 392042
2834 554 580864334
2835 56 90512603
2836 2576 380081479
2837 2746 520969330
2838 1673 398367
2839 2690 708422
2840 370 53528
2841 697 482652
2842 843 435304119
2843 306 378039
2844 530 154512234
2845 240 133276856
2846 1973 135531
2847 996 880957760
2848 1195 396020858
2849 113 9364991
2850 2706 245635
2851 2609 873311
2852 2752 341342597
2853 740 204373
2854 179 870898
2855 943 719004
2856 1702 989323018
2857 2126 461017740
2858 2666 806082
2859 2739 449115760
2860 2826 22359658
2861 2386 106068
2862 2739 119923
2863 98 341684987
2864 343 585138589
2865 2113 845257864
2866 2508 656714514
2867 2541 539524698
2868 2047 959128
2869 2739 487275
2870 868 347928
2871 2693 801832
2872 1056 799927
2873 480 382059
2874 2386 728108558
2875 68 826983
2876 1008 821640650
2877 2620 354617135
2878 871 320465
2879 217 100259
2880 1357 577417
2881 1685 175076693
2882 1283 334377511
2883 63 969197
2884 203 94237013
2885 1647 814203
2886 1 686450
2887 2883 266148235
2888 397 469033
2889 1092 24011
2890 2460 908997
2891 73 654141
2892 2884 74535991
2893 2599 128584535
2894 1346 825006
2895 2448 31064608
2896 742 665812402
2897 2047 100198482
2898 1759 984818
2899 1320 246120
2900 106 875880001
2901 63 72723
2902 292 454848
2903 401 780012
2904 1533 95670532
2905 1687 997176518
2906 99 122443
2907 2708 459423160
2908 1585 61551
2909 2896 620387
2910 1167 80903151
2911 1858 876492518
2912 1185 316059
2913 2494 670779
2914 186 486034010
2915 354 485237
2916 249 808817
2917 2166 94298015
2918 1702 359434
2919 964 3401331
2920 2045 590407486
2921 2166 756666
2922 2241 959817
2923 1740 673659
2924 1878 48438670
2925 2767 46712
2926 1151 8710448
2927 1537 700922
2928 802 93266686
2929 1921 325764606
2930 1945 4345201
2931 15 549963
2932 1652 559269
2933 1251 483369984
2934 1197 600542
2935 765 323818
2936 1479 90695
2937 784 592443
2938 2016 439076476
2939 386 654521
2940 2373 391546659
2941 113 331023
2942 1191 372787863
2943 1527 229728
2944 791 821649
2945 1612 204789742
2946 2344 214390
2947 1756 118319261
2948 1832 395607641
2949 1790 693216
2950 2750 744260
2951 1721 551311723
2952 821 311532
2953 874 147609
2954 2856 361712
2955 1483 710087647
2956 1174 718365
2957 354 473496265
2958 1175 158673
2959 1067 348941
2960 2104 525483565
2961 456 395592352
2962 952 104772850
868068 650068 463792 378844 4521 982939 603133 225710609 604405 144991 542760058 756691 587291 148803 408160 459033 153061 511461 436413 943443 653130 99361931 211101 160338 24833 836255 905717 620430 168156 678402 558510206 600179 323542737 752326 901913 209586 948545582 857862 26911 862782 689515 956297 965668 440283 554446274 618638 459999 269629 205679283 847061 806790 396292 788023091 242960 259855152 450739627 471683 230291 875575 878737 112625 434129 193720 595927 293604 393097 165329 674262 857255 265156 996029 397765 302720 23254333 498769 969906 472206 130781 529934789 900285 554243 122452 970448 87692 207344 466858 786371 228529 343093 615426 49057 758699 345143 862105 14584 608241 112638 265768 998846 152483 497206 457482 472209 531000 186331 722781 716338 783959 714501 702750 578421 280328 207720 122627 293572 152800289 935970 218255363 594118 349974 482324 481466 69676465 715759 630155 1961 600512 346720330 583962 814856 278088 201864 971533 231458 413407 811247 572566 17037 349581 605515 572326 957212 79879 277513 45681 664685 922476 128065 579254 900946332 245500 217681 990997 587364 782568 46764 704115 110335 204695 657923 235613 437932 942656 494389607 149430 673980 886294 677387 186309 682080 530927 219908 689291 483050185 857621 210466 458592 239881 4411 508014605 416379 302238 439678969 779948 755515 758068 262962 148055 350312 97352 712770 579347 874391 358679 989626 215908 434865 297787 704545 834235 858603 286870 422938 248702 973057 342583 711298 841812 581266 70453 550486 636886 410381 831254 916661 259422 514865 964176 881588 232573 829837 973475 394334 422030 729069 97184 257244615 598092 329667 533090 727806 928779 664910 752746 259567 458801 801152 667731 110223 978784 201215 533629 553219 848542 534836 426308 642211 970072 234426 942683110 466396 417391 855065 393266337 390110 13253863 491612 52811 887452 899090 180647788 786055323 135299900 862294 416905 78097 653644 875176 422839 212478829 156255 115772 535514 333875 903365 715748 424038 650368 264744 967934 935444 238484 762221 217398 391563 183882102 345232 788475 808898 346367 914502 788307 585289 781119 714359 178501 628016 660326 102840 951746 122344 197637 455620 375714 602315 569219 669855 732922 639996 878785 336405 930904 26492 64537 203725 649935 643753 717201 511830 965564 125139 36812 198267 151015 943641 635984 656516 550182 575438 997544 480582 297183 737791 496548 707924 385018 89566 224357 102126 162583 407917 304290 198897 146034 487057 565387 786010 47636451 536209 935215 599069 870054 12205 897119349 463922 214521 579851 274695 806521 76740 123969 583399 229981 933118 105785 235198 985606 448289 964326 39517 463862 803889 950253 596731 303553 865842 512991410 919094149 335179 87779 200545 719645 295475 335380 188501 345254 191378532 863627 664775 454281234 190077 592360 930805 676330 438150 248377 812161 758579 142821 162054 336259 181799 166862 157857 62245 628047 142824 4225105 506862 435075 553173 674046 626726 705715 318161 499206 610619 522416 675509 723023 278359824 187882 547166 341289313 891549 628109 514827 927401 512915 259082 120362 419929 98633 749283 365154 318650 949486858 878342 948431 794553 407222 517051 69078 649996 509000 114608746 91187 347202 420804 958601 420545 351650377 744467 941852 184645 186026 20542757 360049 161903135 563894 802179 867128 87566 201234436 203771 834465 50255 502829 408578 315494 482400 786287 314688 557618 389314889 329723 951964 452042 194499 412489 804590038 183989 112709 927945 784833 802997 565921 970059 112319 106030 383348 59904 445249 865081 947046 716262 633615 313011 115820954 476097219 418624 861114 148517 788324896 258145 993731 332163 701111 997083 388026 24576 9123 533701 793406 661632 177947 226184 202543 102356 898421 661324 841720 657835 608777727 249524690 833490 935598 253175 672662 655419 148783 160665 314992 241251 678966 236423 957480 37729 547995 211514 560198 334399 858133 156207889 593594 427144 336523 335306 323925 852698 916770 620572 835272 991439 491506 14645172 845520657 627365 401153194 853082 594127 530017 758589 113768 656075 510977 543879 100382 432346 197983 273927 860535 787448 880018255 260588 814675 929744 860686 405786 910363 728257 579214 688923 584179 274096 886876 19476 226780 371592 253509 573269 75772 769644 475018 522188 130460 875520 424562 427938 624976 72397 482055 875219 481275 632023 652698 671586 442314 170235 988721 397017 678138 206245 325767 49817 215653114 780083 726422 916776 656813 126701 821632 948449 485760 697278 397996 896877 652256 253033 877087 917118 939619 801361 6126 925952 687141 461301 138540 3357 230244 147878371 194636 560103 694861 507205779 56868 473643 374057068 200057 637379 156847 758379 192407 866998 556134 358230 23354 969708 541268 491201 562596 123758 884451 267735 179105 213753 37437 268858 520919 744026 242083 582127 444427 692860 992685 608866 959320 846610 840426 329727 268079 388809 486569 960063 437516260 653434 207770 397698 814509 814503 686654 799128 214307935 565390 529050 809381931 198014 479452 945993 982636 901861 797878 798045 668557 83282 878583 863489 600965 744586626 32962 168324 785142 570891 523287 762293 10449 339898 625878 10293 583969 47355 662726 547009 235593 731329 149230748 412968 218093 412470 189473 632765 639858 734540 392814 462879 834886 664505 885913 109383 886152 270647 306566 958729 361431 398886 236022 661241 46665 47819093 828521 559169 275074 148101 58060 148277 785105 410804 372225 127784 953685 341946 977269 834639 220999 561122 163537 236612 90992999 419953288 625725749 514009 370000 303476 763109 177010 87544984 836204 465209 816697 298974 767274 978763 38820 50035 177157 867555 19537 387228 142181 168874 791079 193515 839472 649874 10480 67505 381714 933968 609204 239351 287343 386015599 43656 374813 745578591 903031 427723 69641 719525 500504 152873997 419898 552989 616203 714046771 984893 917916 207812 111509 860399 158416 415748 401981 261218 464285 364664278 421135 750735 948222 553405 335622 589001822 922334 704532 802562 40632 295707 384820 59097 825813 985683 931423 680564133 446296 183929 888885 403013 474333 908259 339789 341972 35860190 211825 486779 303784 470734 645798 799221 169795 466659 201770 462736 707164 395063 905902 629669 371266 938717 862776 39957 495097 502460 147875 533877344 305467 574517 951434 66879 680817 476553478 143088 778115 538548 855577 129039 858339 319048 987187 486709 291204 340864331 472181 342815 477095 14452 514325711 659725 217345 317586 211701 894333 876076 133092 7962462 502507 781098 593955 359627991 974893 318228 534548 727965 950749642 504442 749033 908711 582021 773732 498015 437698 156247 908727 117845 118205 194342 813420 505988 638789 658562877 375423 536489 991494 942425 293500 66170 352318 779120 919976 659871 248439 64498 249347 280247 46630 304512 723930 977067 595036 777764971 184267 648123 774644316 502503 836607 415555 95093 484853 238843 592647 695918 739383145 15205 707546 407896 939824 976188 466052 97286 377428 410329 395854 642917 111069 736819 73844 520792 221129136 594283 331170 45344 110209 961282 29663 793269 502484000 350446296 584949 934825 509637 421548 575310 184637 779644 324496 292419 157624 296741 260915 623716 459252 714497 635396 296436 862532 834132 348469 98147 779500 638857 127333 789070 200633 843038228 54874 649304 850375 555462 161518 651352 748159 408633 794174 683625363 622412 700521 828551 814807 951614 632570 937248 529362 901778 369633 727448 167962 338797 929692 433954 843989 676799 503029 46931529 82491 780303 446631 806404 25048 766551 504196601 237060 845107 772313 716223 506452 902037 346379 225986 695874 233676 151163 890834 933049 918812 835490 283621 639576 486514334 303560 488301288 271333 963200 835909 711438 225030 41367 701564 903166 754330 997633 612053289 554134 153230 631510 174311 850551 39216 961406 2269 13361500 36556 158292 768484 301559 603049 93479 292172 30069 91638289 302382 852152 727177 712340 641616 196354 723101 864986 874599 59795 637207 483074 674212 627745 281725 148446 619317 468302 740485884 515680 325725 750672 387198 194334 77925 644265 658039 232909 141053 116187 545513 620837 227210 797387 122082399 641555 203958 706471 252943 506599 96583 234047 697485 965639 6714 322805 467702 396438 380532 258626524 812808 230330 376352 170466 367259 596857 238592 746366 124752 658119 651612 959856 767951 783665 185758 431702 678389 99136 333428401 95610 416462 160644 629259 226640 829023 13908 818427 893075 620137 793377575 175779 407708 598041726 357219010 233899 469392 950249 676000 611275 26918 356562 410254 204397 45938 20598 217781 910732 555593 251250 699825 904206 902821 265250 536143 903565663 45750 378397 728619 306954 659741 997652 908322 518454 512314 852982 57919 204917 555534 266034 133634 56158657 9480791 54415296 637522 914647 341840527 813649 510353 899864 574857 75303 309555 56754421 741915259 152387 472880 840019 91860 653452 318736 583330 901610 929576 671932 172498 894519 583354 26180 438113 665220 108213 642763 167475 336611 607975 639228 658918 807561 449923 716891 642105 810549 351148 336131 476970308 289215 20791 576310 478166 236995 342545382 164528 893388 256430 881147 863868 314850 293986 793635 962580 526024 975553 59381 72408 521670 254457 628323 695618 656798 113879 544376 984765 344471 990104 774074 778191528 431149 330541 844689 433412 819949 829769003 60445 96750 504386 709374 824606663 590027 891247 54593 562369 109637 666372811 610275 550460 152774 192308 160786 940716 668740 497266 552107 273824 258398 772856 862466 564248 457579 981302 138929089 236022 751785 931842 237542 664321 363589302 827926 666229 426019 598897 602791577 600650 311250 391856 930701 228042 76111 648256 651710 179314836 700836 485134 401855 184174 203696 600143 678283 823061706 118153 213383 927018 780657 969840 282526 991391 512812 326002577 230160 108493 804159 593209 457536 924099 824439 174662 405770 365565893 852449 22477 286063 154028 734149 10553 602877 946689 784713623 560548732 675235 518864 1237 273178 50030 224734 582219 683028 18668 371101 28185 67782 974083 741022744 642857 346851 86030 279938 584880 527314 921488 75888 584154 515138 729220 129372 914358947 515991611 432548 886372 608625 398756 829587 106832 107697 189821 846267 217746 598208 954888 699082 148157 437877 554249 866940 900030 304048 626570 758670 749088 435471 701132 497652 811975 909281 37591 468673 125664 423164 578403 909256 109127107 667655 865969 234259 530141 841860 308642 277742 799747504 253917 417333 316682 909260817 241011 358699 76305 970925 549705 213928 203589 420784516 910860 978614 506413 796263 103907 87765655 193688 574174 614556 501528 92966607 893182 183215 303280 130980 52205 898668401 860672 988399 620928 444109 332934 607843 585270 941464 49018 902162 305624 383982 874433 934972 742056500 69962 555957412 518183 910768 145607 343906 200395 351989 511864 845870 287485 297314 894866516 277419 809005 583646 346636 511161 833339 22799 803828 565170 687079 699822 143085 323445703 827037067 934143 737278 684953 773437 849304 7987 909015 168017 83791923 158175 629249228 858920 876390 6129 241971 710340106 782258781 848623 816618 670691 821423 950773210 170173 963390868 703304 683859 70961 811121 360076 395886 215561 127456 155219 601968 754133 288466 915323 237790 49070 344289 749084 101934 686632300 463906 13467 545505083 622598 96449 834121 778712 662364 674930 148387 417288515 727887561 215711 826353 733096731 184170204 701286 657479 833364 899437 141807 855690564 779957 788318 306205 796202 672976 307146 129737 592308 531013 488924 880193 958163 895232 346343 93315 406684 347711 997150 386394 659570669 265570 178813 196765 457032 545605 248115 585074 108224 124723 808395 376474 367985267 522433 514890 109790 901132 82697 881493661 680084 213165 566160 351034 57001 40743 308835248 199842 206674 473564 577827 760682760 256248 111985025 118792 939454 712709 568640 68721 180716 997155 671710 309707 349693 994725 774853 173216 437955 837876 441590807 948263 750429 174992 641889855 517846 816945 390065 168449 124046 675505 638232 93784 549165 342118 65414 15975 583723 820188 140770 471423 145197 522732 902377903 527443 572118 255637 901376 622364 549782453 686945 320239 600504345 568929 183091 63057 348731 158551 674499 190611 352449 50021 360527 344691 941312 883393 990132 627106 406534 442627 788488 972945 848788 577883 575702 997300 841769 565524 944453 813909 877644 758817 219763 946122 556323 143357 167313 781032 99170 471909 614071 41064 397447 283587 717683 631661 965823 903758575 380713 484223 355098 216610 106191 520420 5311 845604 598347 117252 804476 296910 210295 220672 662365 43418752 446815 752445 47379 588627 81782 294222 856190 196834 929101 138064 297442 637091 137041142 999536 762860 298177 772370 574036 365192163 245734 331002 750912 112928 104835 693328 456611 929260 451798 640044937 579525 7726 686065 806611 274148 954088 263392 418032 330101 306101 166783 730755 382497 611931188 736578963 716783 216776 148581 869566 960652017 765430 21577 766710 2489 402664 950665 724424 555693063 693926668 125244 230684 820571 573568 327413634 257461 410327 75842 61684 842673 112820 320145 160075 908956 8430 347725 853578 148168 142257 505882 523919 610092 934616627 439674 336939 5259 206663 874314 258293 489891 874225 464398 637390 974710 153673 31992 864358 609094509 830213 79883 378764 28044 523003 492704 696255 453553 468832 193538 576223 617278 815559 865743 275538 983544 388497 4419 948312 575209 280433 899070 7678581 316169 641018 487766 280249 688827 830341 860612 304766 374774 872122 611352 701636577 872514 502288 484126 792257 973697 799979 682177757 31070 906470 484364 702742741 895156 350525 237669 146720 831325 714722 6357 745931 609378 497246 220918 750690 14682 289477 939074 184280 401604 707701 582826294 228607 587949 174013 919534418 882786 681238 974000 765421 799334 807351 31362 276449 790751 376611 498078 357292 918550 570477 780234 123592 618754 141541 368842 534448 366958 159873 796483 808797540 122275 909505 95724 198886 481921 771775 136156 210374 863723 392529 969589 265435 566671006 874528086 638740 242950 732242 561903 30303 715098 867120 356710 150558 762595850 123308 578138 191661 378896 701293 879130 939671 189439 836279 174081 252184 149910 78744 977613 346934 471536 814046 988478 722765 743402 917192 968004865 986703 713388 306800 340722228 80584 711874 949124 486331 679634 976253 20135769 866527 765685 768076 762185 558437 875200 815723 507236 843670358 334036 695379 312496 319295 858554 671047 303463 355427169 178162 289444 756402 818110 150345 261848 980846 668820 642458 323114 602309 46054941 208714424 903725017 390073 568653053 131206 367234 378278 540436163 374918 70138 808549 306761 843562 512097 16718 873255 509937 544624 421110 756980 247375 170755 999416 605215 218314 304301 556209 98950 633226 701001 517358 297627 600563 598161 849188 710859 955010 480790 67106345 88029 711403 159382 332727 621126 342479 650205 383941 112445184 133535 570070 407276 324199 624057 57199 182565 894580235 735330 200379 825558 283629 955980 803572 236819 568408 70530 227481 450943 125780 974587 579755 526073 391251 446982 393028 859029 156973 934514 946744 376276 623844650 335401 692799 304048 535477 667295 50115 500680 569358 891571425 47731 86819 381983 756597 128483 347414 276219 90109 683295 26471 310500449 952462 769131 732345 229578 968183 639504 158673 342493 597686 666347 907716468 984201 954727 706263 612554 423306590 176830 90688 353583 124605 331459 874713 415384 310023 644796 869808 848220 382878 505920 845125 528607 780895 477672 334509 926501 776788 724270 360233 365079223 235648 360516 808373288 918128 240464307 356634 800119 262106 555617 637827 997502 996735 837528 271944 821467 8088 782822 145212783 974649 330996 21576 781958 478847 698853 148100 557863 354499 760572 981032 819536 366512 744992 678341 870977047 747487 206896 632797 33507 658949 619368 96422070 649470 502502 713039 205331 778498 796183 113933 888971 105727 87654205 125769 683156 339478 691679412 523124 616062 519955 940282 607385 741657 476800 125932 311515 364946 886454 831183 355744 208412 673581 616056 815712 195731 420983 986441 617265 960651 682056 620929 56537 406688 129303691 534281 206996 255651 342857 531494 703164 801973 869760979 553439 7684 209691 647971 864181 4516 672190 878949 328464 830389 538221 574475 115934 474296 446556 255400 679605382 127238 309689 888675 571107 337054 560280 254 259157 742123 493375 858312 153578 261041 637330 793226 752396 621039417 578897 25388739 597553 272666 302887 264233 871598 11373 910971 63668 959160 44761 32066 900405 560310 201538 633518 6779 163413 484699 217350 487576 404889 877920 593550659 839932 502619 444910 654229 909453519 928433 653356 564461 516872 960739009 873572 561964 874245 520996 654950 574981 889796644 730602 418198 276427859 647188 428120 829882 449022 576334 934047 940249 910243 622117 348526 404648 124812828 339733 925668 556782 748270363 377768 928351 150431 619598 855057 487719 658076 118121 236504 880577399 486321135 830485 311808 233765 411529 776465 561579 394655 418534 474718 519605 380407 359109769 744155 658921 867325 149216 672474 29996864 551197 9030 260806 100607 283489 144522696 40345 946982 243258 278534 261635 323216 483051 527051 809691157 260818 294751 556281 807108 814388 128161 78117 548821 425183 713034 654385 739609 229332 746694 753299 40053 350225 449111 895117 648239541 278178 988479 940802 25456 580254 146761 953299 44668 331626 525226 213860 722421 184184 129018 147542 49468 832711 905007 273509 969831 563684 10295401 245702 48181 548636 681714 472880 133340 897409 846834 930751 720804 283925 922354 524507 414396 860632 348818 378771 807552 439051 492904 149872 158983 980627 649361 482530 799642 678931 712927 67134 5216 931029937 269220 400834 96194849 395110 663829 451897 167899 864295 74868 877256 894215 538784 729519 106075 555270573 354616 234273 856380 39798 623514 532438 181251 231758 29632 641359 782280 909002 287584 512341 227912 319401 642637 96890 948102 693139 716197 889055 147434193 463597471 610189 225530 823850 164944 428313 894708 262185 409160234 999888 556336468 719073 711324 425700 376988 129771 585142 62369 861451 2183 587607 605014 326050 782274 712171 476141 470303 998038 561379 268557 664456 885893 140094 34894 600160 181983 152324 985728 729649 651872 905730 391189280 996008 972102 767139 69525 515563227 898764 481258 220690 442113 562060625 62244 107415 643167 494947 844381 624919 806078 243650 826170 732133 991193 385304 25991 898610 523733 710466 947625 632683654 664592 319274 208206 424868 52033 753117 874593 862734 683656 219814 191908 778323 29090 384385 476041 734671 591521 348164 716552 79813 659800 677533 65679 704435 741994453 249 505059 459 664574 974814 350286 97734 645692 931369 316191 166686 230221 288397790 950244 738185 970444 811573 101667 752081974 515431 907600 102240 67887 188160 179294 221400071 950650 409395 70311 222666 828311 110620 570259 943929 857851 320221 911088 549620 401296 225193 709849571 837946 715826 688708 830031 923164 55613 445848 934843 26017 734548 669322 885161 973741 490730 38617 670126641 765455 475018 796260 967979 255197 834140 794613 527681 1272 371860 624760 984201 779594 837301 732459877 468616 287821 302876 477401 444670 518083 910503 176790 767069 360177 904491 563446 498755 178793 624332 436512 203032 998242 310090 414418 916016 821926 998866 154448 592242 527826 92352 191785 182410 461489 997037 873995 608387 882903 175587 75873 810119046 831693 468426 217033 209277 157309 925204 267349 320230 305742 398483 946678 856004 34691 600842 478222 888012 962067 346319 254613430 24581 62639 706017 186868 725142 725121 297263 130127 280067 248954 624868 313554 435084 406817881 605990 672043 409868 940926 128807154 404565 759583 899612 858056543 223810 730929 149112 91367863 923646 3322 964268 263890 691354 270639 762183 132417 344450 97097 403302360 343736 512227 171422 975010 450202 123179 232434 824902 48170 700196 329471 463643 949381 407220 138444 216635 343603 280812 504706 864304 642357 517128 784642233 403551 140997864 57484 647614 802991 58659176 651931 541890031 212624 221306 984311 826436 55291 278354 330637 892532 852978 519410 462733 152181 235371 72386 68914 237272 29471 248244 527007 571118 678902 892448 471199 280177 398337 591924 160236 294410 67661 335030 78472 146244578 525207 863170 958660 809077 762091 350472 220075 650838 500169 626564513 119754 643810 847983 76540 445664483 935345 249808 792405 389296 346949 38603 404147 42416 303520 446983 315561984 977145374 514235 385969146 242183 278571 911675 874804 796300 138515 512018379 290985 486088292 756536 269295 395248 137615 28054 969174 797232839 910662 491997685 15601657 681643 985402 419137 113398 286138 719199 358282 418116 114223 583279 91039 452479 158943 811516 726645 428632 41078 564428 164518 412139 934505 694073 769014 752481 822490 22391 38635 95995 644063 967070871 420822 627345 533458 121460 441745 39768 383865 89558 262335 128936 479771093 13206 670999 793450 353734 243327 265438631 544249 676657 648278 902755 306029 904823 573971 67851 907267 258807 892906 46943 906897886 843608 329858 682488 150495 154225 447474 320475 187858 584855 283377091 840378 889819 590636 263733 587928323 288884 683761 774727074 167040 947129 180040 610894 827580 960676 