2910 2910
2 1 28970446
3 1 141237745
4 3 999885022
5 1 439319318
6 3 689236132
7 6 831121
8 2 195564029
9 3 375952
10 7 69213429
11 1 956019
12 3 726328345
13 5 761894691
14 5 351896467
15 2 949895
16 4 53292169
17 16 591467946
18 4 726347124
19 16 529309631
20 9 678497877
21 8 360345943
22 12 884068040
23 1 117056286
24 5 154045476
25 9 128095225
26 1 843613
27 16 218182
28 4 282420
29 17 761108
30 6 143923175
31 4 780916708
32 21 459337654
33 24 628622
34 15 469876416
35 13 962626
36 18 76199
37 8 617462727
38 2 232788258
39 3 691429
40 21 425044
41 3 234329
42 11 839057079
43 19 460314270
44 17 228314583
45 26 480371961
46 8 124790431
47 27 745023
48 38 777539
49 47 226845539
50 37 697829698
51 42 237886217
52 11 39713878
53 35 849433067
54 20 964811390
55 45 618636880
56 22 160106954
57 34 80673563
58 25 837191
59 7 241272935
60 45 8312
61 4 649620
62 4 580201
63 21 133678
64 44 480111354
65 41 182251589
66 61 912501
67 36 369188
68 52 420020665
69 54 198973
70 25 14787
71 13 207320
72 59 11348
73 55 944922826
74 7 49515737
75 71 371592
76 64 935276568
77 72 681286
78 65 84892
79 62 329239825
80 61 328589742
81 14 788659669
82 72 70865091
83 62 3502
84 23 775855
85 23 793819
86 13 192489391
87 58 346912
88 49 239212731
89 11 824943878
90 11 591185
91 71 838694225
92 11 458994
93 71 58199444
94 68 109388
95 9 320296
96 60 763816
97 9 14174
98 96 857243
99 96 899091
100 19 529126924
101 54 197350
102 51 449295995
103 2 322773018
104 67 514209
105 92 327715
106 3 370663599
107 20 507015654
108 31 897390
109 11 310485
110 38 578435
111 34 34085
112 29 523740453
113 89 956509984
114 61 843282663
115 16 567555
116 9 895310
117 11 525538730
118 67 399112104
119 106 459970768
120 36 411266575
121 92 848964350
122 118 734242
123 104 358922635
124 64 642889
125 92 598259
126 43 731957
127 18 592859978
128 91 657339835
129 60 34895
130 104 564399
131 117 81367351
132 74 635188942
133 62 137385
134 96 383439
135 79 292291
136 68 247557805
137 41 998117
138 88 619563
139 13 141962954
140 111 12760486
141 125 386402
142 46 693310
143 95 60219
144 43 415018511
145 13 724156953
146 70 292846152
147 48 916234
148 119 955927642
149 99 951141710
150 116 626457142
151 88 938542082
152 94 359857466
153 30 386261
154 36 700816801
155 29 379589
156 114 745210123
157 84 854134747
158 25 404822505
159 75 138508
160 102 551711122
161 76 805606519
162 97 401788
163 134 642708869
164 104 802437
165 131 78435598
166 150 339587113
167 96 437689
168 144 568204260
169 24 23402156
170 102 922777843
171 12 153306938
172 105 802758540
173 52 606445
174 15 447079
175 29 359341
176 57 930159310
177 88 79509
178 5 566704
179 69 306120003
180 109 611898
181 92 250352
182 5 836178025
183 88 495567318
184 178 8366
185 59 152363944
186 115 433947
187 101 175820959
188 43 751806128
189 185 168342
190 84 468957
191 123 172534
192 129 699334
193 54 829203313
194 188 856516
195 87 762155
196 191 513918
197 99 467798
198 32 383372208
199 189 251038498
200 63 206129
201 84 709705
202 111 784829366
203 104 170112
204 84 235500
205 101 721931858
206 27 738413
207 4 3404649
208 157 135662234
209 29 539730649
210 32 349821
211 71 613425
212 38 422280
213 82 254030
214 74 133790969
215 148 550422
216 41 580123025
217 54 272274
218 59 706262775
219 160 594005
220 88 150680170
221 207 500364
222 83 921624
223 124 665739
224 85 668483062
225 100 643310
226 39 514274542
227 68 819498
228 67 4271
229 10 424313640
230 32 653551773
231 118 220050
232 11 554130807
233 226 360338
234 126 53862
235 193 485075
236 127 554105
237 139 573327599
238 81 871924
239 6 289723803
240 69 758321858
241 69 664966
242 64 997177505
243 88 719113559
244 35 340896
245 167 32659
246 94 960120
247 183 481520533
248 247 5957
249 134 289755
250 170 58095160
251 98 916985
252 9 435785
253 202 796836
254 167 459711838
255 118 180853127
256 188 246288803
257 94 135309178
258 91 547597310
259 49 298964616
260 183 897730134
261 231 324154160
262 69 988061
263 140 285865
264 31 226950430
265 153 492446633
266 211 963635
267 15 506698
268 20 115802700
269 240 477455
270 4 423388
271 8 632556
272 64 895255
273 112 282661771
274 63 709229
275 234 631558944
276 180 830101
277 195 911592
278 240 437551
279 188 480951
280 12 736196504
281 218 323107405
282 281 34059
283 27 885612645
284 79 646189799
285 189 659144665
286 137 245429143
287 135 853550
288 231 283375093
289 232 423847856
290 169 407247556
291 95 882598
292 278 558200177
293 155 160103
294 250 624977879
295 186 708221
296 86 568276452
297 228 668824
298 268 41216
299 84 273801170
300 107 307161
301 95 79259
302 199 482706963
303 226 97263037
304 113 989673
305 214 666259
306 201 155770
307 211 230356
308 103 583404
309 136 667015035
310 124 761350739
311 19 927102
312 46 396241827
313 137 174010
314 138 397447369
315 296 724920945
316 228 534430147
317 247 401642
318 272 383297
319 52 64536989
320 13 355635
321 59 601272725
322 176 908649
323 171 130428734
324 316 561684
325 285 240479
326 141 576012
327 295 118431805
328 141 619119
329 27 14510
330 97 354312
331 74 928990716
332 15 59195
333 26 797437911
334 27 4256478
335 165 14836852
336 27 249711546
337 217 486619378
338 318 179433638
339 276 831562566
340 87 543767
341 248 97547
342 142 474760853
343 250 238496497
344 317 285923323
345 37 101502665
346 59 712033
347 27 877233670
348 196 489748848
349 53 665824
350 349 427478326
351 137 659242168
352 133 672318
353 308 190784
354 197 569713
355 252 333817
356 53 61544570
357 316 267147891
358 214 292763
359 274 870247587
360 77 733048944
361 80 156338
362 128 96214244
363 256 312622554
364 103 550823614
365 63 706901
366 114 669152
367 16 22481
368 264 993392
369 59 590108283
370 218 644282865
371 180 608636
372 190 238237841
373 78 786352
374 113 762435
375 215 670092
376 259 345076
377 14 970050217
378 117 558357575
379 362 655448
380 180 912506948
381 30 199487
382 137 119619
383 316 516736342
384 29 505248561
385 41 856761
386 176 814516
387 261 545557
388 380 637058355
389 278 603166
390 50 320790
391 194 557735
392 46 523910049
393 228 323366305
394 154 745533028
395 192 419542
396 160 404759
397 127 802363469
398 260 439727238
399 236 714135070
400 111 13646527
401 236 676670625
402 173 847072
403 69 846530288
404 99 53977101
405 335 967737
406 178 957488
407 122 545661
408 47 609769
409 331 942867383
410 66 770497
411 299 45675478
412 238 977477
413 33 74509
414 58 568350
415 193 572996808
416 113 538683517
417 147 81647
418 65 205862461
419 3 747474417
420 263 572628
421 216 808310
422 232 58082
423 319 702131658
424 152 390937
425 353 769301036
426 37 108180
427 413 294983
428 46 320148
429 359 36258360
430 130 898205
431 107 295450
432 52 278732361
433 106 925121
434 260 272572452
435 285 613578
436 296 173645975
437 73 404090
438 19 55202067
439 246 293887690
440 93 157105
441 34 656983
442 148 18913439
443 124 729152
444 377 722423565
445 411 710408
446 366 528168992
447 103 772452356
448 82 509004
449 33 628374
450 257 284528
451 156 770080254
452 247 621496926
453 417 267904267
454 153 571721300
455 72 639775
456 413 268171
457 336 302071640
458 279 438176926
459 205 312206
460 181 590058
461 306 176368028
462 50 927234
463 438 53819146
464 401 635445
465 106 567047
466 323 550955
467 174 980552
468 184 614032
469 129 912412725
470 102 991754
471 104 715169443
472 469 815289153
473 309 252575
474 387 412443
475 9 329260957
476 380 248653433
477 205 560898269
478 418 972062
479 362 234452
480 442 797187
481 80 706553453
482 268 246485
483 435 876725
484 304 851658
485 364 735316278
486 318 825080
487 186 599248603
488 450 599418
489 380 264279
490 268 52059958
491 121 195942721
492 306 338134
493 390 487254009
494 301 936431877
495 268 363577
496 95 824371
497 473 221776
498 118 30909473
499 298 219068162
500 184 652489
501 475 762443
502 317 61693294
503 281 780642
504 98 608349098
505 56 312991
506 166 103690699
507 429 413953509
508 192 364535491
509 478 89146668
510 100 610845900
511 321 711456380
512 504 86643
513 147 216168802
514 407 348708621
515 470 216050
516 489 94696343
517 87 437103
518 406 563581
519 486 361821
520 144 388062
521 99 676867
522 388 915472
523 456 523181834
524 238 811700
525 505 507137
526 146 809336
527 97 905479
528 263 57006
529 181 550550231
530 210 205032526
531 446 918573
532 20 249952
533 407 283169
534 151 878003
535 255 371300470
536 150 213717
537 127 578170592
538 356 647965
539 199 843297744
540 489 162533814
541 160 442586103
542 503 128961
543 72 603535
544 381 591761
545 494 613159
546 279 704194743
547 411 130437386
548 189 885337
549 409 473272
550 217 775321985
551 277 840938
552 396 601201759
553 185 201150097
554 123 111035312
555 501 365791
556 435 781521174
557 71 312454722
558 164 258327723
559 464 741076
560 372 285112
561 387 952750585
562 234 348771
563 9 42318
564 299 139652760
565 261 12593861
566 217 200728
567 221 18107646
568 28 988617055
569 183 659356524
570 430 568642588
571 50 430920
572 224 946892
573 479 160193
574 221 538553
575 443 426463908
576 571 161120
577 485 718938
578 539 420972
579 444 853272
580 335 896650870
581 1 924693573
582 440 83387911
583 422 184667596
584 487 366227
585 375 122886299
586 38 595531
587 95 913964
588 389 162379898
589 8 114447797
590 357 910346
591 537 444659095
592 323 68674
593 475 493156
594 87 195799
595 212 482443
596 424 69202490
597 193 294075855
598 241 190428
599 57 548419309
600 238 450198079
601 440 935192265
602 264 364220514
603 266 241116
604 413 461302
605 111 8699
606 472 236510032
607 164 229011
608 541 776612054
609 484 904114
610 305 80899102
611 248 347803645
612 95 387789
613 319 143891034
614 250 130307548
615 196 740011
616 265 816410332
617 108 226228
618 327 199453951
619 123 564705
620 548 23178815
621 176 64235
622 178 276123
623 361 798553826
624 221 760413
625 92 96837
626 319 474888316
627 270 717890
628 173 941079722
629 107 335504
630 619 605130
631 209 111055672
632 530 63081909
633 153 786620138
634 77 175771
635 80 368859
636 201 632686
637 500 462630753
638 38 256474
639 358 492154
640 27 102469
641 518 793821
642 521 500928
643 84 229762106
644 199 314897
645 153 566734713
646 371 502426438
647 457 881144932
648 113 922668
649 407 429861
650 625 790846253
651 327 999401
652 229 197801
653 397 772210
654 429 953170102
655 462 383224741
656 646 284173
657 229 356739035
658 569 386788
659 410 720134
660 622 645719963
661 164 980828
662 264 792793725
663 150 347462
664 479 177628410
665 146 414554
666 363 780799502
667 7 107906612
668 400 182454
669 454 705861782
670 355 235919
671 105 323252047
672 276 117331835
673 382 446665
674 513 433444
675 223 908800
676 250 976900518
677 155 222594682
678 475 548068524
679 252 591837922
680 345 354683
681 166 494583
682 547 905482022
683 588 555384
684 333 887476
685 164 436084
686 279 495152
687 228 490350
688 106 599441
689 356 44052
690 68 440030487
691 608 350784
692 282 862213381
693 3 148739
694 560 733839450
695 526 482339
696 59 430154280
697 283 51678701
698 427 37473522
699 16 593066
700 362 582086
701 557 592859
702 201 983605799
703 340 889324721
704 214 800799880
705 544 613984
706 186 820483141
707 537 75988930
708 183 3611917
709 154 867510438
710 40 111910225
711 442 724967
712 186 9815770
713 79 74295
714 294 34248
715 394 95053826
716 240 132631
717 488 673195514
718 282 270110573
719 473 605442734
720 351 701690521
721 272 509377
722 324 655038721
723 92 295773
724 93 50057306
725 82 357710065
726 504 136872
727 21 745442844
728 490 938202
729 679 649881
730 487 819291
731 628 971612546
732 91 763990
733 109 107206273
734 79 422904721
735 17 927165957
736 61 153795
737 193 886264221
738 322 155243
739 400 746654811
740 535 272786
741 51 862257
742 279 426745675
743 364 668154
744 656 432385
745 689 227502
746 679 19019608
747 608 844681
748 648 889937462
749 260 147565
750 121 631598
751 519 450306935
752 187 97338
753 547 12602
754 89 248337822
755 17 41547525
756 678 510451373
757 225 874487
758 93 808503
759 232 177575860
760 713 585787565
761 361 613072906
762 336 71109256
763 611 462473405
764 747 137279622
765 554 633747
766 509 967537038
767 336 893075752
768 465 292195478
769 171 138987387
770 583 938658618
771 372 733504
772 6 243088119
773 336 666342
774 648 274273
775 658 593727284
776 649 104997
777 724 243455
778 11 87468696
779 19 159951
780 376 492911
781 360 658201
782 41 468926
783 721 338817
784 167 473229
785 98 188428
786 33 957578847
787 722 860798596
788 199 197786656
789 706 574012963
790 317 143152281
791 202 926509
792 465 793347390
793 571 752267
794 10 444917
795 107 171438449
796 57 999384812
797 638 168913
798 294 163097
799 477 71266004
800 572 848249564
801 194 405604
802 732 477108893
803 719 930070755
804 477 825462
805 671 204523
806 776 241227477
807 377 107531
808 240 216885753
809 423 313340907
810 513 376477857
811 21 904533
812 623 288461983
813 708 469575
814 684 841816610
815 348 562190746
816 456 465057
817 808 320000
818 55 866951
819 496 514056347
820 455 675560
821 12 193771916
822 357 803901
823 548 157540850
824 534 607493270
825 107 414880102
826 299 132318937
827 22 246171
828 219 477875
829 205 141285
830 434 154955
831 399 558352
832 77 343039
833 97 649456
834 368 864557
835 811 346746
836 674 615846
837 803 932797112
838 678 541081027
839 663 501374319
840 758 200930
841 594 199226797
842 476 985759288
843 818 318948818
844 557 152714404
845 188 910849880
846 473 348280
847 227 522753
848 139 995278539
849 234 796785
850 511 133361
851 334 748254
852 120 851277
853 86 573473076
854 607 114768360
855 750 587627364
856 418 129834142
857 179 449825018
858 304 507999
859 423 65067130
860 47 818869667
861 812 596282
862 183 450535655
863 827 11209716
864 785 829630
865 265 691609
866 155 298499
867 212 425298
868 793 654386841
869 729 769152412
870 692 499627186
871 786 206900725
872 349 829872
873 257 187502
874 338 34310
875 786 383798
876 526 920268353
877 448 418234172
878 504 283351
879 419 832079627
880 332 403
881 502 177346
882 731 393139187
883 500 995699101
884 85 420699841
885 169 969750
886 410 781654531
887 436 107426906
888 871 825802
889 8 300612
890 366 137270763
891 206 370300
892 203 162388988
893 146 6483333
894 436 348069544
895 185 924293029
896 857 264877
897 714 808121851
898 298 32007072
899 281 155267
900 100 50569193
901 723 244822
902 284 110326
903 376 842722
904 647 953752050
905 849 72860
906 655 444833
907 229 599506622
908 153 997373
909 847 585995
910 97 835546
911 311 650621
912 712 171656
913 263 128108
914 715 585210
915 546 253423131
916 199 390165
917 43 303513850
918 434 569746
919 30 696774
920 907 626012
921 878 103840
922 371 436371968
923 348 5703
924 563 803851
925 807 366301351
926 750 773149106
927 405 498148
928 663 579212139
929 188 821387074
930 287 316526212
931 824 320943538
932 532 723184203
933 632 259772055
934 305 554742396
935 892 117254426
936 125 626865
937 274 667728
938 856 543209928
939 14 55894789
940 891 146500
941 862 671965
942 267 800719390
943 816 324838233
944 845 962513
945 67 687461
946 918 685103510
947 158 433990455
948 243 203873
949 530 78422322
950 811 964344
951 377 510298
952 653 817973
953 475 330115014
954 620 701848
955 680 398216596
956 558 544666514
957 554 835013
958 153 977838367
959 764 153729
960 495 722616617
961 335 89000124
962 651 702113
963 221 529057
964 463 314481
965 959 630281419
966 378 42537
967 572 560031856
968 596 299939
969 200 650095673
970 44 859674
971 819 636592
972 334 876867375
973 748 212018361
974 958 246169
975 324 907410
976 79 213871
977 515 565999902
978 385 427353
979 537 503732987
980 730 933551
981 281 698340441
982 840 138447
983 505 891230107
984 478 264222587
985 379 523885834
986 618 445422761
987 526 605225
988 266 622863061
989 568 555960
990 438 232608
991 759 68311718
992 745 571274840
993 755 240212
994 335 384246
995 182 111292997
996 616 32515
997 884 344301
998 637 677007797
999 851 388981700
1000 201 763132083
1001 508 41731
1002 532 683096913
1003 175 646461
1004 874 912942933
1005 141 894093272
1006 941 307720902
1007 576 181392
1008 91 141392596
1009 978 772817
1010 406 759179564
1011 649 353843
1012 65 156251361
1013 16 461992111
1014 315 480097
1015 843 351788
1016 133 985962
1017 142 559810
1018 115 782474528
1019 665 128286
1020 396 289206194
1021 18 458508
1022 671 317548210
1023 795 216101178
1024 15 836830048
1025 146 423908
1026 177 988128649
1027 878 163973
1028 996 916211
1029 352 585660
1030 389 236878
1031 324 177988
1032 644 465640075
1033 68 702032757
1034 733 230163
1035 179 978900024
1036 344 815741279
1037 85 69727
1038 314 359056
1039 217 695661
1040 294 192748
1041 163 106627
1042 592 385433
1043 117 798068738
1044 909 108087292
1045 493 929249
1046 103 747547
1047 62 692877
1048 754 864082038
1049 522 892009
1050 860 819619
1051 158 623130953
1052 520 611532
1053 48 781407
1054 659 240043
1055 947 253014366
1056 239 334319713
1057 224 751196879
1058 802 316770477
1059 963 420654092
1060 937 1744491
1061 734 652398340
1062 738 709939515
1063 409 701166701
1064 260 710446639
1065 1039 624002
1066 563 148156941
1067 714 793619
1068 159 410469
1069 340 717715148
1070 715 436829
1071 814 905457
1072 419 125913
1073 182 553361
1074 778 556112345
1075 922 996787
1076 333 592568
1077 241 141627
1078 729 587257138
1079 567 846524276
1080 815 47608
1081 276 75741091
1082 542 990855
1083 536 226327850
1084 663 94825
1085 194 716506
1086 780 622595
1087 83 486961
1088 1045 680694373
1089 451 262694
1090 365 998256
1091 180 520972
1092 591 600640491
1093 1070 873383
1094 311 616580202
1095 1046 488268613
1096 552 132764
1097 1090 829936093
1098 547 345100
1099 131 828525
1100 928 514783008
1101 600 516191
1102 1040 958502
1103 613 106305209
1104 403 376780
1105 928 745429
1106 181 401701
1107 915 969195905
1108 647 708595918
1109 1004 623961
1110 474 407661
1111 757 170055
1112 195 441728504
1113 506 286611
1114 257 232586257
1115 3 906754
1116 880 867954
1117 9 619786895
1118 173 227128
1119 943 770302356
1120 797 746086447
1121 940 369149608
1122 961 573343
1123 617 544306774
1124 1052 264715868
1125 968 857741
1126 826 651552099
1127 792 115916175
1128 606 38548
1129 228 357357
1130 508 710473
1131 76 629030
1132 245 723314
1133 314 297371222
1134 443 228779550
1135 528 362527
1136 459 16647
1137 436 630557805
1138 595 853249
1139 305 186751
1140 442 314247
1141 851 83271
1142 358 720211
1143 790 633153125
1144 777 796632693
1145 229 407326732
1146 806 57625700
1147 709 50605
1148 601 929032941
1149 467 915410
1150 895 925555175
1151 933 140176225
1152 491 49461
1153 147 521651012
1154 896 29098178
1155 177 385697569
1156 23 529975
1157 1131 419609
1158 259 84667471
1159 367 355492
1160 482 599309
1161 920 496060481
1162 1085 352498093
1163 841 748759
1164 707 232576402
1165 365 460166623
1166 410 627671241
1167 374 130657758
1168 217 45317075
1169 192 484574
1170 1099 111584
1171 800 412710
1172 497 560009927
1173 675 605543
1174 807 195058
1175 308 395350
1176 422 887402436
1177 595 799138256
1178 1110 772204203
1179 747 863497278
1180 218 3702
1181 901 673085
1182 1023 1770795
1183 545 742465
1184 53 520223
1185 117 438778
1186 449 78034578
1187 115 303774075
1188 994 825294317
1189 351 361370
1190 520 176364
1191 1087 35818
1192 936 858242
1193 523 975276
1194 998 268230
1195 698 848161204
1196 33 478616
1197 788 57011078
1198 846 360174305
1199 253 859722
1200 291 315604
1201 246 246562
1202 322 14353932
1203 972 337599153
1204 387 384681
1205 119 468454197
1206 478 298663159
1207 1143 527471233
1208 102 60916
1209 375 488319
1210 299 344998501
1211 1049 523628974
1212 682 488751245
1213 300 269581182
1214 337 801525333
1215 19 382011
1216 202 134815865
1217 645 93737
1218 970 673443
1219 780 764973209
1220 730 341506
1221 620 642529371
1222 277 394387295
1223 1139 684222
1224 747 590278406
1225 1200 677336845
1226 527 600279
1227 428 847310
1228 1076 529797413
1229 747 611615
1230 775 441219
1231 186 633126639
1232 369 453008
1233 802 947022
1234 348 990751
1235 1028 38724
1236 828 419091941
1237 869 972304858
1238 765 858490
1239 606 837734
1240 48 989804
1241 842 577972962
1242 198 135655554
1243 849 762876698
1244 648 846348821
1245 779 387939
1246 1106 785969393
1247 697 323871
1248 16 681338
1249 330 34303
1250 686 599879
1251 573 771477
1252 683 457949590
1253 667 873396
1254 589 506055
1255 556 329776
1256 727 67273869
1257 54 778054224
1258 1013 760420
1259 1240 238487427
1260 796 672150803
1261 634 618935
1262 919 833032
1263 997 29976752
1264 839 655043308
1265 167 372876
1266 647 104874011
1267 301 571332
1268 285 963306
1269 1092 630410
1270 440 215113939
1271 522 371406358
1272 1129 519384
1273 928 748762949
1274 826 833303
1275 79 113476708
1276 1061 267747
1277 745 25491583
1278 791 306427
1279 573 393190806
1280 1107 374338976
1281 60 476999685
1282 619 643338
1283 335 361914
1284 895 923398
1285 1149 504183
1286 1142 719310
1287 1111 470836
1288 504 80044040
1289 1034 996210180
1290 426 358157002
1291 1155 631850455
1292 1282 831854639
1293 66 80590
1294 909 155393192
1295 57 63645
1296 232 52780
1297 1091 41290481
1298 1211 280553541
1299 157 219470
1300 602 712867
1301 559 647940
1302 556 462511
1303 527 377889
1304 601 278694443
1305 834 951162
1306 564 889375352
1307 774 873406314
1308 41 216780312
1309 1014 204094
1310 1109 323356
1311 1148 466654
1312 206 431569
1313 1291 144878
1314 287 238291
1315 266 630426
1316 770 439707929
1317 1079 143063397
1318 1168 202972647
1319 705 656917
1320 650 819022
1321 297 653477
1322 610 962773
1323 871 248806634
1324 978 592900
1325 769 475102
1326 272 937718
1327 251 613682323
1328 18 886682571
1329 756 312252
1330 775 996817
1331 72 514730
1332 944 918415110
1333 777 83555190
1334 308 867439
1335 338 949537
1336 501 70251
1337 329 476740
1338 278 59934614
1339 1275 95672682
1340 716 83290827
1341 114 674981
1342 1170 192084897
1343 642 516613
1344 857 6830546
1345 313 727590
1346 1080 686778
1347 640 914376
1348 1050 265864
1349 915 792934
1350 706 419699425
1351 1049 955767429
1352 210 56890130
1353 264 263533508
1354 16 759042602
1355 599 652710218
1356 1131 399783981
1357 345 386208
1358 633 512059154
1359 1223 72432428
1360 16 399247
1361 107 354023
1362 334 851884
1363 621 200056559
1364 745 887635
1365 427 526209
1366 138 594598
1367 829 413695
1368 325 836947567
1369 1178 453358828
1370 762 477677
1371 726 804205
1372 440 930733
1373 19 636783
1374 1277 255948
1375 1199 55170581
1376 707 867658
1377 959 411105122
1378 1044 110703583
1379 742 558926
1380 812 489532922
1381 1260 913368
1382 199 388590
1383 1153 256788
1384 530 387107057
1385 531 646535
1386 816 186162602
1387 22 801512304
1388 1058 244698
1389 1131 239525888
1390 1261 788823
1391 522 862911655
1392 683 231671767
1393 1201 264462
1394 1199 233881928
1395 382 257369007
1396 80 741670
1397 199 21795
1398 698 298489280
1399 1010 590452255
1400 866 480546016
1401 640 987918
1402 1340 184439601
1403 420 330394232
1404 907 163026
1405 790 565505
1406 1043 971866
1407 1002 901324
1408 992 302422741
1409 1377 736140
1410 5 379601
1411 1030 85122924
1412 1256 649048156
1413 138 193359
1414 1367 487174746
1415 672 864245887
1416 511 6021
1417 618 282991680
1418 91 725557111
1419 423 460432302
1420 289 713325
1421 1388 923071813
1422 763 43959
1423 439 869909
1424 49 475976030
1425 670 89178000
1426 551 739274534
1427 411 740072
1428 401 55782322
1429 349 56727689
1430 5 759599
1431 1328 28135
1432 652 833168097
1433 1036 18419175
1434 334 29920114
1435 720 960982
1436 1200 700365508
1437 1383 515411
1438 536 283647
1439 1219 335126
1440 289 947632
1441 237 827923
1442 1285 183240
1443 1312 239603
1444 783 67897155
1445 1226 726955879
1446 20 418392
1447 145 944981557
1448 1178 131386
1449 1255 973576172
1450 485 240632563
1451 191 907647557
1452 1345 261721
1453 796 893176585
1454 808 880764755
1455 441 589532413
1456 758 590364
1457 949 889194
1458 150 619216
1459 1201 842276441
1460 394 12379900
1461 996 364246
1462 633 174472
1463 1394 784343535
1464 572 138395
1465 513 28105574
1466 141 989535986
1467 1320 843972452
1468 822 986889644
1469 1367 526865
1470 956 217651276
1471 431 358017271
1472 1266 557228351
1473 386 961634
1474 812 182580572
1475 719 779845038
1476 827 467293
1477 567 437211
1478 1154 915578
1479 321 835446
1480 466 227091792
1481 608 369498882
1482 1137 538512
1483 784 790760719
1484 1412 197117108
1485 841 950087
1486 497 51201
1487 1191 526908
1488 667 6922121
1489 1004 998660087
1490 645 696652173
1491 676 709225
1492 1134 39068
1493 936 428940
1494 1060 493518928
1495 849 961567
1496 61 687821
1497 5 421490319
1498 680 704275196
1499 1456 274126
1500 1450 461211103
1501 1430 326088
1502 757 589994
1503 1000 261617310
1504 457 246263643
1505 408 11635
1506 596 772717
1507 369 377380611
1508 1118 527823
1509 261 984984
1510 617 730164050
1511 957 39583
1512 19 792654952
1513 1150 469780919
1514 1142 64110
1515 1338 788565
1516 537 529664526
1517 360 45190385
1518 590 496384
1519 1098 590186780
1520 462 415755
1521 599 241898
1522 1277 470529
1523 906 758961
1524 85 989532066
1525 404 770446
1526 647 736546
1527 1334 863824058
1528 152 751093923
1529 105 471966181
1530 1409 629649
1531 149 684621
1532 1462 580995902
1533 1340 255108
1534 1269 811920
1535 1122 899213691
1536 776 820921
1537 790 681766
1538 809 160328830
1539 351 548433706
1540 77 515134
1541 1274 111504790
1542 923 969188584
1543 1353 708649030
1544 346 964065133
1545 1240 116272021
1546 1308 827374
1547 989 273997488
1548 525 297661
1549 206 901316554
1550 1 767557070
1551 141 103051
1552 1438 962833947
1553 747 643198630
1554 1512 103657131
1555 863 436679606
1556 127 740994190
1557 569 895314279
1558 1127 701540
1559 508 189456118
1560 604 589525
1561 203 651094264
1562 1491 273677205
1563 97 477891165
1564 513 535687
1565 564 527343
1566 618 150217
1567 218 667341693
1568 1274 360048
1569 485 610520
1570 740 868553
1571 969 560107
1572 1240 488256584
1573 530 486658
1574 643 47129656
1575 88 788104
1576 1038 161786307
1577 1068 506012
1578 185 361023
1579 59 798633
1580 1029 15372
1581 68 199699096
1582 1110 560745124
1583 744 943124353
1584 270 748533
1585 239 107759922
1586 560 971959
1587 1120 963169102
1588 135 816187
1589 784 691929
1590 1063 824960
1591 793 194643
1592 1178 494831
1593 1259 937751
1594 587 251170
1595 181 866411
1596 695 258153591
1597 248 271513615
1598 1218 622019078
1599 458 350426380
1600 1347 759095347
1601 154 981656490
1602 1497 234402459
1603 1485 57014
1604 687 565264764
1605 769 840531052
1606 840 226316
1607 521 252206223
1608 227 46209
1609 383 622719210
1610 1077 230632622
1611 167 350013
1612 249 719033578
1613 309 602004
1614 1146 155787
1615 387 626175894
1616 121 481590220
1617 848 281508
1618 790 80140
1619 559 339772
1620 851 636923
1621 259 543668117
1622 1248 883676
1623 123 37630
1624 807 896845
1625 577 979892540
1626 1072 696888
1627 753 650883
1628 1515 734374
1629 277 998812
1630 579 885761
1631 638 556172773
1632 1008 246192044
1633 507 296910
1634 667 29729483
1635 1414 685173
1636 1411 63753
1637 187 145677521
1638 35 362428485
1639 136 162756
1640 1425 934193
1641 520 278273926
1642 569 743382
1643 1425 849902566
1644 1212 514905
1645 1252 193374
1646 1389 372450
1647 503 858680579
1648 590 157080
1649 524 880506371
1650 914 130790513
1651 235 692141
1652 329 366983326
1653 670 345101
1654 1123 64264
1655 151 902881273
1656 669 279032
1657 420 87493
1658 454 654046976
1659 508 645154487
1660 1606 24487276
1661 920 192137
1662 1144 29707
1663 1060 722066066
1664 410 298451
1665 206 232542289
1666 1361 708749130
1667 1539 593247
1668 868 54490
1669 278 835338680
1670 1056 1452856
1671 687 562343236
1672 1511 212356910
1673 868 224930969
1674 866 357495
1675 83 32042
1676 1119 441687
1677 705 478294
1678 1250 172575157
1679 1015 934990526
1680 551 854898555
1681 1674 121307127
1682 866 369413
1683 345 476885066
1684 376 16143
1685 1181 875351
1686 1664 113620949
1687 17 631996847
1688 636 672691056
1689 576 296583
1690 1385 935764569
1691 646 813329708
1692 404 23432
1693 521 102947861
1694 381 514122946
1695 208 335581
1696 1550 283442597
1697 960 19835365
1698 407 971811
1699 695 423
1700 49 402113051
1701 1150 358205
1702 616 954545
1703 1306 28048
1704 164 893726510
1705 462 70125973
1706 292 492593
1707 658 569537369
1708 403 440777752
1709 1070 81604
1710 1393 289114
1711 656 645018
1712 836 847547175
1713 1640 568264924
1714 655 54053516
1715 942 297469
1716 130 783055
1717 1267 797467
1718 1699 761238
1719 1702 923767
1720 343 475730651
1721 1305 737964
1722 1702 372476
1723 1046 334152638
1724 818 636630613
1725 54 7321320
1726 68 827306
1727 1068 117292427
1728 1433 45709221
1729 1230 865033
1730 138 133655977
1731 1257 591874773
1732 413 273663
1733 1468 681085
1734 630 250065978
1735 109 540938690
1736 716 183635
1737 996 590948991
1738 947 51561957
1739 1263 756676746
1740 1665 874352
1741 116 981249
1742 341 809193397
1743 696 361985984
1744 1181 967353762
1745 1515 917280948
1746 409 440931
1747 529 876236777
1748 953 354984
1749 1634 560917524
1750 833 632098591
1751 969 410706
1752 983 920553112
1753 1411 585975451
1754 44 108023921
1755 1528 29843
1756 650 510717465
1757 204 714640
1758 103 344590232
1759 1117 494791486
1760 13 197821
1761 277 593327643
1762 1191 107734
1763 1265 931056017
1764 146 871403
1765 16 51727808
1766 1688 95385124
1767 28 795526
1768 652 148340842
1769 1086 283526911
1770 1307 822539
1771 1374 988319198
1772 500 421355
1773 564 554868
1774 1589 54943210
1775 1280 811473415
1776 280 27589238
1777 532 234381
1778 585 285997
1779 433 405929246
1780 1053 572907
1781 1314 534935
1782 269 891403304
1783 1298 947711566
1784 347 350121555
1785 1043 601014
1786 412 780177210
1787 907 612410
1788 1438 987344
1789 420 783596
1790 1539 649865590
1791 896 320158501
1792 1406 176525235
1793 322 244319646
1794 134 865337984
1795 1213 459601
1796 291 130517
1797 1376 414091649
1798 889 868971
1799 1096 224063678
1800 306 589905
1801 570 989808085
1802 125 435494
1803 1613 756052
1804 850 527618
1805 1753 128191269
1806 393 591498
1807 775 119978681
1808 1390 863955265
1809 1389 807093434
1810 1775 920587
1811 1475 540101354
1812 351 520147
1813 1374 211541
1814 747 29527574
1815 1210 221036426
1816 1148 492445219
1817 1159 575414
1818 1781 387542
1819 1376 494836525
1820 1535 303845081
1821 467 978092235
1822 1406 428040278
1823 1412 193626643
1824 330 86356371
1825 359 753149553
1826 1206 532237
1827 106 413576862
1828 424 412749
1829 447 308751
1830 44 397876220
1831 569 513614784
1832 1826 926757524
1833 1058 832698901
1834 1781 498815
1835 834 631366
1836 1363 757293116
1837 147 710119468
1838 38 727758
1839 1593 195520
1840 930 952178982
1841 24 967755220
1842 1119 443066
1843 1685 239132549
1844 1441 160054
1845 808 931212
1846 1026 80560760
1847 400 926863338
1848 852 835213
1849 730 998872993
1850 1330 172695536
1851 1505 129665816
1852 1575 96971611
1853 1392 748520604
1854 1102 382870864
1855 1470 876666
1856 674 182495
1857 1842 121730531
1858 503 834147
1859 761 967977
1860 1692 265594
1861 247 818697650
1862 234 163096666
1863 157 428463
1864 1202 850802327
1865 517 904427024
1866 886 194912
1867 1367 757329
1868 1350 997977
1869 1051 705765
1870 899 994049675
1871 170 411519711
1872 1061 334032
1873 1235 574711738
1874 184 612306964
1875 722 781206
1876 995 207026
1877 815 513448
1878 802 840021
1879 1341 5129
1880 694 791261129
1881 808 848511058
1882 658 699890003
1883 1274 670754502
1884 681 503544615
1885 1461 70480723
1886 1047 684098416
1887 255 773138
1888 742 421646
1889 158 455585472
1890 526 211313200
1891 1222 837019
1892 376 542983370
1893 391 109908936
1894 1881 462710
1895 346 232446
1896 791 839479193
1897 494 461516
1898 878 840593
1899 153 69412
1900 404 581934
1901 585 461991
1902 414 24122
1903 1900 25194
1904 1452 688413
1905 662 152874
1906 991 253300
1907 672 574740446
1908 1229 114554
1909 620 607206637
1910 1395 902884924
1911 1377 175518
1912 999 12556
1913 249 505660
1914 1131 40989666
1915 760 898012
1916 306 25816109
1917 580 701249639
1918 1109 253328619
1919 1697 950771
1920 343 249073855
1921 500 488254
1922 450 10493481
1923 1013 860640615
1924 1491 557874068
1925 1523 945333
1926 479 991205
1927 1020 853263435
1928 1825 318735
1929 1304 180163
1930 1431 852725760
1931 1432 174762
1932 607 603675624
1933 919 671979
1934 1435 669405
1935 775 290777830
1936 908 293600
1937 939 97095823
1938 1046 820335
1939 1350 138221765
1940 612 233280
1941 189 502906213
1942 89 423370774
1943 1340 611399
1944 976 613150535
1945 603 832370989
1946 1077 838449
1947 1748 701116360
1948 1134 723715067
1949 306 291750
1950 1259 634069
1951 161 717729600
1952 91 137834923
1953 462 282532417
1954 1288 889551907
1955 89 263108
1956 1759 686301
1957 1763 326267407
1958 1245 76920675
1959 1039 17502
1960 694 116101492
1961 918 685101
1962 1786 938435138
1963 9 51979290
1964 975 1182
1965 1686 965611342
1966 1196 471454
1967 1165 617211706
1968 395 110879
1969 1158 283024375
1970 1468 501500313
1971 1342 313566260
1972 483 133671
1973 1560 10046
1974 1774 572951835
1975 1643 498703297
1976 1190 468625950
1977 76 613520833
1978 1043 233228
1979 335 633626537
1980 192 848655398
1981 896 865714
1982 344 337044168
1983 606 337454
1984 1111 28172
1985 885 842102
1986 1214 483695032
1987 1564 29664039
1988 1140 332791813
1989 191 122286546
1990 1841 902678945
1991 1255 380683
1992 1680 807700
1993 1503 710937
1994 1524 564926
1995 115 929234
1996 1944 248262352
1997 1285 90048
1998 1182 196796963
1999 1170 711366565
2000 1029 764655
2001 881 316683531
2002 520 535536
2003 1988 129972163
2004 1987 670330
2005 589 546449
2006 1549 488252826
2007 1193 349340
2008 670 109548022
2009 1536 78812
2010 703 11962412
2011 107 60079
2012 1211 383277401
2013 1819 130083
2014 1505 856407
2015 249 513866
2016 1498 521148461
2017 677 706192997
2018 1654 952780645
2019 1560 837806166
2020 1368 890017779
2021 1347 569088
2022 293 875131
2023 2021 109424349
2024 42 497048901
2025 238 429567658
2026 1952 703052
2027 1271 407196
2028 162 547392
2029 1722 324536270
2030 361 451
2031 1489 658880
2032 1198 369487
2033 487 673589190
2034 33 390259
2035 1075 422817702
2036 858 171660
2037 203 513226
2038 1693 249628
2039 1384 210047
2040 1306 492217
2041 1160 129339268
2042 1015 823531087
2043 1194 43547
2044 1701 976074
2045 971 477135606
2046 146 977326
2047 109 494883
2048 978 457775
2049 396 543227751
2050 1352 672096852
2051 240 272936
2052 67 582221060
2053 503 739256
2054 925 219371
2055 1668 463523
2056 1822 347376
2057 940 988828375
2058 222 45254781
2059 589 215803
2060 1862 621326160
2061 557 814227
2062 545 947903923
2063 547 144026168
2064 1454 295594
2065 1082 437226
2066 1447 955146
2067 1214 966464685
2068 360 443827
2069 1227 485503301
2070 1494 355037
2071 107 95022341
2072 100 658391332
2073 190 717626
2074 1790 734975
2075 1487 161693
2076 1215 153559
2077 257 490663
2078 1322 210923756
2079 2070 537706570
2080 286 596757098
2081 1009 697179529
2082 848 617201923
2083 199 795506635
2084 1544 490117
2085 2033 405411916
2086 1916 59870960
2087 657 796843
2088 1171 431468088
2089 1688 322450185
2090 218 360210450
2091 25 212677
2092 998 333076
2093 472 426810358
2094 733 460101633
2095 1149 208307697
2096 1950 351544193
2097 303 822184
2098 335 204934
2099 819 790308573
2100 1430 434038
2101 841 161046
2102 894 780596
2103 615 561486
2104 1156 159685252
2105 676 663001
2106 1990 342231
2107 1395 93682761
2108 2084 998736948
2109 320 532210438
2110 194 800488
2111 1200 146455061
2112 1297 540165
2113 2067 860295068
2114 938 86005136
2115 324 474475
2116 517 274295537
2117 744 554672
2118 503 960699
2119 683 182431
2120 1838 85348186
2121 250 797512613
2122 1461 159712
2123 140 477878
2124 804 557418561
2125 906 921086965
2126 1360 177293819
2127 1234 862889
2128 807 740490332
2129 1116 430308363
2130 421 640618276
2131 1745 662649773
2132 982 445794
2133 1414 400239
2134 1709 974348
2135 668 55205712
2136 1746 293613
2137 1616 890310
2138 476 988131458
2139 103 428783305
2140 1644 980047856
2141 1679 514482816
2142 1642 784932
2143 775 325817
2144 1930 612643
2145 1642 379244326
2146 2023 86895
2147 212 934815399
2148 812 711394816
2149 1133 277611896
2150 289 735666
2151 602 311577324
2152 1358 770369
2153 58 641896500
2154 1516 910201922
2155 1374 641736667
2156 437 935729
2157 777 232843932
2158 1879 521450814
2159 1415 405717259
2160 1313 587107487
2161 530 715643
2162 1173 119572310
2163 232 989267
2164 420 92336676
2165 933 896708
2166 838 228923740
2167 1650 588189279
2168 1237 351459
2169 1283 648008
2170 558 311352
2171 1956 587365084
2172 1517 949084871
2173 1879 921746451
2174 481 852250
2175 1353 159080253
2176 2072 427474083
2177 795 258577326
2178 235 179632
2179 361 696332
2180 820 107138
2181 1977 619388
2182 759 403413
2183 1276 974430056
2184 153 636618
2185 1862 698382
2186 1960 464187694
2187 1605 262213
2188 659 446572
2189 723 270413
2190 1511 189700
2191 1725 647556
2192 1657 326521814
2193 1712 158704124
2194 1111 858432481
2195 1051 810121910
2196 2053 102393280
2197 149 147149004
2198 150 267988686
2199 2156 903830215
2200 1314 879754382
2201 1391 158947
2202 996 917773118
2203 1306 856534
2204 1154 202848
2205 388 904817
2206 201 246076
2207 1277 777915
2208 2129 696706517
2209 836 466847646
2210 798 16875
2211 1311 926085
2212 78 926517762
2213 250 737522
2214 1453 27154826
2215 347 587571
2216 1348 148045
2217 1792 782693
2218 647 163058
2219 2027 362938
2220 2001 322881318
2221 799 462095
2222 193 9294549
2223 1689 332968
2224 156 196294
2225 766 766473
2226 45 991375975
2227 1476 110226
2228 165 902547539
2229 1814 991841517
2230 563 635832002
2231 193 210182
2232 1196 374930817
2233 1320 389023944
2234 1574 957249
2235 1100 964887646
2236 191 521904
2237 73 578851603
2238 1608 14553098
2239 2147 821063244
2240 120 921417
2241 806 488638247
2242 356 907637001
2243 1133 131028121
2244 1712 577660583
2245 1190 279411974
2246 1462 7279
2247 1949 373688
2248 1759 636705522
2249 496 163957298
2250 185 238036191
2251 56 913202490
2252 1464 733540922
2253 1709 889858999
2254 26 841628
2255 159 546495476
2256 1239 412396
2257 2200 730800
2258 1488 139870786
2259 2019 496500223
2260 182 201443319
2261 586 655330
2262 1920 458026
2263 1405 735648
2264 1622 296379
2265 491 337256
2266 1885 300275
2267 1162 302012
2268 2254 362132
2269 1828 806935
2270 1573 660395
2271 1670 337737879
2272 1093 454445183
2273 1669 25881393
2274 1997 379451
2275 1735 721446976
2276 1275 260000829
2277 605 699977193
2278 1327 659461669
2279 267 714933204
2280 204 217195
2281 1953 439080
2282 1846 40607
2283 212 575304
2284 1665 849236212
2285 2172 685138
2286 2232 852561
2287 1636 681287
2288 2254 34804
2289 2010 198945
2290 2028 370166
2291 829 314316207
2292 1883 141213839
2293 388 383139
2294 568 46197216
2295 486 485214021
2296 1442 420768
2297 1020 729109324
2298 287 613230729
2299 2143 319971
2300 1527 8445373
2301 1187 407712764
2302 664 548053080
2303 1144 127425909
2304 1123 768895
2305 1702 211670
2306 992 128417
2307 1042 249368036
2308 303 232027
2309 2280 149155
2310 2174 64574966
2311 576 605090360
2312 1997 558941151
2313 1356 759437
2314 2137 527567
2315 2207 549700
2316 960 956346351
2317 1995 279854
2318 414 662308082
2319 739 744135
2320 962 624037500
2321 970 770070
2322 2040 548778898
2323 528 48066631
2324 38 50801
2325 963 343630
2326 614 331788
2327 396 657990
2328 872 156272
2329 199 914523649
2330 1519 49767
2331 1366 113120350
2332 1948 651073037
2333 1460 499939
2334 2028 279028
2335 1939 149583
2336 75 814886682
2337 1851 932821289
2338 1099 937260986
2339 1264 477811708
2340 487 53047000
2341 1045 772474892
2342 390 125180312
2343 285 487049433
2344 1822 919491804
2345 437 655708
2346 2168 739937
2347 1578 655463599
2348 1048 618561
2349 49 709448
2350 1257 45816
2351 363 827362686
2352 1585 948340
2353 1324 21760169
2354 440 709314
2355 1827 780531
2356 2253 821458085
2357 686 27897654
2358 496 830018435
2359 1503 8552
2360 1374 951895
2361 1728 143670
2362 375 801472
2363 1896 862503
2364 307 994675
2365 1583 44909218
2366 1786 842441837
2367 240 619961
2368 1950 491523
2369 1226 701254
2370 508 590474
2371 1255 119276957
2372 863 131042824
2373 1764 305309
2374 1113 396353
2375 1474 527262094
2376 1887 15659612
2377 1671 153055692
2378 851 743784
2379 2257 204691
2380 1362 761171
2381 1144 751185489
2382 862 993017
2383 844 539679667
2384 238 767985888
2385 1642 217131697
2386 969 782218
2387 1759 815388624
2388 85 18135
2389 712 14333
2390 2139 114568417
2391 2108 630005
2392 1717 198321
2393 1952 756844
2394 1819 602739
2395 406 251356938
2396 2138 626127
2397 2388 75643901
2398 1816 176253
2399 1471 869588
2400 1714 221347
2401 1081 634002
2402 2139 893464513
2403 1527 877940
2404 1712 24482
2405 2317 802087947
2406 1377 249880
2407 448 37900
2408 1832 499723820
2409 695 208091
2410 1745 975603603
2411 1311 96153982
2412 2331 483819
2413 107 278455244
2414 681 443708103
2415 1017 6123183
2416 185 722516349
2417 2141 501816720
2418 2103 135756
2419 821 94881
2420 698 184
2421 1090 351412299
2422 380 461988339
2423 1877 744703
2424 847 887095
2425 1296 330563950
2426 436 702581
2427 1169 729888
2428 1423 966233779
2429 166 799535043
2430 1883 162547
2431 2268 752442615
2432 2176 101676
2433 1420 132232693
2434 2347 177141
2435 1241 409299710
2436 2405 482366
2437 1529 383839
2438 1080 709452
2439 1714 429007
2440 1801 115056419
2441 872 877570089
2442 2441 988509320
2443 449 383204
2444 2297 126620
2445 1660 562531
2446 435 991300
2447 1416 982331231
2448 1255 1401
2449 16 800274
2450 580 638174611
2451 2056 233304
2452 912 333019241
2453 2291 876353
2454 767 774000491
2455 1067 975925084
2456 1679 426851
2457 314 960076326
2458 2301 349964311
2459 1898 291239
2460 6 561794
2461 1340 926609295
2462 1361 183524
2463 2315 475745036
2464 2031 425212
2465 1765 929735298
2466 1651 82617
2467 1525 510109625
2468 127 962143953
2469 394 690920
2470 14 458576646
2471 1517 62616730
2472 2236 571464246
2473 335 592141170
2474 1728 425812
2475 1003 632322276
2476 481 993411450
2477 999 972184
2478 1180 607764343
2479 1307 413771
2480 533 835062
2481 2386 339598947
2482 1792 629047
2483 660 718643770
2484 357 805093
2485 334 399405
2486 1077 1172
2487 830 71501
2488 239 106111190
2489 345 975686
2490 1034 223840179
2491 1768 82951509
2492 231 548247
2493 682 913494
2494 2305 173419194
2495 1178 528093
2496 1315 589451
2497 3 832189
2498 224 722418
2499 1499 888248793
2500 111 116666651
2501 1320 902128514
2502 2372 99898
2503 535 921369264
2504 1482 119704525
2505 1513 239916
2506 487 584053415
2507 228 25485
2508 379 307613801
2509 1805 863966
2510 2490 651280260
2511 2155 237365
2512 1812 290156459
2513 496 356435
2514 1535 130202907
2515 541 946952230
2516 814 58382963
2517 2068 47570588
2518 2314 353035
2519 2399 754644
2520 73 737849464
2521 591 340178578
2522 2331 722594291
2523 145 629982
2524 1930 961100
2525 2050 976950
2526 978 285178
2527 561 31540
2528 1071 169012
2529 575 769164854
2530 106 914298
2531 1438 389880
2532 2025 218398
2533 1595 341792
2534 642 494028
2535 885 255049250
2536 2089 383435728
2537 1321 866637
2538 267 353560572
2539 961 512803
2540 581 943190965
2541 2280 641128443
2542 638 125679080
2543 80 373061
2544 1704 347765967
2545 1262 134936
2546 1258 401619
2547 144 746089735
2548 2215 29879
2549 1851 301746508
2550 1634 84383120
2551 2442 58491121
2552 4 279738
2553 789 772249636
2554 108 800609120
2555 806 540505
2556 1623 513127
2557 70 304356
2558 2283 402343
2559 1132 508240
2560 278 375110043
2561 906 894337415
2562 1508 159709293
2563 1180 842173806
2564 322 88474619
2565 672 147743
2566 1606 595960
2567 1387 909051012
2568 1838 899801625
2569 91 93513300
2570 1731 644258
2571 1754 327789
2572 339 441778029
2573 1390 705664657
2574 1967 35650744
2575 252 554269830
2576 1024 558311033
2577 268 984841
2578 1535 170397
2579 1396 473265423
2580 940 707532
2581 1955 759408882
2582 380 546291680
2583 237 893116
2584 2076 822572181
2585 207 693910528
2586 1914 560636
2587 1964 288040
2588 576 449075
2589 421 570966
2590 1739 583062
2591 378 131723179
2592 1568 590905
2593 251 273397
2594 1370 242276411
2595 642 17486
2596 2344 131438062
2597 273 733645
2598 1017 229898804
2599 1530 236258894
2600 522 746967542
2601 907 761258259
2602 988 11278948
2603 2150 735071
2604 390 736352
2605 20 749136787
2606 1942 695323999
2607 971 146676
2608 2349 381645
2609 2279 101542
2610 1949 240925081
2611 225 315530
2612 553 416340849
2613 1945 697223017
2614 1208 80889814
2615 50 763906
2616 176 733333
2617 2287 939479
2618 1829 357192331
2619 2207 989123424
2620 632 279295303
2621 2351 470847689
2622 1941 218389
2623 2027 202
2624 2462 356158
2625 866 324842
2626 1293 675882518
2627 556 667461509
2628 233 84958
2629 2533 22494
2630 827 659532
2631 2035 509832823
2632 1218 443180
2633 2400 458099161
2634 863 987576160
2635 1743 934365
2636 47 432666907
2637 522 405359487
2638 788 14426665
2639 2210 652374295
2640 2379 682008425
2641 2594 389314880
2642 1008 80048333
2643 113 194359895
2644 841 223818928
2645 1081 723047844
2646 1264 851354
2647 1913 432247
2648 96 125067823
2649 527 505204
2650 1242 393515
2651 2625 769323
2652 2509 426142096
2653 503 659012
2654 2185 358140433
2655 200 291086691
2656 236 126012
2657 1369 913908
2658 1015 785893
2659 1067 328468
2660 2548 486750
2661 2614 745669511
2662 1225 197105649
2663 1199 19023
2664 1633 840892
2665 1395 67762
2666 588 876090279
2667 2520 587231697
2668 1323 40487335
2669 2222 374632
2670 1209 995235
2671 2202 95331427
2672 1294 670572582
2673 1073 409432504
2674 1380 97635
2675 1587 634833
2676 1137 933859158
2677 477 817398
2678 1677 50029
2679 24 64233
2680 1462 262991238
2681 1933 855225011
2682 2640 810538042
2683 827 56161187
2684 400 852322
2685 2492 602351542
2686 1029 237575681
2687 296 145185
2688 2043 379216
2689 772 225014045
2690 855 484945018
2691 559 105183821
2692 2312 938102624
2693 1321 909948076
2694 82 443841
2695 265 854339
2696 1141 805031916
2697 503 711887
2698 2187 532801
2699 1708 780416
2700 1509 15698
2701 1082 427557186
2702 1175 861286
2703 2166 431412
2704 2515 367881862
2705 565 435426
2706 629 103213
2707 141 563739
2708 2504 36143481
2709 1742 146882308
2710 1545 713210
2711 1503 735972781
2712 2677 504777667
2713 2540 487312215
2714 772 252933240
2715 622 757657444
2716 123 311140
2717 620 65423463
2718 2274 511315
2719 877 202269523
2720 1333 295094
2721 680 657971120
2722 2121 8285609
2723 2691 241041485
2724 1527 610086882
2725 1106 544686622
2726 409 323801321
2727 1899 868516181
2728 1883 149139052
2729 733 269035181
2730 2568 516112190
2731 2122 694587
2732 1589 417869
2733 1444 472031
2734 2720 226867
2735 695 421946538
2736 844 427581
2737 2426 47334671
2738 1492 246586
2739 2683 132543
2740 2665 129767
2741 246 723024201
2742 2089 666529
2743 339 327535096
2744 874 82378117
2745 499 374712726
2746 1788 784077940
2747 2640 785635133
2748 56 224035335
2749 2617 870912439
2750 2150 759093
2751 1696 706200
2752 1539 84967
2753 49 268962766
2754 1242 134477681
2755 1651 378167118
2756 263 69710
2757 1290 38455
2758 391 575213628
2759 953 108584708
2760 849 207166
2761 518 574018786
2762 2576 159717909
2763 1040 2858501
2764 1466 962490
2765 2290 140802029
2766 2265 761592845
2767 204 48214370
2768 511 215425783
2769 123 975780
2770 1466 775604991
2771 2405 594474449
2772 2016 853169691
2773 2467 669304490
2774 382 966202
2775 853 84778722
2776 2431 723888285
2777 1078 885422529
2778 2360 230091722
2779 1201 295664474
2780 1501 83884722
2781 1084 788096341
2782 497 500967
2783 1951 419935
2784 1481 977441806
2785 2228 420775
2786 1136 941797
2787 486 167800
2788 1035 862582
2789 1301 220241241
2790 2718 652665115
2791 136 670582
2792 1913 779399156
2793 1444 23906
2794 1258 184757191
2795 1088 939296824
2796 718 925094
2797 1568 877892
2798 1725 495742615
2799 2300 288260839
2800 1285 577699
2801 2317 270152
2802 1963 187565135
2803 86 146579984
2804 2787 452771
2805 300 231375269
2806 2673 432689313
2807 232 781393
2808 2504 522916482
2809 1364 881698
2810 93 747252172
2811 2658 702070
2812 1054 823619736
2813 1693 155613
2814 1226 554793023
2815 2441 257372663
2816 1805 334725543
2817 1624 69846
2818 2340 713567190
2819 699 493609
2820 1212 619646525
2821 1357 476176
2822 2581 988828575
2823 935 471039369
2824 1927 841151591
2825 1102 479422783
2826 956 425711233
2827 1508 294029596
2828 2476 274473015
2829 2033 931723
2830 832 281614977
2831 1703 14587
2832 965 37341291
2833 289 171504768
2834 1713 359930
2835 1748 77038157
2836 1009 449263527
2837 2079 671031835
2838 2749 490328
2839 1838 545273
2840 2017 622013356
2841 2687 27446857
2842 645 211916
2843 2330 985198
2844 546 446253
2845 2146 891835394
2846 364 241814647
2847 1337 569125
2848 1511 204522968
2849 1871 816865
2850 542 107131706
2851 824 739071
2852 1143 762878
2853 2059 530206
2854 60 40932185
2855 1103 676311577
2856 576 199448821
2857 1450 835285690
2858 2009 118193
2859 92 413048151
2860 1888 248668
2861 1121 73816731
2862 2459 856318736
2863 1203 303539
2864 1200 865126
2865 1147 662942
2866 184 447024
2867 154 447547033
2868 521 584301
2869 1604 504142116
2870 1904 124066
2871 1539 666239
2872 2130 753244504
2873 262 20121
2874 2311 886309
2875 2536 884832
2876 2303 556836395
2877 450 766974558
2878 2554 462767508
2879 2537 906296
2880 1821 528405145
2881 626 269708845
2882 404 967026
2883 503 388324061
2884 1615 793929737
2885 2133 805560052
2886 1694 413782
2887 28 80303254
2888 2847 318080
2889 828 9189
2890 897 30491
2891 1078 494827693
2892 2128 110044
2893 955 926778003
2894 2855 39556332
2895 2051 125499202
2896 281 684926828
2897 734 967324287
2898 1228 267698
2899 2257 93296
2900 601 964188110
2901 1150 61594968
2902 2691 25599469
2903 2668 642940
2904 1436 463689725
2905 858 82935731
2906 1836 515388280
2907 845 617449790
2908 2378 645838
2909 1553 875555085
2910 2614 629988
548489 963872 474447 676894 117696 635543 786726 726978 527246 455664 854885 524114 9139 764099 232994 904450 597234 124412 106296 573606 32120 292523 222058 436548 794395 186869 990926 223003 681525 574314 187736 804231 631411 437562 652612 561963 696387 417597 996325314 842751 256552 949516 633514 223084 224553 460431 416965 148141 518624 241853 914940 213182 735213 701663 184719 38842 89588 578529147 176951 935076 400088 317570 882664 179491 197895 828431417 533228830 594425 607004 912247 52000 512342333 185003 622540 639428 155296 883161 795163 321314 833721 379094 589754 70708 254507 179934 98811 779850 290975 149446 625050 81366550 496560 984669 70791 479670 793542 742451 435259569 931912 696349 518155 414120 89767 763573 862749 506109 258520 119798 406020 251836 17512 718227 849273 286259 185450 542710 88779255 746855 412553 588430093 534443 46151 14224 254605 101469 944368 531028 842237 707697 869920 790913 23076407 166532 288193 764681 476612 573604 468529 437139 283682 144457 207363 312514 262457 466545 396277 909245 901983 537905 986777 33777578 633885586 358517552 795597 996387 249684 422341 913748 99518042 622932 188419 960527 95535 984273 296872 277040 116997 388201 201233 356286 277789 61559 144798 325296291 343599 819666129 646519 165888 822600 968562 937042 366443 835773 504695 788441 818575389 266185412 315947 235728 136991 371549 470075 278322 250019 585980 430104 606292 245883 210942 127675907 420211 592731 601971 809336 320728 258132 805357 799493 257007 62403 706855 499096 441275451 232621 656960 805027 884617 222796 4405 810361 985505 637365 74990 211363 257633695 512563 211805 526391 265399 110443 970646 418433 340517 688655059 363665 661899 992923 21689 392333 127425582 592096 525021 625044 482279476 714302135 171002 289640 576749 228210 593784 559661 781121 319282 639191 502324 316197 196387 949028 821410 376023 677360 233129 920786 339376 501905 362244 548884 850175 742809 383537 872753 466383677 298063 670912 44592 245866 405569 58038 93545 239968 349252080 937595 665812 279919697 976755 928336 646366 77060 828364 974477 520650413 994895 628456852 911477 202294 230968 143880 663251 962439 314679 980549 721963 987111 812775 668909 226717 376783 774233 844174 772673 846813 587986 622156 794363 750155 660058 339948 254198 549240 911042 676511 96475 111213 58710 838700 502066 14851 266368 819378 587109 748890 673779 754499 83086 306194 347574 615291 940748 250937037 997286 752895 677192 556878524 966010 298917535 967195 253552 781439 10299 296183 139110 821223 173564 549788 805059 415203 880143225 409532 425792 488016002 869541379 484064 932786 64827 558901 696457 707270 718580 115102 767395 250848 905701 250133 3483 629351 72092 275880 69513777 610748 685167 115266 783118 569454 656183 808784 860626686 857003 921014 229316 268517 821378 970766 788281 316358 851308 413969 494552 260339 383185 496441 880566 857208 46202566 528481 134178986 546896 37661 953466 838632718 20916 68878 815071179 931247 180566677 21591 205973 573222 93293 588597 74114 176093 132805 337129 689702 891380 938541709 844569 834718 98117 945909 874306 608531 132257 622717 223271 2618 726332 149740 188712057 846264 226639 162603 67718 504331 928672 458113934 784011606 237012 940004 54501248 136155 830759614 882610 699307 957942 728448 870748 66249 925127543 298016 304109664 764596 242697 433810817 105354 846236 752708 457964 946391 299730 372036 691806 651104 122631 150864 384541 1293 9554 41933 218777 733768 272654 419006 344222 382815 996611 922941 465693 659518 916357 15973 827820 318973 365314 16651 741579 694594 583090744 924487 872246 519070 798886 223954 746417 614598 437526 628152 153517 657821549 122884743 694839 6500 709389 192016397 678184 468433 335003 118576 561145 533537 204787 741421 632357 135803496 317583 217741 204565 453391 984841 474524 450810 88161 139985043 739233 245065 854456 633468 392497 782136 473567 698792 301958 629530 39071 920977 497317 455484 119605 985197 473821 512057 277644 32771 75070 237043 418002 573838 636785453 567495 674260134 702779 276984712 748728 206537 892052 429728 700359 727303 481459 945751 985695348 890474 440523 620138 483128 695622 844431 878524 470050 742761 940678 55418 171079 496645 378335 699006 357885 823853 647951 228572 494325 378241 649812 636733 821705112 199118 969414967 50937 983728 3015 18415 507213 413538 502951 523759 911906 998845 909938 817839 570746 460866 769760 563944 613180 75670782 964506 24492 423540 749161 599763 408063 313231 353881 190373 392817 321621 326784 632927 876364 137458 287293 189872 755500 808031 472545 701999 984554 171826 595199 446295 998473 858884 185851 409577 75995 515935 357724 256937 927174 190344 45245 799918 660784906 602188 523722 692476 453527 72344 24118 709748 241105216 233878 131822 806460 603334 982948 745348 82563 458758 281770 726417 150411 252438954 524243 218235 124128 586805 142738 282563 588812 279619 383497 752729 326891 319629725 896816 990702550 666326015 220412 905645 474458 47246 353237 277167 954040 561754 997754 301382 133574 74731 528252 398759335 808342 293806 537388 873208 424798 635469 89995 862220 104948 592852 218497 952914386 144371 809384 127729 19698 926619 892680 579628080 258987 871952 436455 525594 776749 233014 279466 505010 199211 235983611 761226 262468 746008 345918 539013 366055 854327 328783 240071 838004 140951 754640464 944855 219254 172196 367631 494893 606400 902520 215536 270562 846196349 948216 488161 817538 65425 81431 814309569 827359630 888193 699377 984298 812527 219180 313665 790570 292804 821444 516143 117689 249110 297319 478043 581340 939157 465134813 595243 272442 581891 924643 255785 120820 150163 193059 965858 23899 333993 257614 277746 802558660 382790 430034 278342088 10192 262991 981141 59375 205680 988669 745026 728508 808869 964369 847892 947640 817073 920938 135429 423310 384308 50187 233489 236416 507226 279465 713608 778752 786744 452863 905466 610180 830783 744928 855807 87498 48582390 673871442 711601 232718 124190 943207 443998 361959 680961 477723 103166 352183 157073 123290 197981 315427 949572 852989 545074854 889522 874697 876966 603236 690704 197757 975806 591797 953559 747109 95204 575650 447842 770451 493561 421156 372938 980059 69499 814153 509559 949103 815492 457514932 578463 8051 250991 812582 554212 248528 777879 971617 260322 104974 383915 235085 555425 792733 163267 448811 935547 38942 51941044 700184 731836 650391921 737066 871814425 191468 827938 153113 623513 946309 355083 798375 552585 884262 934646 557348009 411249 246968 742667 993045 39003 393791 82453 997400 289758 395044 552576 540821 302804 675530680 303651 134997 155849 280065 229683 649325 459569 121901 88681 622424 672078 300959 483939 632798 720214899 131252 486112 419547 298239 399401 882954 661564 996937 76111 628709 368393 823367 561657 626464 693172 204252309 856496 828277 89778509 484721 532411 619656437 474486123 242401 133306 3791 643782 65968 317121 444335 464342 437030762 258816592 764400 169041 756164 379697 940398 755442 735696 642315 413684 319365 590696 443226880 71319 927235 951387 414593 947775 524383966 861879 59413 915310 53410 435422 42118 683399 229022 860400 128362 187653 775466 430999 568792 719688 690217 671519 9814882 661990 803689 258929 148923 649711 717806614 286519 873136 953149 713292 23100 465844 499036 406262637 848120 400948 5480 749010 10941 849677 801726138 831236 949877 827598 577295886 954119 727521 16015 118225 250117 294827 512507 853934 816667 254323 949787 339487 697030 106287 96585 769909 128248 667207 646806 388275 626235770 191194 205232 80435 329519 680005 952616 386559 537151 777541 511566494 262215 645393 876274 230470 870815 518284 52714 90590 612211 80365 263010 181504 282508 661491 869200 990160 830256 676805 376242 54231 863007 271180 304550 932557 72333 440801 743711 774906 513164435 457256 854692514 155818 600891 684000 671760 28398 88398 942241 170584 607707 701048 826934 993168 173073 912382 833897 94550 883457 319491 175847 235024 955729 698310 890881 290384 509893 441013 77350 716509 679409 71476 235332 708857 890404 815953 481839 227202 402209 932539 553103 552820 829328 723830 592221 205001 229201 642568 273883 749174 501169 841710 357718 94630363 467671 955758 157571 364048 2581 82107 903970 702872 135763 950552 226868 129230 652008 229009 106341 671466 306694047 908856 287624 261983 613442 761223 660276 797675 164177 869805 792329 475920 139277 482451 819741 343560 192838 379942092 628756 202877 672846 932660 602081 83640 111846 779560 463267 167783 763102590 541669 981416 709558 570665660 403861 993099 415346 551807 671185 470149 78490 715212 691650 45430 104729 27998 6417 812529 389326 180923 699945 547308 559606 535389 792962 234682 99755 392906 142789 327495 71951 334342 597768 374035 13978 405479 34811022 511312 102918763 37640 165961 989506268 755599 46306 249680 35821 490566 818475 127745208 489796 16460 69382 432641 751127972 183831 88515 378113687 595672 959943 903586 832603 433095 526764 897018871 825482 499992 8603 414269 945015 314464 870285 759003 165979 137995536 276830 775392 782127 436992 121045 176137 872157 195386 638760 70688 956096 25633 577118 748393 613364 518099 554296 582637 623939 562641 749659 719227 380555 114450 258721 152160 883631 804278 723731 213958 99679 966152 630872 457766998 528163 908242 779882 708458 968994 391635 250930 64239 173840 155778 768701077 614626189 338529 627376 485684 201228 743865 973051 857231 803184 442174 111153 295294 176033 175670 249075 935778 702851 574492155 798886 238575 621542 744150 410725 880623 521119 51133 4990 651043 692207 474174099 960001 270906 32300 838722465 654121 314996 411747 482424 609750 63440 13675 228625215 446627 381648 314785 690754 742456 533802 409743 908029155 473957 728515 662455 76530 525936 751539 777599 964485 152499 71535274 810572 787506 655677 774301388 128352 539278 381439 37035 290977 99639169 747179 802716 30390 610864 102567 334929 331498 584930 404424 778493 355526 27782 179391 525642 961872 978158 418964 162978 633787 202095 489259 897376 50056792 34799 329068 982418 439300 294899 108582 418119 663593 873697 915515 427983 801133 922911 790531 600751 212591 915695 97575 545823 800776 650336 149146 712451 766996 72697 642393482 766491244 534337 353351 253691 536438 95206 11147 799970017 333730 291495 42003 884926512 312584 214492 815456 48250 124813001 232428 370092 57810 349427 596633 848785 5885 841046 242029 921696 116110 34404 124644637 325387623 57646335 74134 54032 640524 464615 510616 646952 473248 573151 801830 815036907 70871 126034 585550 529559 790881 534093 166496 856328 472030 332989 801441 75166 831478 320467 223639 310439 801555 69644 686465 547370 193766 630429 499578 644138 138944220 42460 944211 649040 282737 663554 627993 110938112 277836 108896 952208 775759 896909 953523 498371 723696 770189 194395 405746 553714 379824 716954 605056 318531 601421 258567 426788 354595 192316 484292529 457392 651409 564154 450489 210059 329205 873153 793916 744637 691436 827523 250911 986234 822930 995804 323263 866399 144197689 528972 963525 697740 371442 583270 425982 559961 846975 297510 33797007 199732 803574 764696 435001 908094 186391 703422 109618 496429 123019 473170 89903002 603264 843491 764231 642493 786792 62016 923804 674832 112861 344840 907675 476961 103630 187173 568311 448161 430393387 202864 388604 205143 320175 895954 616722 588077 218236 572468 692144 726336 34073 32259 333697 766322 873791497 208042 157026 957158 266154 701521 988590061 238569 204690 271618 142693 838559500 722430 390286 296857 777446 81671 244717 463015 601033 33015 861146 86186 633260 8825 67081668 641664716 432072 810472867 882478 152154 867831 559683 26463 836094 244686888 878093 688740461 214963 466760 10063 862657 188880 271134 218083 928088 458744 130244 812925 563066 697796 63560 695603 235863064 377844 800916 568083 539885 666838 845506 201313 477061 579461 693544 93714 847572760 131763 631425 883360 13995 803854 809775 39023 59310 2057 719816 865037 722357 822982 623200 546251 568658 4706 953756 238272 29620008 530560 547108329 594986 594602 677581 11333 543967 282041 571587 37616 665774 165015904 642880 345419 662139 61309 2246 8569 375973573 412557 686485 264839 269771 679220 733315 378411 422282 928591 803402879 237696 620832210 146282 172785 3485 242501 722312 92278 881641 649870 37097 598631 538143 213375 188012 17418 939863 901104383 41123 392651 117611 470951 375189 876852 941088 74817 722096 785783 249017 76320 706632 452730 432516184 750035 101099 968735 717035 882143 597268 416174 658740 320480 799595 123796 297310 787647 628525 4050 185010 317467 780125488 485117 107449 221787 704868 99088 633502 134015 267001 8990 476544 339506 881679 624303563 423234 995285916 662250 845314 649007 858304 385095 136859276 221908906 280936 24351 700746 710588 228058 48579 491104352 79481 736840 759614 48546 618096 21937 486083 832029 536404 412396 566801 317108323 107859 161646 696394 428760 733453203 810066 456656 172275 63114 779790 646873 346188 156503 920097 408469 989472 298985 255480 860182 488137 325156 282645 666290 175911 880048465 174029 887197 177270 103689 863457350 569395 780714145 623783 147286 14819 704594 641703 924594 335403 142718 66006348 338341010 373793 270738 263947 749129 483332 286939498 430291 363127 115403 846914 341961 250250 124019 638422 884764 318123 97985 253592 9654 821632 681444 199363 507974 292787 663788 363097683 535461 577012 95856500 581604 133711 710820 962605 769139 748854 252029 634329 235769 129019 702915 788893 896873 430866 860209 521311 370377 492088 809107 613113981 931143 508738 67897 114067 543545146 571353 118317 522809 174920 999678 626517 489161 288285 365660 293496 97644 327124 608673 265646 952630 102283 71406 406802 97944921 640839 304222 962878 314366 798999 793167 849728 590418 632976 589092 132386028 41697 788912623 592807 782867 411733 536664 36121 508405 400128 791105 105845140 666615 648057 515243 755011 616496 328521 603116 913442 974598 211903 383563 237304 525877117 662365 362125860 187788 707471 115204 43589192 651038 12435 19113 720587 419401 948942 623666 857150 610285 766387 808446 79112 702265 38294 96796163 256164 969274 621042 436861 135909 340139 139737 124776 375896290 182997 66903 721708 193086 966685 810714 643013 5787 515675 446493 669394 221217 873955302 369120 162802 549604 124970318 287601 825340 50491 144821 406883665 966251637 843639 564742 47480 167149 335612 781149 386457 57887 1796 650966 573341 290201 489122 593478 242118839 222296 419390 989928 810691 781970 897220 804780 890436 657128 418556 133577 640482 375998558 950879 944027 638871 478132 660241 850026 468895 959950426 105537 872271 236569 511297 856869 21935 112258 578511 730677 781034 852873 982971 840980 134083 193131 153599050 899358 352313 293561670 663349 787660 184001 309926 538134215 740559 366807 687126 749108315 765470 31540 890003 395610 766284 876971 300065 260006 178893 735885 963831 172291 346203 279914171 490204 654107 172487 882158 178911 447118 121741207 608939 787266 792624 181693 929352161 971110 238448 801597 630482 165045 237873 943613 463765 264343 140239 272394 450866 892056 508644 494160 423523 15421 480311 148083 116549 232038 83199 166837 822514 324900 410547 331433 950297822 985263 431050 441968 99820 369822 956380 566518 64270 944560 879471 644400 362706 927170 567440 683357 266294 802145 71383 182172 351744 274760 926860 616574 520593 345629 763537 287944 513701 115253 860896 439585 315892 901666 845762 62612 519059459 298481 90757 889899 742139 676994849 343706 735479 145 38556 230749 419445 393904831 566176 36919954 122634 291202 392758 566307 10666 836696 161689 401014 36948 260174 452937 198808 468213 277394 499009 767567 579424 4704009 778224524 286344 695874 691652 120103 169134 29627 594669 363477 83864 890216 917056 987640 835058 461592 682130 195791 998391 826585 428179 349904 494875 641039 422246 389133 469389 612284 621891 721578 533977 213660 651325 515384 868338 651216 528418232 541551 921451 450040 463193 696125 721819429 775888 965684 619677 864413 559050 457270 91525 719153952 939569 475056 430290 208219 785442 414220 974310 397002 401866 639392 777044 127862 270260498 683357 764412 579893 681043 267701610 54799 972184 935274 208737 159558 817591 279413 495883 263764 517432 519502769 795851 966328 604611 938360 188415 258872 216453 185817399 652367 101088 79902 340343918 269292 562078 348518 140790263 240419 361912 239115 482416 779769 348613 582931 200632 625277 427168 869135362 685114 164025 959223 645085 909939 817095 113162376 195585 818797 178749 174842 41258649 49432 331311 600716 596808 978869270 989106 447846 376800105 544002 119711 480793 149839 561486 690141 85307 268707 363673 6323326 32923 583198 572870 188026 548496053 794832681 872634 283563 396373 965076 890331 539215 542627 941300 841578425 273378 98073 75978846 186171 715296 892038 646748 635480 793700 420504 676218 36382 895229 894867 548514 370868 72669 125878 407100 979251 763733 114161 651692 417594 721219 371791 809449 328732 824999 801021 787226 680701 395385 740773 784555 999837 314942 348901 310808 185624 836652 757855456 692643 546762 832860 843016 251450 394644 382473 264915 548847 734695 767477 54933 679390 628766 122742 354025 756749 254305 588767 24057 608097 578048 188804 184180 350132 953795 264827 570194 759364 26501 93898 616222 210770 551643 869357 972767 900206168 682203 200373 289015 125548 332890 892434 327985 4468 432380 247192 315043 151998 685972 119087 84082567 552816155 829351 785045 127469 71533 105981271 420212542 986017 116396 203809 20336 617176 769867 563766 802366 81126237 485192677 249990 899104 702169 379994 315355 869212 595085452 391573 753912 397348 763674 324429 741381 851231 318736 120685 124082 571369 502520 107128 532669962 912060 232180 772903 17982 334062 296415 196785 734666 144209745 636223 12679 574969 189562 923887 393703 409002 372907 544155 917999 259787 962092 992835 341284 783255 170336 297932586 598446 72486 51116 747459 937449 738278 633934 760885 915124 614976 254861 452251 493814 812747 389723 171261 460172 617707 991113 750221 937444 105006 787654 669129 797458 332851715 238276 426927 142748 294095 928735 254795 129003 604391 521425 531948 189379 220964 536237 735487 711760 486239 775748 420545 733222 737171 630262 195493 264104 66204 91448 748972 455275 881038 114051 718189 943080 826783 48704 987970 973342 812071 806097 306612 654704 917051 508912 143971 315708882 418708 713865 946423 133672 876902 324963 362955 70723 788240 426197 574865 578717 442374 47274 375539 490505 447978 989355 344488379 889100 793680 563339 955228 864538 197985 994801709 612256 316225 939831 522388 624144 156280 946886 816977 553171 703205 880795 414505 603925389 694263 722410 934436 932042 362674 153823 520127 718033 456820 903764 619045 374405 581541 324794 115180 750918 627086 950852 35812922 985368 933691 422754 809468100 412144 620598 906327 260687 235529 578041 510769 241124 19795 273125 122659 212116 230487 765258 525351 616099 331243 750688 848122 399497 857757 567363 144978 350336 509076 400784 181256 958593 625682 779430 679351 328271 30852 531141 684660 14227 384457 957435 823394 36269 524390 701229 701074 321944 922998 765486837 544731 34520330 747461 534375 137694 592657 678300357 537117 497662244 542512 726677 863940 754365716 738948 804172 220506 639125 309386 724429 312629742 511067 646053 482292044 318662 475960 510135 822295 821799 586473 514422 697371 517728 181701 617346 548026 574488 941776 45008101 250592164 573906 77071 24825 845009 343751 342573 774233 91771 753047 741946480 52389 101703 948042 367239 651451036 685460 620473 604764 310591 197061 426100014 939634 820874 633795 333954 986663 222490 52262106 910100912 675781 10346 720694 63977 995901 981062 620927 431692 249517 688668 829341 591626 219636 903384 103497 235965 521154 654417886 512448 140526514 81980 716552 785869 873296 393225 190363 856178 31595129 974619 757536 682368 639851 786776919 777659 251078 600699 677798 647752 990483 258370 12504281 619276 534186 258119 990569 850250 118975 566155 827109 12252 409627 87689 768594 598831 233047 554511 206070 610885 271246 652010483 769687225 454531 494970 775382 816498 761909 932516 843840 282046 870261 641659 370724 84719 263950 311488 577092 590255 762921 990253 539086 724191 753881 922932 405966 458284 972761 490981 543666 709588 194984 227875 26678 68431 317067 284379532 222546 288936 309835 488581 787029 698214 218673 825787 443155 27682 112484 479586 998213 384900 511097 823252 517441 103343 634096 416400 193487 657957 653748 18161 116103 451783 629506 434392980 970698 361884 813627 989785 132880 712144 134666 441647 377125 251474 320366 466212 356147 885460 365250 608189 383363 903374 967735 7431 619854 468508 47270 555567 956693 736940 990174 915094 647979 83023 628222 131676 774090 906277796 575869 32668 145885 862313 725679 463219 355446 999587 640893 25627 603701 