2998 2998
2 1 432930159
3 1 105179
4 1 98598342
5 1 712983059
6 2 956800981
7 5 92839714
8 5 224426
9 8 296272
10 2 418345
11 2 278533544
12 3 7574890
13 10 90800651
14 11 487043708
15 4 725083
16 7 142256766
17 6 121098
18 1 103927753
19 6 694872135
20 17 959636526
21 16 817818838
22 13 441070
23 5 454928
24 18 678719707
25 22 692038380
26 10 626596878
27 20 405492
28 26 208447
29 21 323763839
30 25 624930056
31 28 650952436
32 21 809196925
33 6 38718587
34 25 638916
35 8 323583032
36 7 148579
37 1 42036636
38 18 432845359
39 22 747626416
40 2 27830715
41 10 974943782
42 20 502808
43 34 926751
44 34 96851
45 26 923005553
46 34 821618
47 31 887901
48 40 346495
49 5 601549
50 37 474637
51 29 640452254
52 43 765432
53 8 212588
54 16 852953
55 20 458366
56 48 256279
57 3 448356932
58 22 653058138
59 53 196143
60 41 382164868
61 44 80154838
62 12 215786
63 50 181580
64 56 539782116
65 50 824660907
66 10 287265932
67 39 486098423
68 10 954512292
69 30 759707
70 17 656139
71 55 324037
72 67 131348891
73 8 569987048
74 59 689025079
75 45 47755662
76 40 878640303
77 22 318261616
78 5 361050
79 12 461064653
80 58 792271136
81 6 86672367
82 36 53671090
83 28 352351
84 83 142985827
85 24 859917540
86 10 888719935
87 42 538469980
88 17 578820594
89 72 590700
90 31 289867
91 47 142205993
92 21 191876563
93 8 904764
94 76 526081
95 62 747696195
96 32 849414
97 39 632690457
98 43 286409974
99 80 8425
100 93 605235
101 28 457366
102 31 75379236
103 60 231184
104 18 620065056
105 88 3962
106 12 587759565
107 3 492904456
108 102 990180
109 8 122921175
110 104 388729721
111 69 409076019
112 77 98064
113 32 362451066
114 56 251479
115 17 242156339
116 65 806153736
117 112 300699594
118 58 811739
119 20 842112461
120 24 108895447
121 10 874948
122 110 728000
123 111 372682
124 9 36645
125 46 282676
126 105 10110052
127 96 945266426
128 36 201008
129 80 783844569
130 27 307763665
131 50 22750
132 128 246090
133 73 126119
134 12 500764569
135 110 66189
136 102 634229614
137 69 217219
138 107 511632832
139 127 549587743
140 135 618273558
141 67 550027
142 39 363709527
143 38 840248626
144 20 868354
145 72 607264
146 102 208487
147 88 955695
148 77 926702654
149 83 388597
150 80 267957687
151 70 553823524
152 44 648011
153 62 897822
154 45 716389
155 111 910840064
156 77 39609664
157 118 523601465
158 6 128580713
159 27 422068
160 91 587579829
161 109 494166289
162 77 899547167
163 50 720966889
164 115 891181
165 6 932676
166 122 525651
167 94 968165589
168 164 385145
169 153 305621586
170 93 960131
171 142 617754258
172 171 849016680
173 68 404524
174 95 916361
175 149 812465126
176 144 130825368
177 61 327537
178 7 469803125
179 25 503967137
180 11 842397502
181 3 125075602
182 141 962815132
183 180 527122788
184 142 960123
185 154 234906931
186 151 35737689
187 175 107923
188 159 553203
189 84 531676
190 127 546433348
191 151 657964
192 172 689445
193 92 305771
194 193 635707
195 1 354646733
196 137 66338
197 85 941948
198 145 182251
199 121 706026
200 136 807419
201 18 889077752
202 153 158547
203 98 996538
204 136 796960
205 86 471650809
206 57 658266
207 110 2785172
208 114 44550019
209 175 274241680
210 200 406281663
211 33 594301767
212 85 357029907
213 32 835893633
214 105 589830953
215 112 207235456
216 120 556835258
217 88 50492
218 16 7977
219 43 951258
220 120 253808
221 202 270895636
222 178 466285873
223 135 956740509
224 201 555146
225 162 390342
226 192 530008864
227 156 153666
228 160 681969845
229 154 471766
230 39 771171729
231 130 96107890
232 136 821929524
233 189 264010716
234 79 239185493
235 42 521069
236 182 860739
237 156 791809
238 235 914685
239 39 782131805
240 118 217719638
241 59 820366876
242 220 246118049
243 108 28743121
244 167 736244146
245 126 401876041
246 20 290561265
247 129 70291444
248 31 949458240
249 12 37259
250 167 934370995
251 142 819129471
252 36 711348915
253 125 202710
254 100 214664058
255 248 125574492
256 149 224566373
257 216 931194
258 252 849376547
259 93 899258
260 75 105566536
261 218 182839
262 238 771908
263 171 807898951
264 194 285857
265 131 842690
266 159 703475630
267 12 868179
268 32 577660945
269 114 701458
270 121 395039
271 255 817795095
272 28 330620740
273 167 841210
274 237 141393069
275 156 801618974
276 157 719333
277 166 564499
278 29 326216437
279 18 759226107
280 88 664618560
281 42 900798762
282 154 30105
283 260 276682915
284 84 432090423
285 105 990428
286 272 447907833
287 211 392594766
288 108 151014287
289 63 116686028
290 33 975042
291 20 813061038
292 138 409443504
293 270 467528384
294 281 197808
295 2 47718229
296 288 599097
297 180 59035
298 294 723708
299 256 853608595
300 182 281971
301 279 521804296
302 68 358730850
303 191 758652687
304 51 313397652
305 142 523541
306 149 741572
307 152 802880
308 303 905227
309 296 452609677
310 113 942448
311 39 89740399
312 102 142965
313 231 732899
314 283 358875948
315 91 926014656
316 188 18633
317 293 320717935
318 305 850745
319 10 576915
320 317 477405112
321 186 13165504
322 39 65235385
323 266 831067161
324 93 860459
325 307 592353
326 234 456396
327 324 600224
328 212 818861
329 176 809335712
330 222 511374098
331 28 913060
332 75 369454
333 260 213073535
334 91 396404
335 243 843340
336 327 191150771
337 134 359974
338 178 35610577
339 303 728794799
340 196 918753914
341 56 24306
342 250 437029
343 18 374544
344 230 787701618
345 321 634189256
346 127 991718
347 233 957606
348 167 11282221
349 212 428308
350 146 39765
351 15 824356
352 260 77963971
353 287 735746858
354 143 383318
355 97 310801
356 237 703061
357 2 948851943
358 6 342420
359 126 942184
360 95 198927561
361 109 790492238
362 152 952662468
363 172 739370736
364 90 277079399
365 253 68110468
366 358 737857
367 173 240698183
368 272 302641615
369 67 35759155
370 268 448414
371 130 688308462
372 247 209469494
373 285 916708951
374 47 483110
375 205 900646410
376 98 151581296
377 315 602956865
378 198 545286
379 75 691808950
380 80 6888116
381 60 746895
382 183 765347
383 335 56105624
384 238 383066
385 239 801969
386 374 900372367
387 65 135366330
388 263 134040819
389 150 65443262
390 334 63085257
391 187 571934
392 349 339796623
393 161 445901307
394 246 91586027
395 296 906877002
396 196 85790524
397 207 442760138
398 334 336605400
399 383 483449671
400 138 563756412
401 47 558067
402 24 458175
403 12 898757
404 273 693673
405 123 255700
406 235 853011
407 302 179059
408 403 994762
409 228 147113130
410 88 721381
411 198 219108586
412 165 35509349
413 315 422914023
414 163 170134911
415 356 728012851
416 12 540321
417 101 842322
418 251 510476
419 110 940271
420 162 152073934
421 273 314107
422 250 98903234
423 226 469667
424 43 82063894
425 185 305736
426 342 761052
427 259 311349
428 89 644168105
429 257 381650
430 133 363319
431 68 405549
432 115 888044
433 402 763065252
434 281 603699
435 194 139714
436 176 542170429
437 339 193494242
438 380 629197
439 394 867898
440 252 128151089
441 69 643470
442 64 71807726
443 2 885616
444 185 27648029
445 332 325511211
446 104 109841
447 439 714207963
448 343 254536
449 171 807760950
450 422 494011
451 374 817156
452 133 333708
453 302 190055921
454 66 694028
455 42 563506967
456 394 428093
457 52 988305
458 246 469119
459 101 463762030
460 113 382256
461 75 451545198
462 151 227041101
463 2 382321
464 246 5443
465 52 733425861
466 82 121236
467 94 27726
468 295 149059274
469 55 28085390
470 303 635421009
471 386 413428
472 105 566037398
473 94 534628574
474 461 389569274
475 437 724590
476 258 136878691
477 121 838360
478 157 352350
479 303 798180945
480 177 991015520
481 2 258733
482 395 226166984
483 380 401717
484 337 484497975
485 378 118576
486 261 874705
487 457 350150645
488 414 599432
489 274 490238
490 239 81118503
491 314 837331
492 339 990075
493 490 119785339
494 388 124416
495 19 484909
496 151 732369096
497 248 826051461
498 142 382328
499 35 620812
500 434 557971
501 109 563227802
502 364 791858683
503 148 150693
504 171 768887995
505 390 595695339
506 369 979796
507 47 59881
508 160 871287
509 477 318348
510 267 262745
511 40 658693083
512 334 69764407
513 454 349704
514 66 358086060
515 41 406468163
516 61 688778060
517 208 319351
518 28 877482867
519 44 118255460
520 453 139077
521 134 464913
522 347 375822982
523 162 359793304
524 288 98602685
525 101 567968766
526 173 244441740
527 513 29601
528 446 860280743
529 224 367373
530 80 396882
531 86 721887
532 467 743010378
533 87 188156275
534 37 267076986
535 117 939416603
536 37 227070706
537 182 935270
538 66 488045
539 60 651602047
540 435 247116
541 409 843373
542 121 394391184
543 402 192648958
544 286 592241511
545 92 473988
546 487 715163555
547 402 277029
548 175 983939658
549 36 282481
550 297 896400216
551 393 287026
552 274 321004
553 485 300536
554 534 805857
555 109 994194163
556 408 414080235
557 385 415680
558 352 360997734
559 352 316084
560 533 531436
561 445 83227271
562 297 298867535
563 273 446998
564 186 718593
565 58 895514391
566 299 664522883
567 523 266443
568 178 853382
569 150 84106995
570 238 871986929
571 372 144520795
572 536 301622996
573 384 471013
574 249 844206
575 395 878252
576 279 561982
577 30 466599
578 543 70804
579 549 300395
580 450 177922442
581 210 103817508
582 66 539878
583 58 887898
584 99 764177
585 248 961019377
586 578 891707885
587 158 842599
588 72 500611735
589 411 505526
590 15 360696936
591 425 19266
592 308 830599
593 294 850452992
594 318 151604
595 547 684530299
596 344 393021283
597 525 355205
598 380 972700690
599 33 742553367
600 434 232311301
601 520 94010
602 391 855278123
603 212 847919029
604 233 767586
605 593 508647690
606 53 688428494
607 583 186002716
608 197 317511
609 261 143494441
610 236 35561155
611 47 186030690
612 345 62861615
613 164 39639279
614 74 119484562
615 470 262965011
616 106 193192
617 41 126748277
618 35 808725
619 243 779854
620 618 542314
621 313 761087
622 462 838479489
623 480 783898
624 157 860996
625 469 818705738
626 500 521330350
627 7 669807
628 292 662951
629 478 321900
630 287 41313837
631 544 289120
632 527 539795
633 441 835468109
634 614 829158
635 340 975085305
636 33 137956
637 537 258900
638 169 733850624
639 359 598798837
640 56 291273190
641 25 798462064
642 534 78161
643 434 778953
644 28 37045
645 249 667689435
646 291 933106
647 619 632219
648 144 268568
649 40 326172
650 407 611735986
651 331 338254
652 444 577496
653 135 642883
654 31 852173
655 135 643112479
656 454 541609957
657 64 691264927
658 58 731808620
659 75 965099
660 94 667926
661 83 223360
662 565 556803
663 62 906431529
664 568 998525
665 56 172980816
666 127 770467626
667 570 270649
668 365 827083
669 584 467076726
670 463 481937
671 459 907660
672 145 836918005
673 528 198480561
674 322 818357671
675 45 257367663
676 490 110146
677 203 583023671
678 400 368600732
679 411 702979
680 651 419618
681 614 6435
682 168 317904
683 65 734342
684 266 512610
685 268 443350323
686 448 638237010
687 549 661071
688 396 122167477
689 435 287343
690 316 567052
691 121 774433195
692 428 746616970
693 673 544737
694 649 833711
695 603 694513
696 275 538473039
697 657 215172
698 460 770191603
699 85 69342525
700 331 182737259
701 517 618407
702 281 143035092
703 276 772213143
704 43 462794
705 135 528484865
706 393 215622935
707 609 634221875
708 583 315623
709 519 69969828
710 11 781079929
711 368 389804930
712 384 274817825
713 142 596741479
714 626 907714
715 380 418669
716 389 912075
717 489 59733211
718 440 436289905
719 104 581349
720 314 813740
721 618 850545945
722 515 153968
723 451 800440
724 25 765597227
725 610 886020318
726 576 665748063
727 90 998322783
728 441 639775
729 675 556493
730 289 596464
731 566 957158
732 346 417757651
733 719 488662402
734 694 670363
735 692 383417324
736 128 377114
737 495 791620162
738 606 503643
739 710 496217
740 154 39248106
741 106 585317
742 50 302942966
743 241 561307
744 693 484841302
745 428 107244308
746 453 172845548
747 686 76506818
748 525 558768859
749 634 7182
750 627 923371
751 660 462954651
752 628 908258
753 198 100691680
754 183 573328442
755 521 18574888
756 283 95378213
757 541 490353274
758 121 963730
759 553 616333
760 598 213147
761 59 161054
762 291 667168433
763 661 546134
764 419 750212121
765 152 966589
766 216 373093595
767 431 779278
768 144 170142178
769 252 598841
770 610 561540185
771 657 951176
772 724 117638
773 279 31756042
774 314 419737
775 247 785194
776 608 516392
777 516 634542286
778 148 81783
779 553 102349799
780 265 769410921
781 503 989562
782 65 863437
783 543 825232168
784 781 494773207
785 612 322040325
786 122 652415
787 585 677497
788 373 17864385
789 239 717751889
790 541 199171
791 658 192030616
792 324 956962
793 594 965066
794 353 287835
795 139 203249
796 660 16080698
797 138 879840
798 213 160028140
799 254 205878
800 174 105601
801 467 650518
802 661 253052223
803 495 620056
804 64 834539
805 327 111482324
806 223 648359052
807 115 378889453
808 8 935187
809 208 705244585
810 198 534489
811 274 933079107
812 464 517721
813 169 299392
814 756 532029
815 514 367079
816 613 253261
817 348 987467918
818 639 167098
819 776 747855
820 245 649964
821 127 257832522
822 707 259771705
823 449 990479
824 432 60939
825 568 114584
826 224 117560457
827 807 659775724
828 447 851117825
829 96 454375078
830 621 932941574
831 674 579248352
832 609 976848
833 589 349417409
834 318 128711928
835 126 720091555
836 812 413571716
837 739 789290025
838 528 662270980
839 310 347491
840 50 739809597
841 96 39163
842 590 851772698
843 503 447548554
844 249 171849653
845 185 201120
846 798 823838
847 266 861744
848 693 213418
849 765 427179580
850 41 411767
851 382 943568
852 539 995437
853 844 666949906
854 192 498379387
855 277 182668949
856 127 53567
857 243 554945
858 363 54256
859 332 937210
860 738 852875371
861 259 393780774
862 119 555511409
863 1 808564
864 325 165732
865 195 65483524
866 519 227277540
867 557 97823552
868 772 560212902
869 615 829797901
870 201 408854
871 38 207993110
872 127 843842
873 231 107300993
874 151 690718615
875 219 419560821
876 317 159666579
877 400 816336571
878 255 453592028
879 352 599819
880 86 781026128
881 662 802806
882 804 706401
883 612 975658731
884 669 380830
885 222 115111
886 339 200011978
887 566 845212
888 389 239875
889 323 299756631
890 432 873299
891 431 901729
892 757 226100421
893 467 651186
894 548 636153
895 463 675488
896 529 551817
897 595 294249
898 489 730261
899 686 322544
900 789 999565
901 605 77981497
902 421 604453801
903 204 347144
904 526 965914
905 725 324953
906 482 721240
907 615 221342736
908 15 398984
909 251 87722
910 178 626423930
911 152 542662699
912 610 455346
913 400 590432
914 772 648552555
915 461 627684
916 149 90858726
917 679 557802731
918 154 147005104
919 440 791670
920 266 68433672
921 222 503679276
922 563 238596
923 863 899626434
924 807 57206248
925 732 260598
926 204 105246138
927 337 45759
928 220 946370532
929 926 476854659
930 508 147205152
931 924 190512742
932 916 829708
933 158 925564252
934 205 756535035
935 129 220902
936 564 866811209
937 156 204803959
938 72 671036
939 33 90260107
940 287 301054
941 571 162782468
942 705 596569
943 863 3011600
944 602 150693
945 698 910900072
946 884 204903
947 76 272858
948 375 577260
949 854 922714
950 470 651429
951 444 507607
952 519 432737
953 9 808963519
954 585 165488824
955 903 417754
956 763 359607760
957 269 794996
958 890 242070954
959 96 487167576
960 526 980691323
961 347 74646
962 22 558625
963 267 370516
964 239 583119
965 307 623737141
966 870 291052876
967 884 191279
968 12 123606
969 2 358455
970 220 840777
971 513 689328402
972 880 665977
973 811 489244
974 627 542967
975 562 204140533
976 561 993795141
977 549 443834923
978 377 727582
979 243 921686506
980 599 35028289
981 841 9334
982 349 823778164
983 885 156837812
984 130 552611
985 949 504068
986 88 172045
987 963 651777
988 411 87935520
989 983 437476
990 563 960990
991 633 852316
992 416 204949
993 674 644338
994 867 39566114
995 235 439237868
996 277 368350
997 346 878531345
998 120 725285
999 90 41588057
1000 465 942546
1001 248 409660604
1002 280 437642864
1003 854 157033
1004 731 755807
1005 993 704170129
1006 435 20061
1007 713 43415941
1008 2 530020617
1009 948 206626343
1010 162 801435137
1011 862 214141732
1012 705 93355
1013 1007 461743
1014 77 214061
1015 900 571023463
1016 42 73017
1017 222 617299
1018 1004 95308258
1019 343 560313475
1020 549 812289
1021 831 120197527
1022 85 181686097
1023 744 770883
1024 631 451636084
1025 318 161563280
1026 895 850268
1027 481 323051684
1028 406 320674905
1029 618 708310
1030 892 48075686
1031 619 155674
1032 252 751314025
1033 620 819274594
1034 40 283830
1035 681 694512034
1036 959 424942
1037 598 4978112
1038 658 736841
1039 34 285728782
1040 971 738474
1041 132 173192
1042 366 62163971
1043 943 466067
1044 1039 788702028
1045 834 996143141
1046 225 198865930
1047 902 272619405
1048 573 138880
1049 439 176961
1050 487 946651
1051 395 919223333
1052 1 373347810
1053 989 187069
1054 94 390166
1055 359 114454136
1056 104 432825148
1057 76 457055
1058 96 618655399
1059 425 338808
1060 789 756283029
1061 308 337827814
1062 583 243381
1063 387 799165176
1064 311 96063205
1065 639 550375567
1066 763 855989
1067 932 357067
1068 732 579030991
1069 818 801838800
1070 227 620356883
1071 719 308475
1072 953 777157
1073 489 633947421
1074 292 972230
1075 357 116239637
1076 128 891677593
1077 292 259230769
1078 904 691637981
1079 727 515025
1080 1004 134133420
1081 922 511999
1082 197 206467
1083 321 116313
1084 572 655546903
1085 591 329059386
1086 829 985859
1087 514 863660128
1088 552 859263
1089 982 914518
1090 218 731108
1091 1052 930618
1092 60 212470
1093 539 285952231
1094 663 803744740
1095 89 295866
1096 655 378420841
1097 1064 856786
1098 498 196087495
1099 982 267317132
1100 59 508897
1101 688 984292
1102 752 696464
1103 370 365722
1104 983 683465
1105 305 472995
1106 674 245115
1107 441 517764
1108 928 916336618
1109 34 712503
1110 779 276421
1111 324 369057529
1112 519 737227471
1113 464 289212
1114 253 423402176
1115 224 777168
1116 211 34493
1117 985 604077
1118 588 723634688
1119 974 74455855
1120 881 209478
1121 38 384213
1122 248 454958116
1123 1025 888450
1124 1006 397728
1125 897 260074
1126 1059 330621274
1127 1124 423490808
1128 1022 969053598
1129 405 92638496
1130 456 530896811
1131 334 563816
1132 954 971366
1133 380 201103629
1134 643 124989606
1135 33 561691970
1136 765 89305256
1137 1048 647396
1138 321 307253
1139 1066 568333
1140 205 757738
1141 44 785038997
1142 829 88681993
1143 465 569682
1144 785 299287
1145 711 603813
1146 512 102900507
1147 425 279992072
1148 395 887095
1149 203 606989
1150 51 846799432
1151 931 745121
1152 1094 333363
1153 1023 620214405
1154 473 944956655
1155 714 802018941
1156 997 386333
1157 35 768443
1158 515 815246
1159 441 254880
1160 33 390665
1161 614 652276339
1162 729 557054360
1163 374 280705608
1164 480 506546494
1165 548 63339
1166 794 817626
1167 91 495815
1168 860 25269
1169 1008 391403
1170 138 785264
1171 642 79624953
1172 816 891736
1173 854 737486671
1174 80 17791331
1175 1153 905176618
1176 871 497092
1177 237 114545
1178 948 775440
1179 21 522100
1180 986 513114457
1181 944 80149561
1182 9 294853190
1183 214 77896346
1184 833 322686179
1185 661 34369
1186 846 688415
1187 579 347205810
1188 1170 887166
1189 561 771087
1190 516 758760
1191 1188 821590822
1192 950 840975
1193 736 126302846
1194 279 259085
1195 672 514132
1196 532 203985
1197 312 762062666
1198 926 613801265
1199 680 612179
1200 161 852189272
1201 2 723956
1202 773 591298563
1203 151 661357
1204 378 871427248
1205 581 21852548
1206 313 713108
1207 527 367998290
1208 903 152110540
1209 285 273933
1210 687 870803
1211 733 32628382
1212 625 948749
1213 495 173847
1214 84 455693151
1215 389 308377894
1216 493 366400
1217 1099 356209174
1218 189 375479637
1219 320 648058
1220 1120 883696
1221 422 979126
1222 120 349825589
1223 850 316997519
1224 304 199215
1225 501 522038
1226 676 373666
1227 861 280780
1228 686 543587623
1229 756 676934529
1230 218 126670
1231 1146 814369315
1232 218 703349180
1233 438 663960280
1234 443 395628
1235 487 82964
1236 1004 144621
1237 294 36412622
1238 683 613778666
1239 1213 130030
1240 881 764739673
1241 441 710678385
1242 229 48049433
1243 1160 547430
1244 905 990919
1245 1206 192156
1246 783 929665
1247 848 404368
1248 113 739352602
1249 575 956246
1250 1154 797646
1251 626 908165
1252 188 903504
1253 259 223251
1254 851 31751
1255 171 943775
1256 594 222037211
1257 308 77929798
1258 591 20662052
1259 757 257151838
1260 582 671259924
1261 449 443278015
1262 245 598535754
1263 605 933757349
1264 737 755113
1265 113 623443229
1266 575 626302
1267 341 317296642
1268 743 185762
1269 559 732237
1270 167 710365037
1271 368 569474356
1272 92 517000
1273 783 422842
1274 294 527359
1275 1265 867945522
1276 1213 799403914
1277 147 164865100
1278 119 681793490
1279 834 397006186
1280 856 887570358
1281 700 348675
1282 268 696026659
1283 806 482573752
1284 179 799914
1285 491 475635
1286 687 610334
1287 844 339892951
1288 927 207365
1289 309 746498
1290 312 411986
1291 1096 321430
1292 75 523888
1293 254 789858310
1294 1136 190962
1295 804 198337760
1296 544 198391280
1297 1175 704303423
1298 46 675330950
1299 1040 494413537
1300 486 245105697
1301 270 999941400
1302 834 504086
1303 158 161635393
1304 309 714446720
1305 1118 994763467
1306 889 78928
1307 965 343589038
1308 830 325722
1309 329 675466665
1310 555 353811964
1311 1031 222497
1312 393 285262
1313 1036 511644
1314 806 29271468
1315 326 611201
1316 909 909779363
1317 1155 612356
1318 1229 170072
1319 510 132231699
1320 607 218408801
1321 1198 978022
1322 1245 253029038
1323 1145 996400
1324 1323 771460
1325 554 296472
1326 720 836458
1327 910 998600
1328 1003 1315158
1329 1023 145024
1330 1081 544341
1331 228 778929847
1332 182 19498788
1333 988 683433
1334 527 521029723
1335 95 231117208
1336 265 974753497
1337 250 115584248
1338 677 955574656
1339 1030 769371492
1340 737 635162656
1341 281 345022
1342 33 240377550
1343 682 879490811
1344 1217 270527
1345 527 100326954
1346 1197 112157
1347 700 913877
1348 1082 408637310
1349 1151 284275
1350 944 433023
1351 178 118999677
1352 453 904715
1353 272 332421716
1354 648 881298
1355 345 853213112
1356 111 92616803
1357 781 481921522
1358 1014 570348
1359 766 874522
1360 425 866417
1361 215 510857
1362 107 348246
1363 555 811303861
1364 687 184480591
1365 705 382721084
1366 382 519569618
1367 557 885977
1368 105 970560235
1369 1152 6283791
1370 458 713306
1371 1307 59649598
1372 1047 99165666
1373 1287 670342
1374 154 409853
1375 71 856876
1376 721 979699229
1377 155 365828010
1378 793 873812608
1379 391 790952
1380 403 38044115
1381 336 611479142
1382 22 276013377
1383 134 142656
1384 226 951908
1385 591 151175787
1386 1007 820075232
1387 464 115907304
1388 1027 710825254
1389 771 71191
1390 6 792297
1391 39 116168
1392 271 729468898
1393 1190 151957
1394 78 662709647
1395 583 439027
1396 1120 76150396
1397 393 939989598
1398 1079 676968231
1399 176 837415694
1400 1131 917986070
1401 1303 270381
1402 1026 181000935
1403 979 247323
1404 1312 686514394
1405 1285 625643
1406 313 831786978
1407 854 527132283
1408 389 29299
1409 1222 424502529
1410 1083 655554
1411 1388 763713
1412 613 395907
1413 1300 780675561
1414 1240 462617695
1415 1312 694526613
1416 921 795631416
1417 423 156826
1418 106 375411
1419 773 738327
1420 1365 423733725
1421 924 317159134
1422 269 616154
1423 577 847584357
1424 900 116332
1425 1337 255415355
1426 1265 863065171
1427 1107 166905
1428 808 763216
1429 1127 81666082
1430 627 966252
1431 1245 455894
1432 932 505390990
1433 818 320335178
1434 1150 681984139
1435 1237 598563
1436 286 81813
1437 1131 463473791
1438 1049 925505
1439 330 772290
1440 598 984514
1441 827 953302543
1442 483 691417649
1443 1042 489778
1444 1303 597381
1445 131 306597
1446 842 398599
1447 589 720527
1448 1046 168375412
1449 739 66185
1450 1274 138523
1451 976 249778338
1452 423 217433
1453 31 861487
1454 705 189321263
1455 177 847156628
1456 863 470845943
1457 1288 815280
1458 244 472579819
1459 344 843848
1460 742 804316757
1461 882 862829
1462 74 445512
1463 493 517147582
1464 171 482610
1465 830 299507427
1466 829 779682970
1467 1004 790691322
1468 861 198578824
1469 430 557864
1470 1133 694203989
1471 1373 745269921
1472 639 797691
1473 523 933122273
1474 389 554182
1475 1354 434927418
1476 1161 112065
1477 1386 114533314
1478 145 472005
1479 205 549454305
1480 1008 340451
1481 712 280309
1482 611 841628017
1483 872 304167
1484 445 35229071
1485 1433 960845341
1486 141 909369
1487 197 29992
1488 720 158877222
1489 171 234317
1490 447 799586
1491 1346 447955604
1492 1404 949466
1493 372 371094
1494 1056 397252
1495 1273 923413
1496 1122 86339
1497 869 738252
1498 1070 754071463
1499 720 420442661
1500 292 556626191
1501 225 238180270
1502 10 515957938
1503 1341 721398846
1504 584 876075
1505 608 467667925
1506 198 40866178
1507 277 711708
1508 670 436566305
1509 122 988311
1510 1421 989718
1511 207 657659
1512 1170 614788
1513 1243 936620319
1514 616 284479
1515 182 859346668
1516 169 630624
1517 1037 474094
1518 165 501393
1519 437 323955356
1520 1366 786775
1521 1412 332202932
1522 109 20547247
1523 1273 546942
1524 1310 902834
1525 1307 442796
1526 929 298919
1527 658 564648443
1528 208 639324888
1529 977 670243
1530 812 195947
1531 1194 398067105
1532 1481 215870
1533 1283 610896548
1534 583 417097674
1535 1077 51759547
1536 67 888452156
1537 817 420722
1538 1449 793714325
1539 1183 889289
1540 1061 681277
1541 34 784498228
1542 646 965488
1543 471 325997122
1544 1536 827509378
1545 317 431105742
1546 110 318749
1547 1412 115221
1548 308 105726679
1549 439 311755
1550 40 881718433
1551 94 477323
1552 494 532696
1553 661 826199757
1554 716 355555290
1555 508 420681708
1556 34 32875612
1557 1513 695625
1558 1207 251282547
1559 320 616961
1560 1540 18389586
1561 246 335045
1562 566 966826
1563 139 49574331
1564 1054 315630955
1565 387 92642161
1566 1188 777306295
1567 64 95384089
1568 1248 889511
1569 1505 953426994
1570 75 153552582
1571 1110 240019593
1572 871 571012
1573 1140 640597422
1574 1458 107761344
1575 432 251314193
1576 1305 921739828
1577 175 22353742
1578 763 91659919
1579 1199 649538186
1580 260 17283038
1581 1286 302905896
1582 73 472809632
1583 116 249432047
1584 389 501220174
1585 808 691814505
1586 1391 133565870
1587 866 646580
1588 458 275557036
1589 727 445447
1590 565 851804
1591 584 874094121
1592 959 779869
1593 1165 708415598
1594 1545 51986538
1595 27 607590770
1596 1123 807867310
1597 276 49689243
1598 808 195612
1599 1570 112228
1600 383 230308939
1601 1527 100989970
1602 853 985775
1603 705 540306
1604 1381 750824
1605 857 499151763
1606 206 597090320
1607 1386 601297173
1608 513 828070
1609 806 941110111
1610 1010 976021
1611 1295 1239935
1612 40 836592910
1613 216 585770042
1614 1402 20686807
1615 697 32635
1616 1193 989446
1617 557 348252
1618 588 164152074
1619 497 534829087
1620 417 543741238
1621 1317 290377
1622 625 809001713
1623 137 599334
1624 413 292452427
1625 1130 151382
1626 735 359591893
1627 1377 405641530
1628 803 569665
1629 1321 47785488
1630 1299 784522
1631 629 145107
1632 1039 196596672
1633 397 280505
1634 802 351318
1635 174 995432
1636 1608 628895
1637 1069 506821
1638 630 417682226
1639 474 76637540
1640 342 935493428
1641 1461 74579733
1642 1355 814637
1643 771 126171
1644 425 169440
1645 360 26868
1646 1297 137600754
1647 488 765181
1648 173 384350565
1649 150 150412
1650 1340 655808
1651 836 512196
1652 1351 828338770
1653 742 104718954
1654 1582 682778
1655 944 433676727
1656 154 374222
1657 698 68188097
1658 1198 342125
1659 479 817371611
1660 1140 392004587
1661 856 451853911
1662 1653 85170
1663 417 265035
1664 914 889321
1665 1052 454179
1666 1205 612772
1667 295 675855
1668 1278 725942
1669 1314 768712
1670 480 833274002
1671 333 110644
1672 1606 281895748
1673 655 171878319
1674 815 472560
1675 390 837377
1676 1240 802070857
1677 1324 240320469
1678 1532 259431544
1679 557 475962277
1680 180 775013490
1681 268 689488233
1682 1625 666097
1683 811 19963
1684 450 169621
1685 1549 816215
1686 1537 894802
1687 771 278668
1688 254 160401926
1689 1681 445365
1690 189 818861502
1691 1508 435840525
1692 1663 394121
1693 1632 599682
1694 165 244557751
1695 1506 647785390
1696 61 97134569
1697 617 383177
1698 101 377630859
1699 854 30286138
1700 1212 448574498
1701 1164 871332
1702 396 50991432
1703 1316 145458245
1704 810 88327504
1705 1607 126331469
1706 106 17161832
1707 820 496036619
1708 522 310794436
1709 172 279949
1710 152 798338126
1711 1117 33587060
1712 1593 769038
1713 779 541096936
1714 342 597329859
1715 378 956412
1716 521 549845088
1717 1697 585733262
1718 500 27892530
1719 1484 209607
1720 582 939126741
1721 859 958764446
1722 631 441327038
1723 1128 59246
1724 1454 293543186
1725 612 339085
1726 1229 814577046
1727 898 183273
1728 474 752365878
1729 248 28576159
1730 308 678967
1731 1004 264017
1732 1141 257157
1733 1276 123528608
1734 409 503261
1735 105 653940
1736 1411 474314877
1737 1210 906509931
1738 991 614812
1739 268 860588
1740 332 426849512
1741 1224 980817338
1742 1077 316194
1743 476 252834
1744 980 334142429
1745 949 821955866
1746 217 442242
1747 291 935183184
1748 721 781346
1749 774 708275618
1750 89 500298
1751 657 767617
1752 712 749431
1753 1400 781653
1754 756 586887074
1755 358 441556
1756 842 709790269
1757 255 459588
1758 185 145097
1759 978 267073564
1760 1471 842449154
1761 1587 59101628
1762 571 281001579
1763 1152 157883029
1764 627 112036125
1765 1011 729741
1766 8 744536
1767 1227 866767683
1768 55 445211344
1769 802 327484359
1770 172 260803329
1771 119 277999
1772 785 732426931
1773 1073 668319490
1774 1353 229156
1775 1187 895196
1776 827 427028658
1777 678 325182583
1778 1625 246056
1779 1320 548747
1780 1290 893957370
1781 1551 319802
1782 809 342162
1783 1567 517046
1784 498 141662
1785 254 833862
1786 1730 261079170
1787 4 204173
1788 673 151131
1789 1528 149424
1790 1675 33126
1791 665 907984
1792 1307 165875
1793 715 157417
1794 792 935758
1795 296 956135311
1796 1656 545597215
1797 1701 256731
1798 1308 615385637
1799 19 722262
1800 696 943952533
1801 1044 539015
1802 1381 473956289
1803 644 829318
1804 1689 908701
1805 398 964863
1806 920 445736582
1807 1075 771324394
1808 1072 167697759
1809 658 311184
1810 672 882963
1811 1060 296371840
1812 1508 47689
1813 940 585429
1814 1158 850456
1815 504 961113
1816 51 225005
1817 1351 778493
1818 387 663634
1819 86 99299
1820 1380 304157
1821 522 546387
1822 844 762935659
1823 1045 900798
1824 294 245861
1825 775 31514
1826 168 849138079
1827 1546 27692
1828 699 821388730
1829 1167 562434
1830 424 312759310
1831 264 246426443
1832 564 304087
1833 579 897876244
1834 816 957907948
1835 79 105580835
1836 1172 962528
1837 1393 564243287
1838 678 96396
1839 1239 979695816
1840 1522 351017428
1841 324 486844
1842 1260 559322454
1843 18 335070394
1844 995 349920717
1845 1836 82171
1846 469 186539
1847 329 572190
1848 1085 425419430
1849 165 509880036
1850 1213 762422
1851 739 530166501
1852 1063 600454
1853 528 987836138
1854 1796 674507573
1855 1693 904115774
1856 1087 164470
1857 72 114334
1858 801 34100534
1859 1565 962648941
1860 205 529765039
1861 498 702015
1862 271 339712
1863 328 873018
1864 587 439803656
1865 820 953994404
1866 134 572098481
1867 13 124554
1868 615 36946853
1869 688 94767549
1870 126 715532
1871 128 91922773
1872 1147 653957
1873 528 509317
1874 1813 137741066
1875 1551 594088129
1876 847 246073244
1877 58 51669
1878 1464 223089
1879 505 134535
1880 1730 124426139
1881 209 28251
1882 1081 32551228
1883 1634 820624719
1884 424 364515
1885 520 539909
1886 1602 488758
1887 1015 15140172
1888 961 420140510
1889 501 844786554
1890 624 332157
1891 989 408348353
1892 777 82034406
1893 1326 418917
1894 1027 994309
1895 33 328806429
1896 1070 687951
1897 1231 583112706
1898 761 480302955
1899 1884 711564847
1900 957 473851
1901 728 439204
1902 83 77290363
1903 1259 993008
1904 13 392630404
1905 861 59356
1906 788 822464442
1907 1100 387444838
1908 20 945645
1909 1834 839349001
1910 8 483497476
1911 943 54141
1912 696 247211327
1913 1630 463120692
1914 71 605182945
1915 867 833678835
1916 1248 370036820
1917 912 74863955
1918 965 295069
1919 537 319439
1920 838 351811
1921 1076 282461
1922 1499 678584
1923 108 707887
1924 37 369500
1925 837 80308426
1926 286 31046368
1927 476 351306126
1928 701 393179
1929 409 785801
1930 472 380394
1931 1183 47761879
1932 1850 810373
1933 1463 746029457
1934 589 998188935
1935 1723 624721485
1936 1619 117577
1937 573 82041
1938 216 599612963
1939 1730 208189
1940 560 140759
1941 1902 761068
1942 1119 727537
1943 1405 303218441
1944 1541 978792402
1945 178 575366
1946 1456 893519
1947 1355 209597588
1948 423 814066129
1949 444 121230
1950 1615 305326899
1951 1226 976384
1952 1095 733592
1953 1092 503791
1954 139 114759079
1955 37 143924494
1956 1890 925309875
1957 1155 420448734
1958 574 951272
1959 420 691987
1960 1164 357777
1961 567 247534299
1962 1177 438708
1963 739 577807
1964 1325 771210
1965 1264 819126
1966 412 174858
1967 739 309413620
1968 1291 308402543
1969 286 799021568
1970 995 716399
1971 881 409990915
1972 722 695905
1973 1178 45943361
1974 1934 803799
1975 1128 118730473
1976 660 655021
1977 302 347766917
1978 741 718668655
1979 461 167578666
1980 948 40902109
1981 1344 203538330
1982 283 19237616
1983 140 689337416
1984 746 995507
1985 1088 154491
1986 1256 286947
1987 1597 12292450
1988 1691 420643890
1989 1729 610117848
1990 876 776030131
1991 689 161354
1992 20 276752977
1993 1610 205389
1994 895 139823642
1995 623 480932
1996 153 566859
1997 208 143075721
1998 1287 892584
1999 95 80881255
2000 1441 482642
2001 1849 637055567
2002 1261 219764
2003 200 3420977
2004 1451 864691102
2005 519 633374014
2006 817 453427985
2007 1551 995044
2008 1139 101080064
2009 920 573740
2010 325 558247937
2011 1164 426054049
2012 1940 421522
2013 992 637220048
2014 1037 449157
2015 336 207114709
2016 750 803476
2017 1530 648225
2018 1439 241873331
2019 492 758064178
2020 1770 272378
2021 1099 529457
2022 411 789197994
2023 424 475589
2024 483 835880
2025 1426 773806848
2026 182 155102
2027 1029 512555
2028 1287 967904756
2029 1249 334927688
2030 593 258761358
2031 95 738248
2032 1487 547149190
2033 1078 231205146
2034 630 778941
2035 738 106521597
2036 192 738871497
2037 1181 141901
2038 1157 445967754
2039 1169 495778810
2040 1457 871056
2041 220 30990559
2042 1238 545987
2043 701 877997
2044 23 761275
2045 1937 895452
2046 1208 85671
2047 784 588736
2048 1056 832544961
2049 1190 192671645
2050 1081 642633858
2051 1164 364627
2052 1497 455828
2053 534 447172686
2054 1901 68207
2055 727 799388402
2056 1315 414671
2057 1023 478023
2058 928 21886
2059 1732 484373
2060 1648 494742394
2061 1490 6201
2062 1653 658904
2063 114 149882153
2064 1249 49875
2065 412 843077301
2066 1844 125741505
2067 1417 550368068
2068 1073 260901
2069 508 25758
2070 1441 50144
2071 1480 129061543
2072 1232 333493599
2073 1102 22826814
2074 243 55136210
2075 1448 432893
2076 1660 695705704
2077 238 88722533
2078 865 928779
2079 1505 276001
2080 415 981201925
2081 364 316283
2082 1750 536062825
2083 642 983956101
2084 142 342751
2085 1348 649208
2086 1004 848581
2087 930 513229
2088 1447 802948844
2089 1218 33040
2090 1307 273489
2091 797 762574641
2092 2008 517644583
2093 993 796956
2094 772 319369428
2095 929 180568009
2096 415 963475
2097 1787 65211
2098 212 983882
2099 1771 809313
2100 1351 141590
2101 419 34071
2102 1507 174756
2103 1493 474721
2104 1694 954135899
2105 255 942291990
2106 846 242147570
2107 988 835338
2108 1557 173802
2109 2070 873479044
2110 201 237848587
2111 805 96321344
2112 1037 922784969
2113 924 240442
2114 956 698455160
2115 503 600493629
2116 420 393391
2117 48 358627585
2118 1394 509804
2119 126 294742015
2120 1427 858135435
2121 1859 849030
2122 1835 888913
2123 1120 357062
2124 1784 331769530
2125 1153 106691
2126 684 35859439
2127 876 118518010
2128 94 996299372
2129 377 209610
2130 233 119275245
2131 1506 651006
2132 1299 241934
2133 1323 768794962
2134 2091 436602
2135 2115 634157
2136 2072 878887
2137 8 501458659
2138 1490 794743721
2139 1490 400327
2140 8 781464
2141 1104 58579641
2142 881 220113
2143 1907 888007256
2144 1325 291947
2145 2109 696303068
2146 796 200227
2147 267 875994258
2148 1423 741209817
2149 1983 973688368
2150 29 144621
2151 381 818494257
2152 1580 112910
2153 1980 766204752
2154 864 956171644
2155 1573 692862081
2156 736 339954444
2157 723 109486
2158 543 493948
2159 930 151102
2160 1193 7726292
2161 81 580576867
2162 1620 580953954
2163 1695 271311109
2164 414 369901056
2165 203 749837
2166 323 113320625
2167 1900 369983
2168 1706 983517203
2169 109 850083342
2170 999 699711
2171 2038 447586897
2172 2035 124456
2173 692 255960
2174 1924 788784
2175 1631 268238
2176 1634 872718
2177 269 39960
2178 2158 359682292
2179 1376 789232224
2180 1013 808451
2181 1102 53656272
2182 983 415368225
2183 549 500054
2184 737 847883
2185 1265 188185
2186 1737 737897126
2187 750 990060
2188 2087 255452
2189 1446 97355685
2190 1154 3315888
2191 2087 998313549
2192 2120 298621147
2193 933 697298
2194 242 749526
2195 1985 19205
2196 879 291907
2197 2139 673958388
2198 962 348734
2199 593 657088529
2200 169 233046186
2201 619 567333
2202 297 202824
2203 1747 400939
2204 2036 10984087
2205 508 321535
2206 220 115280
2207 1738 255518107
2208 1225 261508502
2209 43 743864649
2210 1831 724490230
2211 1975 461795
2212 1037 691020
2213 1889 622040382
2214 741 270837
2215 235 129342338
2216 715 526263
2217 1562 470759682
2218 1716 657051
2219 2149 120117235
2220 1516 416161
2221 756 667522362
2222 135 55639
2223 1179 612231
2224 1757 649637522
2225 224 155804
2226 132 358550
2227 18 651605673
2228 565 769277908
2229 622 1695692
2230 351 174737763
2231 221 917986
2232 378 981630
2233 362 732595
2234 2220 611019512
2235 695 524608
2236 1744 125899
2237 1247 627438
2238 1315 680167
2239 689 808839914
2240 2222 966625
2241 1773 691619938
2242 775 533304
2243 2169 9519435
2244 1680 471801879
2245 633 459601
2246 52 404043975
2247 1529 790013
2248 1464 100362
2249 473 336417525
2250 354 189311459
2251 408 529412
2252 1279 221627
2253 43 57496750
2254 840 180394
2255 2201 662217401
2256 448 28052728
2257 1942 812536
2258 2138 125594
2259 765 969486289
2260 2179 110295772
2261 1774 494358937
2262 229 687953
2263 59 325948585
2264 1468 973311471
2265 1971 767926063
2266 1603 484583604
2267 1957 15890783
2268 784 117327440
2269 1443 242618
2270 1490 22148492
2271 1490 865833504
2272 66 114261
2273 220 725591
2274 1205 409881
2275 1435 556199
2276 539 81534143
2277 818 619891050
2278 2220 308431
2279 1895 96210311
2280 230 623788
2281 1894 721544
2282 73 17076
2283 591 15921
2284 837 273513643
2285 1154 963268
2286 812 240301
2287 1718 266271
2288 1777 175200
2289 2138 588707749
2290 1632 444332167
2291 568 886151
2292 1961 329968
2293 865 980695
2294 214 267276582
2295 1317 742881
2296 171 585082
2297 2152 972347
2298 1070 140218511
2299 617 159189648
2300 1109 970103
2301 1853 405437
2302 1272 299476
2303 11 745940
2304 418 710450
2305 2099 858883
2306 1499 102082910
2307 871 715967553
2308 1887 97604136
2309 694 76750
2310 429 734133
2311 2038 373544
2312 467 115675
2313 1613 410112
2314 1698 277942
2315 427 33332
2316 2053 563741
2317 967 264935
2318 1068 357628826
2319 1580 619104
2320 1508 335251597
2321 567 12582
2322 2080 643715929
2323 1136 580840322
2324 2104 694049
2325 2098 137476
2326 335 304416
2327 1039 439206
2328 474 115235
2329 1663 687252819
2330 1737 578914160
2331 610 267231
2332 2202 68307
2333 15 543802941
2334 1588 216475914
2335 2235 896246695
2336 446 141117
2337 1138 693380370
2338 834 644391976
2339 366 41162
2340 2255 384996355
2341 1285 360568202
2342 1689 596535814
2343 591 631805
2344 939 808269
2345 1425 780874
2346 2053 37525352
2347 354 820369055
2348 1344 256445930
2349 1748 181627
2350 1591 846060751
2351 359 239151
2352 770 90050030
2353 107 197565411
2354 962 391296021
2355 157 127258
2356 2000 265747
2357 260 594062109
2358 324 729859
2359 330 363349
2360 1818 852861
2361 465 844755974
2362 361 668554624
2363 1144 937115
2364 915 262225
2365 261 811372
2366 132 423633
2367 301 502531937
2368 631 313670
2369 2203 354263
2370 1746 915534
2371 263 191954
2372 1533 985021
2373 353 535207954
2374 1721 454036413
2375 1745 799095753
2376 1592 971354112
2377 847 122491222
2378 871 51232
2379 2057 33203600
2380 1837 227044299
2381 2334 247103033
2382 150 426853
2383 587 134593517
2384 68 415032
2385 1058 936837
2386 2332 560783
2387 1175 72004737
2388 392 141244
2389 2115 887692
2390 863 347320909
2391 1001 426038
2392 770 771680691
2393 208 701735056
2394 1644 975319
2395 1768 478592216
2396 2306 77480
2397 1342 605870
2398 517 766674123
2399 714 828488
2400 943 579165
2401 1116 353497
2402 1705 690599771
2403 1449 261586
2404 1403 914753
2405 1961 847797
2406 1003 587740
2407 1139 807467238
2408 1508 433963
2409 2024 99850233
2410 88 482790103
2411 581 307314
2412 1058 993199
2413 2068 12443
2414 1622 806833
2415 77 497705
2416 570 886037291
2417 304 34105802
2418 2293 256996
2419 2002 78733
2420 1595 586644239
2421 801 880912521
2422 1758 874831
2423 128 22969261
2424 513 35130509
2425 488 214542
2426 709 272646939
2427 272 332824
2428 1599 996305
2429 660 276443
2430 1127 517175713
2431 184 232807961
2432 1043 746038388
2433 1771 672124299
2434 1246 970983
2435 2096 225086
2436 1633 421087
2437 1681 639654
2438 2435 255122518
2439 184 90305
2440 829 406938998
2441 421 84526
2442 2306 168914856
2443 126 14118080
2444 2181 411586784
2445 1660 424264
2446 238 320329985
2447 1102 241658
2448 1685 683165
2449 1701 154605
2450 195 746112
2451 1790 38242989
2452 1419 941872
2453 133 735600465
2454 976 17571297
2455 996 19223786
2456 1249 622234
2457 1664 51633
2458 2257 94082223
2459 1628 505899
2460 2049 251719
2461 2108 198242
2462 254 902006
2463 225 79202816
2464 1087 319605918
2465 61 32430396
2466 1266 860336
2467 589 903454760
2468 1489 576886553
2469 203 511108459
2470 1401 702929
2471 1300 842093434
2472 1428 236739529
2473 15 399638
2474 314 4400
2475 1135 114378
2476 452 970241
2477 2126 284898
2478 657 94052955
2479 178 998891328
2480 189 566873046
2481 511 226755
2482 1283 202946418
2483 793 377602711
2484 2286 951554
2485 347 583603807
2486 799 767097
2487 855 887173
2488 832 461844559
2489 1303 277491426
2490 1130 465066
2491 216 328572
2492 1242 351922793
2493 585 397037409
2494 1332 240844517
2495 493 372467030
2496 708 902300848
2497 573 988094026
2498 1793 925950559
2499 182 458286659
2500 765 650481
2501 2349 350297674
2502 536 983290
2503 2041 444350272
2504 1973 810078252
2505 2268 592773876
2506 1293 67942317
2507 134 298415
2508 1260 470636
2509 686 917784293
2510 906 235053295
2511 1557 392268806
2512 2028 588353
2513 92 958046
2514 1127 247491
2515 418 632226
2516 463 562869
2517 109 639712043
2518 1587 38791674
2519 2399 816157
2520 460 802805188
2521 1443 50749935
2522 304 234504
2523 682 540083990
2524 1750 149109
2525 1660 688393
2526 2195 408489778
2527 933 498825558
2528 641 193841
2529 117 243267
2530 2006 194981328
2531 849 681192
2532 1656 750062
2533 65 233762498
2534 861 638445193
2535 134 319739
2536 915 262470166
2537 271 579498
2538 765 403683
2539 936 573354098
2540 134 423107702
2541 1736 176118275
2542 1068 928822
2543 1141 85861776
2544 1026 368858170
2545 2008 363729762
2546 1637 984594643
2547 343 178015738
2548 2094 433030
2549 1580 355826
2550 1935 663182941
2551 1823 350136947
2552 941 494380
2553 2451 311401
2554 446 189159
2555 1467 712012318
2556 264 639237
2557 327 179614500
2558 1279 637764
2559 2382 556222
2560 1803 129598957
2561 1932 440037695
2562 837 28386313
2563 1269 161689
2564 2321 747035112
2565 88 838017
2566 108 646540673
2567 2282 746598
2568 2495 398874
2569 2454 853779623
2570 893 30441466
2571 2095 557917
2572 55 55039
2573 996 42954215
2574 662 151029
2575 1242 524077
2576 2220 860186
2577 2344 113485561
2578 659 771908
2579 728 619857201
2580 1483 203163347
2581 1195 984947
2582 1252 535107
2583 868 982182621
2584 2371 453094962
2585 997 255787
2586 1981 899699818
2587 1629 669550659
2588 299 780045
2589 771 271189323
2590 1308 931731
2591 2033 635070
2592 2094 940512
2593 1981 248607
2594 943 102361704
2595 2150 218620
2596 1390 567963888
2597 2393 992124611
2598 2554 540561956
2599 1435 491032322
2600 2252 486535
2601 1685 513375
2602 2242 40864
2603 1514 288775143
2604 1212 613653976
2605 2561 611986
2606 1529 812787235
2607 1204 651668
2608 1574 23356563
2609 2161 968990
2610 331 70841
2611 636 776906942
2612 2267 667551
2613 2463 82209311
2614 1549 557707
2615 1337 263222
2616 2443 568817664
2617 1407 137752135
2618 331 285241548
2619 1609 512582038
2620 2368 821174
2621 741 961755202
2622 1027 154901
2623 1369 916668
2624 2387 659082
2625 2262 548135
2626 980 361827742
2627 2267 116409
2628 862 113950679
2629 748 186040875
2630 13 278428527
2631 1249 651500793
2632 1364 733543967
2633 2251 925393
2634 2220 625369390
2635 952 173305
2636 743 38619
2637 2595 677329548
2638 69 714091
2639 2503 560669427
2640 1291 126800144
2641 2456 84320
2642 792 186812
2643 1012 561908672
2644 1102 393275303
2645 1441 255741
2646 592 80453490
2647 2178 579344
2648 1388 529061
2649 2322 808997
2650 1492 684961
2651 1143 78553
2652 1828 322833173
2653 998 27279784
2654 2421 887817601
2655 1739 229248
2656 1770 641348739
2657 2301 247530
2658 2 751427413
2659 2112 72090
2660 2400 161632
2661 1482 826621
2662 1579 705261
2663 687 794620380
2664 1286 54169087
2665 1157 393737067
2666 1688 421043
2667 1187 190722
2668 131 843607391
2669 2647 332405709
2670 1307 764834
2671 1310 187147
2672 2539 456174
2673 453 420850678
2674 1846 646945059
2675 1378 945386
2676 2221 294557333
2677 2674 723965
2678 1597 298201864
2679 1661 910796
2680 1978 941447
2681 2274 26073383
2682 129 795728
2683 2271 380454
2684 14 19540732
2685 1037 843263999
2686 793 278881
2687 1695 190202
2688 1303 419625
2689 1263 876439325
2690 373 540539
2691 547 776696
2692 1604 280018895
2693 1144 289506
2694 2517 62513864
2695 182 478608048
2696 2466 475505321
2697 2626 299222
2698 2295 822995715
2699 478 128112
2700 2651 437319
2701 2638 384368798
2702 734 254998161
2703 1908 715019
2704 2508 842412741
2705 1595 399550
2706 1838 50301101
2707 921 474425840
2708 2193 224551
2709 184 905659
2710 851 787208
2711 1021 837766489
2712 780 212659094
2713 1543 740455
2714 59 680404
2715 1936 164554
2716 1974 515546
2717 284 150134
2718 459 772308162
2719 2155 257211
2720 1249 959564973
2721 2456 773493432
2722 731 442650
2723 2306 739061403
2724 95 540990212
2725 656 205217
2726 2468 127037542
2727 676 255864
2728 525 56495238
2729 2089 271754006
2730 2458 573059
2731 785 646919
2732 1422 259159296
2733 1983 332367
2734 2348 606471
2735 1628 219044176
2736 1539 152855049
2737 999 529192
2738 452 647937641
2739 1464 342163540
2740 1862 471362
2741 776 647097766
2742 1594 635420309
2743 128 988401
2744 695 288042
2745 343 789744
2746 483 522617375
2747 98 600019
2748 448 659887921
2749 249 983161879
2750 1600 904537
2751 1426 88839014
2752 1230 592955
2753 1499 503035007
2754 536 18331
2755 1965 97812
2756 1898 429539
2757 935 205705
2758 1563 539824974
2759 593 315881805
2760 254 478481118
2761 2156 847828
2762 1535 231291910
2763 1210 362749
2764 927 242556
2765 709 872614
2766 462 71817683
2767 663 169607
2768 897 92706
2769 407 122160617
2770 150 677383927
2771 673 223701618
2772 2723 802453
2773 1080 825617985
2774 845 14926046
2775 2600 306786
2776 1880 32648
2777 2737 891455
2778 2776 104005604
2779 2086 547052
2780 2080 389793479
2781 1669 471702
2782 2781 275622
2783 2457 965501181
2784 1686 742241
2785 435 226634519
2786 2274 692449
2787 261 443278480
2788 1570 370016
2789 2529 346364
2790 640 515005263
2791 2247 26185965
2792 1103 416351742
2793 2293 402811
2794 1736 42285
2795 2653 56285217
2796 1311 135231
2797 760 54002
2798 1955 115192
2799 2170 52594128
2800 2195 467704201
2801 2047 3875172
2802 1263 325331
2803 336 235341219
2804 732 263716
2805 469 801432430
2806 2545 747816
2807 1852 37854
2808 1386 290469486
2809 1983 255544738
2810 2353 298799
2811 624 336037686
2812 1162 464865
2813 580 897828
2814 2454 590332450
2815 1957 881002
2816 821 24044
2817 2083 673613143
2818 540 7204
2819 911 724128581
2820 1230 624973365
2821 463 752831908
2822 818 784590217
2823 2518 33954975
2824 129 467603
2825 2786 5601196
2826 525 651408645
2827 2108 109169
2828 542 130196
2829 1366 736004325
2830 702 477937467
2831 950 7216194
2832 1875 706126
2833 41 589637797
2834 1606 471857
2835 250 584593
2836 834 412516631
2837 935 307121073
2838 2266 244385084
2839 1939 736719499
2840 1830 163807095
2841 1019 828118566
2842 2783 357821392
2843 2356 947561900
2844 2655 329265559
2845 861 207601123
2846 1765 971127060
2847 677 119739924
2848 511 939878188
2849 2349 65079
2850 255 867403
2851 705 151226931
2852 702 390748727
2853 846 262895
2854 288 358990549
2855 2834 882086472
2856 2649 610941330
2857 2325 733719091
2858 2204 795893663
2859 4 327769
2860 1020 786666
2861 1469 561806
2862 2122 147163
2863 2275 220067186
2864 2814 851930958
2865 437 21340551
2866 548 763841507
2867 767 232731371
2868 2218 613300
2869 423 429595
2870 794 153672
2871 2178 591752
2872 1328 298833
2873 1413 810969898
2874 2536 405035239
2875 265 214961
2876 2182 673071
2877 832 665104613
2878 2311 206867
2879 1893 315731
2880 253 600126
2881 1904 951734539
2882 459 68959285
2883 967 976733
2884 1251 254537597
2885 1863 535088101
2886 816 455004184
2887 2184 522332
2888 2059 371181818
2889 2288 52239468
2890 944 52948280
2891 2334 330589
2892 1555 340829
2893 1271 625993
2894 2795 27507
2895 2097 18892845
2896 1491 848726475
2897 2646 104888253
2898 736 900902239
2899 2410 780755
2900 2386 997097
2901 2547 802026
2902 2489 73825233
2903 1467 705376800
2904 540 974602012
2905 1877 753649680
2906 481 783582
2907 1896 648954
2908 132 434249
2909 917 833213627
2910 941 716320858
2911 1081 245976
2912 224 761500131
2913 374 517519339
2914 2253 684537640
2915 1685 109931
2916 402 115969554
2917 189 484008
2918 1874 424592775
2919 1330 13932
2920 2813 818277
2921 327 924853174
2922 1459 326705
2923 1986 887444173
2924 1173 589760
2925 2255 863102377
2926 1775 822087869
2927 1516 91744795
2928 2417 422958278
2929 2851 991048
2930 1152 680231294
2931 555 153726
2932 1356 149472
2933 510 732925
2934 866 119381802
2935 2196 173996822
2936 75 781886709
2937 1850 898162626
2938 390 226379
2939 1821 336280446
2940 2151 973296
2941 941 642267
2942 1205 848835
2943 2892 240466166
2944 665 71811
2945 815 505104
2946 2324 25362
2947 110 773636000
2948 2095 102161141
2949 2732 185252
2950 2253 152724129
2951 1244 723408898
2952 2919 555241
2953 1148 208741
2954 669 782397
2955 2491 119753537
2956 2393 952086
2957 1093 953916738
2958 2648 473610
2959 2714 529925214
2960 219 67193237
2961 2812 357584
2962 46 512041
2963 1822 21545585
2964 2380 881636
2965 1679 290632415
2966 2593 23797011
2967 2631 154755
2968 1149 7140439
2969 1894 745771
2970 828 473161431
2971 331 868515
2972 330 498488
2973 816 563405645
2974 2359 274068
2975 1154 190123715
2976 1374 866893
2977 2202 840924494
2978 613 851825
2979 2043 63394
2980 1875 39691651
2981 1540 797278
2982 1691 9223020
2983 2583 237569098
2984 1497 486050259
2985 1934 647984
2986 1488 277496900
2987 408 490450
2988 2893 697163
2989 1146 333418
2990 113 122980385
2991 643 207867
2992 120 43823263
2993 1369 916863
2994 438 296063
2995 1947 958795
2996 1898 899248067
2997 2761 82807
2998 424 653383603
415760 218647 203069 459828 967529 355390 534705 724352 439875 936759 345411 481071 205923256 464698 969305 703081 252686 173713 96365 588300 684438 70527 437142 495437 631102 587688 552920 425468 370864 305418182 608639 569583 528191 697162427 906581 239288 170184 252616 929597 338537 933980 847786660 790911 477362088 316421 103670 598276 746962 98041 648375 714718 237866 696367 344212 635727 273389 68872 130327 29722825 443254 611947 567459 488979 204381 383009 540693 853715 23793988 603737 709999 836518 380210 159647 212656 33711 50188 374562 354937 647652 565023 757963 173190 179682 466548 88839 895140 5641472 727518 703099 175971 740040 687202658 477054 561425 993418 244941 54364 69138 884256 775294 282312 694974 624353 231877 587820 217523 970492 346328 266288 361767 359095 351915 625976 221765 645283 609384769 289365453 634798 645974 654773 88329436 208203 390909 315656 86409 769637 71482 725291 712797 833207 668749 336748 246926 932043 912222 267848 742958 260098 333477 812278 312563 988157 519062 911913 176596 752501 460458 481633 213520 954621 891078 401472 219449 6416 229867 2545 411837 843335 993501 548695 313943 323520 524768 853245 994837 221751 844501 76840 546794 922281 97319 951973 140922 544687 47016279 376142 305418909 452980 118687 340623484 417304 875420 723502 776728 174944 114372 52290 532675 798980 673052 979670 562329 757615 740662 593055 120455 715598 821462 803279 889166 719616 264974 149614 577634 751520 219081964 246218 807520 653081 280545 809961 199669 718003753 333850 739360920 886926 444767286 999033214 208390 577747 448996 828369 624313 163561 653677 557901 277505988 693113754 272365 844211 982641 513264 885909 198226 725453 849696 63211 631209 826985 968063 924637 76928 761964 72948 487226 389938 606268 734158 224954 729614 955232 647514 126586 456829 190714 502955 716420 376208 610867 428255 338438 968740 191453 891309 874625460 749698 706527 949377 538651 475471 394582 540056 396047365 622004 505831 359516 982888 449147 630955 983031 622052 528261 551160 607772 676045 843663 469836 502431 400281 874725 499794 418 664925 10994 272743 920590 368102 712879 323328 607171 512328 192591 697078 466854 565408 459350 332385 160612 277893 412190 403719 364507 930900 132928 107396 605007 265812 604199 422431 973101 969817 378007 878347 124456 823316 607034 249490 616480 253703 417911 228506553 25937 631918 980733 630339026 616941 14870 882781820 359878 831416 801375 704479 194715 339364 922907 745398 501017 236003 740822 173063 481906 722890 70853951 61250575 767990 777015 517748497 66383 742905402 627766 454477 682672 227414 429093 397547 597293 842432 756780 684246 181491 688360 104954 244178 39634 566289 226049 59461 444292 264267 982140 314680 465474 370721 474813 544435 35579 993824 118834 367469 957494 703741 673356 778255 170805 317079 334054 41611 252362 819869 406484 164248 805246 683435 236653 905858239 180641 723912 322029 704716 254534 872983 378426 328955 121271 120793 940422 53056 148021 783676 889836 958927 447303 582390 60236 498452 941144953 648524 571119 316749 912037 286805 225973 481985 73234 366981 743917 772113 217522 910287 315735 579249 445201 350441 984908 466047 701451 771494 47961 963245 451084 421494 157319 464754 847790 375064 195241 511716 388188 820441 969258 576259 309158 996181 711905 27488181 890885 570149 880140 493010 583071 430236 688776476 623057 906169742 907943 287209 536998 368185 42823 245720 227618 829872 63909 474921 725885141 703785 832783 301059 594636 556454770 170236 840334 873157 607109 285100 763033 824090 767655 165852 985135 345124 660371 105041 512213 832601168 414796 874436 727089 258046 462182 103987 671544 259912 500166 290234 874917 182016 292190 247213 692876 963017 685873 180666 630130595 478025 57048 496807 223214 118449 888115 990342 8304289 293434742 769737 805627992 277006 327068 955762 96755 37168 869808483 88086 889817 161293 461809 458572 95776 820727 245793 522868 504943 602756 766178 590577 7690 388091 944882 593464 806815 999260 876864 843165 655750 21682 782816 500541 181497 663727 864721 840129 278685349 351158 793479 767671 522772 22699418 880953 179740 527160924 115578 731684 296606 599535 294717386 297303 598178 678773 643875 496577 718270 840158 977609 731390 222941 541472 937480150 274302 269626089 35307 434553 684656 479563 491576340 221809 892229369 429536067 876789 953601 855942 17950 224228 524431 356525 32441 554239 271024 151405584 585691967 417620 122607 690406 930779 616463 794454 532926 647875 427339 153540 931432 787709 555917 189257 594411 627830 23446608 388727 993498 186721 414156 667012 800843 291069 606100 330141 90889 648193 589300 521615 227091978 66660 70864 926633 623183 753739 493531654 124774 674398489 812254 987869 407596 749974 999187332 552775 732510 610743 538994 39256788 870772 852875 135872 389380 689747 95320 365721 426392 480121 3641 280811 495622 492108 542677 97019 375437 254645147 694861 97293 430282 887114 415373 818435 439971 639151 687142760 875367 791163 782477 787449 341132 388710 793056 234800 145359 593354 967435 456374 714371 575077 184528 191411 904532 560032 919795 236605 405365 215836 956232 656645 486132 164893 332566 654818 872652 267993 206168 853406577 813675 209796 591358 359523 468210 263968 273020791 412641 184819 127149 970513 689236 856749 174024 389694 44786 940177 54371 205921 197487 696538 536022 262521 684845 795642 881677 251938 154117 951765 280243 827090 138269 190282 712873 868465 377158510 497414 706338 315778 503458 898696475 408751 747515696 615670 108872 381461 146775 285947 240789019 712617082 137263400 572012 363116 512823 75691 489537 662840 524489 649570 369261 314782 845191 41896 133846 422183 849007 306038 507202 523226930 248538 598178 915328 307989 505427 550116 453052 261827 919916 617486 452389 404567 988867 604329 520578 6017 289619 85887 231616 559225 20421 997263 467303 802014 958404 591478 554819 208201 191603 894894 477266 417989 141023 337934 58713 318609 24837 264688 26307 511024 821488 508051 902156 156486 835341 230447 826455504 876332569 972685 123807 201791 234696 129364 790963 140042 78223 984373 210551 239937 876757 505734 264995 864805 457927 999956 272485 292673 492171 507010 187249 73869 139594 340006 546631 332573179 174091 775047 627875 273770 88611 54506 903583 946064 751315 30795 130005 832594 342915 460277 996181 452902 207832 987718 802062 938340 64040 447479 86446 258880 151822 955552 447287 456257 688106 98398 900212 949544 983785 92744 398589 858244 609526 778619 711113 728471 12562544 941831 4638 410467 979657 606008 394438787 459970 607176 626965 903469 305509 534448 721059 280479 587283 209422 262061 745314915 568098 169666 444716613 109523 163890 468859 899878 776868 467566 574992 89512 985829 360264 32060 199584 976320 732489 934455 867900 570796 565731 277950 66064 434202 324908 673603 980414 936575047 509191 489635 35106109 263942 688688 346635 931480 450177 817452 278342818 233982 721528 322327509 523023 211706 979993 184790 591042 711873 433664 885887 275629 98706 446027 638511 403596 816702 682827 37988 686483 916111 826196 456273 637227 813543 263995951 927399 897325 6351 773615 468655 605717 900093 467030759 996196 152424 45988667 345487 118099 74781142 921447 239359 994627 210072 258487 573681111 85674 740023 406338 4343179 185080 184533 898934 113223 433787 689005 474507 527079 595727 557003 352473 632851 4866 835088 169185 660160 152454 918917 389782 114119 679273 909489804 904850 772718 228498503 993968 460527 897284 793560 624632 807787 895631 234072 367576 169698 642695 249936 563954 212003 80734 496168 81600 986564 188050 268979 739053268 634789 308025 385417 380083 918594 856153 990527 196688 362223 118954 835792 126758 683765 693215 184990 121445 547809 437585 395190053 857492 23664190 997878 436453 391104 574324 398201 172326 405491 261023 432468 598513 504651 162783573 161359 16330831 309954 647690 352428 409672 482332 645308 883069 56505 580024 839932 689178 464932 442183 321197 497513 603987 1680 839225 6282 43640 974595 674828 761684 474469 475289605 547032 265658 58721 952864 90280 627130 568538 304649 665837 992697 341481 736813 124813 359049 236285 302419 598231 562724271 992475 825130 286093 564056 258377 997210 614182 830796 455841 317868538 803459 347420 210427 8438 315860 74084 608243 76139 657512 651994 837184 468443 99187270 70332 145844 686693 504472 632496 918885 708298 674821 283974204 748344 361700 81932 423061 237448 486935 427410 884763 470469 194996 711273973 776769 774536602 622899 857437 298405977 491508915 103830 548055 166949 882019 744820 283219 25045 865940 370075 410552827 351783 901325 38982 210467 911526 568773 888096 167104 688532 71780691 667624 917556 649166 917398 184011 704316 220157 516570 408129 110436 131827 755429 882127 515119 639458 32580 576185 619866 277104 729291 867514 387223 726029 488755 757808 953985 573166 830726 987567 94212 376160 288088 722455 608637 927485 278011 340148 793132 64213 337687 847022 613597 811079 50873 830931 402263 958252 875383 297894 711423 596434 102806920 587047 892587 485395 561232 76826 980962 423351 978647125 200364 357051 826847 141122 276570 432743 473539 422683 307064 410681 552295 749876 567426 113504 715936 143968 450745926 643458 876008 393361 652998 968282 200755 124914 304128 79299 905626 963480 289879 763763 476057 809800 800143 934555607 143861 747797 225886 2134 106981 849964 742894 602407 660898 247804 985447 957552 141126 892145 485512 84497 37959 756988 548089 370242 125834 486050 513697 159768 361032 282278 404652030 815707 664817 856845 181159 846122 484496 687612 246567662 187360 803795 983339 355961 351784 715730166 771517 377000 871556 251280 276679 162368 790340000 953080 494031 257216 948753 774791 55603 171047 261220 923272 760900380 362423 612291 626327 949234 793665 647419 27543 811712 130841 245813 201945 802376 852151 884813 225723 378579 767590134 187639 129681296 498035 699207 34917250 107334 368251 406049 17422 876133483 384951 760602 506474 58605 46505 934558 425728 556968 29615 100155 42347 667818 480590 949633 8387 243145 856902 1019 420249 431728 835906 634901849 583591 716765 742719 549259 311027 477863 922994 191406 906079 913212 638022 413108 499221 980022 419539 7996 308943 734057 489207 804403 671819 310769 145744 395678 652870 610845 556064 402365 129086 202119 639114743 890872 386737 166042 469634 566775 702636 791388 549368964 890321 819436 917230 390056 429564 552810 385127 951901653 988169 61248 486043 796566 951719 202756 639914 658780 45859 559054 948479 706940 975475 439677 961604 252250 151763 606707 387287 890710 83884 41552 399247 549394 965496 397325 509637944 534165 70048 153146 459257968 706900 468343504 489660 819697 893314 54088891 168398 188440 440379 725244 838234 911271 818480 245389 374853 858626 70743 312738 29594 932452 585205 771741 700974 103188 914764 902805 84818 100522 738231 958669 457059 988088 101503 62276 738979 454809 617862 794377 156311 799514 181736 130975 689756 559219 364801739 135296 235254 236977307 956082 418211752 754257 571015 505522 518153 780693 972849 3808 638890 299318684 845425 554194 812875 930696 264614 469945 889873 931258 674175 114125 113529 86903 72784 250510 120709 296596 734000 906507 261699023 103473083 958641 141474 408963 617135 925681 402422 451063 692214 77205 952452 989323 58145 150141 278730 497197 155512 136666 721219 534956 597399 901791 568725 60327 720742 527124 723355 659705 396270 66129 743168305 475156 891601 499544 101670 823872 948109 472061 9538 27132 598937 900781 618460 62233 824028 631509 705130 908569536 328694026 347005 970773 419141 457049 43709 120492 736954 490045 256271 647607 750160 146503 740611 577866 788378 21884 538601037 74568 807359102 865991 603110 928960 981549 117889 149088 599830 422739 66810 181253 734002 516068 146200 638256 176695 242046 803121 931917 285787 383877 276353 159373 64338 457279 677244 267172 35328 869206 77419 21876 887551 116425 229466508 412281 921213 43054 697584 51004 786188 17038 638723 10504 404520 284755 35642 330979 955436 130190 167258488 184443 152725392 346167 571077 84413 707638 653720 404087 682909 916618416 52310 546132 367204 697761 32901 269290 624035 228270 441725 100423 869514 733846 365155 309922023 333338976 102688 101990122 665103 486358 164416 655878 426938 361830 389893 587006 440951 51901 106317 532219 932663 875991 565692 714094 397907 748997 948747328 508625 794547 492274 178313 243017 242597 83137 831811070 133380 112313488 813352 650466 700899 764662 697718 177666 327954 201883 580878 673411 411140615 296241 528329 503612 445383 236136 703842 336606 510896 482887 671532 859346 416953 297502 4235 671336 276856 920296 548621 916965 319353 5043 345452 987710 517301 943603 694281 823516 276690179 875827 454428 318561 281802 782292 399234 896190 316649641 537691 33717 176232 263580 375204526 619952023 541873 664789 350654 196510616 378169 677312 398521 902412 316682 956586 239074 800379 28642 650881 704049 897977 258964929 602619 592280 613674 269387 159211 323671344 312068 231346 14644 392011 167463 780060 909255 817239 427863 65834 981340 208767 459526239 33382392 897840 776876 21710 993914 464273 761667 87464 587943 206510 766870 538078 561554 340508 217578 605984 357759115 576562604 354121 610553 961195 160622 650751 389838 693044 670306 35559 637085 96637 126430 507931 771382 82675 792274 739342853 300303857 115003 339935 502165 566509 340674 256591 493701 965016 407407 166984 956181 782583 707861 368795 667038 536454 4864 959791 463243006 25670 978274 318795 486905 164598 967039 581361 815170 129034 139653 289111 349825 349594 397869 316745 945426770 170398 93228 325937 330549 692586 291675 955784 685018847 690157 205877 940967 843663 176788 81159 553747162 211515 794413 520491 542263 930867030 903121 17229 326121 370531530 644267 22957 913409 563473 37836950 357897 58176 697990 625738747 430034 273459 554565 981361 838537 118159 526088 591198 143500 216032 248993 807142 863790 605305 961469 905895 918977 321882 12414 544548 268789 527782 221956 573310 803017 143040 879146 149465 841069 414675 373676 544300 690854 167268308 797147 14941 944069 802928 422083 369223 284570 523122 646449 555221 859806 823371 606994 661484 655280 534640 703017 335330 941048309 86235 132742 421150 434828 971581 360925 715677 757241 930541 704193 671345 285065 410393 814709 688577 467696 651588 910209146 860249 867013 264417 811398 22576 885332 865 578123 729108 514830 999584 514451 63669 799800 871507 61227 449276 946766 564919 30108 445242 418574989 62289780 604038 669201 90684 49153 56409 530608 156174199 612834 432881 553030 594212 445028 340113 357002 803662 176793 394493 505459 736547 922193 485990 31338 562349260 287824682 498109 41959 141923 957763 957905 893005 930421 752585 748294 999071 294848 85856 587304 312415 26705 883871729 633973994 884731 104359656 58052 466051 785036 394737 789369810 8849 735152 784943 712721 555779 258625 517302 874436 606715150 814471 526370 901319 631336 192638 970607353 671436 214143 915862 174595 869991 997830 883682 114914 404469965 658072 173901 231624 724348 624705 189835 681765 260444 810134 759989 110077 14874 877012950 440547 902055 148525 194505444 877038 28290 819939 409977 147831 899615 61244 620446 359272 457099 771408 951000 576497 282427 949932 422320 682291 586958 370194 148512 412983 688100 271936070 193545 921828 171938 548046 706920 974882 942273 116537 593883 377653 457974564 481176 600044 973728 486523 95124 656006 985530 384604 130942 93313 947188 89663292 786953 831556 736076 403544 613145 738600 641278 621213 59847 754911 166138 168575 392945 301853 392133 150751 999262 366295 757372 795379 268105864 552149 409965 325324 541737 553993 56629 322591105 269982 297023 72129 669209 376903 188846 961400 2464 802552 805128 864552 757684 621239 247426 237556827 809281 88410 669695 484525 194955 551282 766116 396336 127302240 972404 285103 607173 427397 475183 617737 267936 896942563 111327 586753 359752 482350 34554 727874 155969 610872 258635 31230 161560 101112 31846 159947 114851 94677 108038 988441 481058 319037 368672 350836 781520 397909 457112926 731362 289093 283343 315518 352677 249511 886157492 308459 567157 562245 295918 844171 459612 419846 290377 515414 525146078 688089 731024 288262 396994 307314 415963 448005 10612 906001 885963221 492069 338118 19231 617131 276668 55975 90178 458729 699630 293177 41359 523042 67230154 214851 152732 967176 8183 713485 696208 667755297 579961 303272 290859 244061 150433 34548 400458 712254 125960 863442 552793 60962 836043 788028 173341 907927 716233 689770 897692 793602 330420 8228 737070 274909 739857 793400 343958 769574 6855 55887 985951 859809 685692 660625 612895 638973 277957 500488 224924 611206611 76301 371049168 55418 990288 217602 827149 128058 655749 125484 629789 835843 224636 399480 131749 812565 36471 999022 82834 677367 893932 807411 88281 706187 459066836 430443 351147 162375 510988 694112 814158 508739 677247 156253152 332162 409694 418343 765457 782096 433122 689935 427070 299009 334765 833790 751221 295026 446854 918165 270131 316641 939709 699574 617008 525968722 804377 970606 197591 50703261 449008 93527 424909 601350 91874 626662 73050 576801 949490 80603 362569735 144192 872774 170437 573572 516767 279865 894333 804460 517619 143947 976880765 165549 834831 172637 801719 538698 423413 367535 115820 38311 413274 733200 152154 188293 758859 494846279 67291 34456 492425 78688 920956 201667 49619 46989 143028 457864 580898 689483 57661 347009 208944 177444 11661 753378460 53228 158148 412278 980910 488583 354776 530618 443370 277648 351509 209255 664484808 154640 119558 82054 13002575 490615 670656 21511 502640 61169 880302 67664638 179359 684345 240017682 445493 62566 952906 745464 728444 228438753 402700 404232 239656 629895 716821 698657 182818 494992 278215 305922 854582 694815 772756 432871 906634 443424 244837824 111279 639618 936382 870748 265765 496289 899629 797233 928610 303312 693809 300647 731460 366157 548614 180329 342946 617267 442549 708676 861818 79782846 473075 193922 5421 560240 241829 396206 849056 750531 242008 418971 256089 777391 990557 787443 727751 194047 726974 511179 514643 176946 569196 990238 32620 220714 646662 589067 47447 393086 599431 226905 804915 705249 534776 554146 420492 933087 99574501 158574 325941131 412890678 917727 305402 73409 968461 78194 898232 757801 906116 53063 110056 992381 557859 218757 894652 142158 353253 446279 649155 164131989 656604 352484 810126 125146 662952 8750 630330813 915182 869865253 263095 276201 337909 466662 994241 666562 951832 879068 417586 936376 524990 823021 557555 277865 860768 628929 44967 354533 894120 17776 200063 721873 378952 627866 106011286 345930 266667 627391 665126 603751 841478 5307 880585 681376 734212 306916 466820 97159876 133062 607779 699551 221480 999975 400124 544623 698254 977988 317259 362227 834971 363092 596561 716995 767822 130635 577035 785155 742889887 790788 3178 900682 383344 992102 702022 71999 793499 5445 598900 868947 999036 669019 223446 872610 958697 73365 897125438 92651 362332 83702849 310666 609771 658479583 17480 728077 589499 898002 371805 877085 156986 980527 422512 508025 136573 909044 280791138 849147 44208 967760 147911 920937 880722 901242 36704 609318 643971 336917 172697 188988 450739 504651 60623 210015 709680 910426 613884 638663074 717591 20879 814701 120789 675969 4005 838190 846992 853844 185391 389326 557242 448407 78259 539901 882290 197983 862978 194200 948528 413254577 662400 503135 224825 552980 414635 65695 242788 474236231 717642 797882 545986 294286 132046 521072 160348480 132594 391977 798954 748292560 719658437 545761 40151 900895 174967040 149780 279182 887358 17629 303050 73324 306126 906426 772903835 234829780 602517 873906 934971 993491 784366 865618 465618 58498 913594 143119 901723 981192 467594658 108786021 342366 234508 372306 388894 874445310 981723 882549 399420 103824 827110 423523901 597794 954410879 962692819 744037886 573311 437896 554078 898595 813779 771842 12613 145380 347603 534962 206759 916666 43179 237140937 976436 271460063 638920 356873 80819 698839 246743 628858 675229 596871 400888 175751 151855 763591 936224 941907 908443 785340 137208122 499473 361228 681120114 86553 920144 35342 436734 337840 981388 20905 622527 729992 886276 122163 849145 513587 29181 432602 245664282 137015 868061617 738083 498503 41615 212150265 779582 346412 123449 66683 483771 29338 470067 76188 208585483 47131 299585431 900524 746034 498696626 311390 984149 13166603 85601 726594 169508 429680 950854 402131 608584 661490 554304 122616 77360 328979 315764 479908 582399 104225 92510310 300903 892871 37737 970439481 755671 55285 833711 959736 346317 79580 686209 517972 195852 926718 886301 33133 804612 442495 788311 338746 417883 474490 196427 827174 195364 333798 789057 490421 775473938 913238 960886 391416 803987 194684 765866 850048 948878 968554 468749 688481 158679 954631 270983 402761219 207753 785683 532964 833530 396071 713149 210476 511531 143484 213290 950491 605801 776756 575768 301183 479191 620287 81003951 758489797 331264496 601453 248947 67155 199094 726219 336633 134299 876089 460118 613602 154000 765356 807056 986753 688834 911435 658954 801666 743202 926171 420430 866781 788910 735418 580707 379682 311254 216661 93424244 291185 480867 96461 545094 823194 729623 638960 105295 934571 14940 286449160 12363 189823 330777929 850175 361753 494384 113092 491652 530881 591302160 626688 865623157 701998 645608 655392 32070852 937522 