2921 2921
2 1 292548012
3 2 43158152
4 3 79162
5 2 178470
6 2 461540380
7 5 41148230
8 4 666297533
9 1 408763333
10 8 733220302
11 9 483751
12 11 310679232
13 7 470503
14 6 665272195
15 1 684501272
16 7 169500932
17 3 843880
18 14 151833406
19 6 651630
20 11 313766473
21 6 658411729
22 11 681709400
23 3 480383080
24 3 877774341
25 17 746937141
26 11 424477388
27 12 274643
28 27 264749091
29 14 336953306
30 6 802940
31 26 460798271
32 1 104441
33 27 622414606
34 3 788710
35 20 715145
36 20 175390603
37 23 300794322
38 19 761329
39 26 133402476
40 33 308704
41 27 912286
42 1 321339
43 30 428968
44 18 426402
45 42 257581175
46 24 822551182
47 28 897488994
48 13 200381579
49 27 944935
50 17 134694920
51 44 474160532
52 40 281510
53 24 212499
54 34 576160
55 3 757349495
56 43 867108219
57 5 436471
58 21 406723198
59 5 20566411
60 43 564305971
61 31 975836471
62 37 142437347
63 60 936219634
64 38 320188
65 24 873732
66 60 545659
67 26 124349495
68 30 27667070
69 55 198775
70 47 788438608
71 13 986849
72 6 32128044
73 55 236677410
74 14 78162
75 33 356852884
76 69 707326329
77 69 122522954
78 29 550864
79 24 740260228
80 33 217991
81 64 130867740
82 12 697426080
83 23 563070613
84 57 630779
85 61 43142
86 60 209370
87 34 468781
88 51 279558594
89 17 586516803
90 46 178621
91 17 635544
92 37 139755
93 64 173206
94 50 137137903
95 21 125421297
96 4 747126524
97 34 59224
98 94 119671825
99 18 606860086
100 61 830216635
101 54 764590
102 76 401267615
103 44 454349536
104 32 71012
105 78 331603440
106 97 27202
107 29 630500069
108 3 169273
109 55 386974851
110 35 123792496
111 28 176915
112 77 872432080
113 104 565084638
114 26 593720647
115 78 103641
116 50 544958684
117 82 79594595
118 37 241275560
119 101 303046897
120 108 149222593
121 11 100304161
122 97 853820
123 72 745444649
124 114 92745722
125 104 660264083
126 47 223506
127 105 845362468
128 47 779084
129 74 812956167
130 60 140060562
131 38 415370643
132 105 145439552
133 124 101162
134 119 802684053
135 130 201171
136 127 637307
137 37 348216685
138 111 851652990
139 55 244433
140 108 474612615
141 50 66779929
142 79 412383
143 125 603916
144 115 565287
145 18 361758799
146 76 387744197
147 26 1163
148 50 379145390
149 13 897240
150 137 411717
151 34 563900
152 21 764047
153 67 637105
154 59 594773
155 93 481884106
156 1 129311
157 68 832241
158 118 440768267
159 111 802623456
160 23 87811709
161 129 394340
162 84 246262944
163 87 496798506
164 155 183289
165 20 928470736
166 40 719803
167 15 496210
168 97 553819
169 142 438582
170 114 100334850
171 45 862626534
172 145 442856780
173 24 238623933
174 73 57793157
175 133 974312402
176 14 25365
177 12 911953782
178 16 138252012
179 123 166517252
180 27 641888
181 44 242249170
182 154 233320809
183 77 726556
184 31 888922
185 115 426978
186 93 913503899
187 4 117488239
188 154 800984475
189 4 862143
190 115 962481005
191 156 591702088
192 128 694329807
193 181 336084
194 82 574785
195 130 689135566
196 191 453000
197 172 58387360
198 177 890447
199 73 38994302
200 130 439796627
201 114 335645
202 124 6815735
203 191 895044901
204 114 974863514
205 102 769432112
206 115 215704178
207 11 653580
208 9 533842300
209 182 315672
210 108 517068151
211 23 569257797
212 113 294638
213 57 299293
214 154 164917
215 73 611000067
216 204 76916137
217 67 504444
218 189 849750396
219 192 447657
220 211 278195
221 86 156432776
222 206 590932748
223 174 918918757
224 189 824388
225 209 409116
226 144 77235
227 193 906468440
228 21 309219783
229 43 903903270
230 140 888393
231 202 874727
232 196 798943
233 63 970933
234 134 380222197
235 4 365587420
236 154 770160234
237 9 644830
238 6 306740
239 123 926481122
240 200 615182
241 210 75138
242 146 403721
243 117 279488
244 76 200393751
245 208 699590370
246 66 350789818
247 191 187697825
248 203 761541
249 181 55850432
250 95 859779
251 205 482789423
252 115 808921341
253 214 902294887
254 175 100994
255 172 620933554
256 123 479094314
257 105 718119
258 62 499411269
259 206 633643
260 112 339926
261 34 506004
262 184 781382949
263 8 999283465
264 239 431543
265 185 410320
266 128 467539
267 88 663495050
268 215 328573561
269 84 116981
270 224 637689
271 238 56024005
272 114 536352
273 63 836284775
274 1 423920260
275 193 711064
276 182 889421
277 24 285261240
278 266 840360
279 184 387748
280 170 497797190
281 25 480953381
282 46 112581
283 170 71554266
284 34 146859
285 167 191744
286 115 654898222
287 253 33198281
288 83 415044
289 211 508654860
290 200 35662134
291 82 885857
292 181 462066483
293 124 409518
294 261 384718
295 65 551923
296 185 258224177
297 272 405576
298 235 651115732
299 113 220837941
300 83 566538
301 240 289761
302 112 33986309
303 149 360969302
304 229 931771338
305 107 298220
306 278 49924627
307 86 451674
308 231 466135
309 148 619893
310 294 426518
311 216 501979
312 213 122558676
313 274 430675
314 206 764575588
315 6 226861
316 23 29325
317 5 474519916
318 27 32402309
319 275 948009
320 176 773138
321 179 244602
322 8 251027
323 274 87631
324 45 12638766
325 100 217505
326 43 859128
327 221 624920086
328 21 581288
329 251 619923995
330 269 532495
331 238 530481584
332 11 255528810
333 225 279668
334 16 346846
335 175 412002574
336 219 178960979
337 87 295873847
338 71 365700
339 43 317639
340 12 562813675
341 127 496249967
342 322 762151059
343 154 183908579
344 330 389201
345 190 554647
346 276 440073861
347 158 353579674
348 116 309633
349 78 70723
350 2 176569
351 155 665384757
352 202 85485
353 107 558463309
354 175 738225
355 13 373049
356 157 206962294
357 200 310649462
358 155 863948
359 113 726179273
360 37 644596188
361 169 441736
362 180 451908434
363 197 768132
364 180 917177
365 250 980996908
366 102 119288
367 174 93303
368 30 133340
369 66 366920797
370 171 817811
371 311 532535
372 118 430129818
373 80 403309949
374 352 145603
375 44 618228501
376 329 494456212
377 3 811740
378 228 171371251
379 44 936096
380 281 590184
381 73 634190226
382 278 254869
383 345 662002922
384 76 227023
385 46 12638
386 240 343015107
387 210 109536567
388 251 651086
389 341 13710345
390 234 806015189
391 25 691439353
392 159 978873
393 205 22631
394 133 463758
395 311 699356
396 284 456693
397 312 549000688
398 135 628064
399 366 97680260
400 342 392023
401 341 481335
402 336 83675252
403 155 48481480
404 316 539215283
405 244 658664
406 92 176996589
407 82 285015752
408 87 434901701
409 198 634560532
410 48 150672
411 84 491874375
412 358 771861
413 140 492085
414 197 714638
415 139 825953126
416 291 815425
417 227 817590
418 169 113229
419 131 238375128
420 245 100640262
421 65 445452
422 409 252393
423 347 270476
424 223 341255506
425 390 615607
426 366 24587
427 53 140241657
428 390 74156
429 337 117407703
430 154 926759947
431 345 234350
432 266 897032804
433 212 948190
434 321 11500451
435 360 70014
436 6 536639050
437 394 566610849
438 172 603309
439 294 370137379
440 272 231017
441 338 649123
442 332 660844
443 318 823432529
444 181 695039
445 278 20072
446 150 615416764
447 100 405957
448 238 658194146
449 111 857991
450 55 996801
451 376 475134098
452 70 484212
453 57 960613
454 225 597403
455 330 438886060
456 134 208211
457 184 823532834
458 303 491708
459 295 320937
460 439 116437
461 118 106552
462 292 614093034
463 406 452183
464 20 50631
465 178 948388806
466 160 656194
467 159 199692
468 228 286463
469 430 796496
470 230 796979
471 160 411620
472 213 450237
473 246 68450
474 43 348348173
475 281 920127380
476 245 650323
477 186 473183
478 54 251438688
479 32 316513971
480 134 974075435
481 447 445470
482 114 838696
483 61 209748781
484 120 202146838
485 191 298063148
486 237 586713170
487 132 290641
488 438 499537853
489 207 378942
490 250 820289754
491 310 145790
492 266 527759718
493 393 100419125
494 314 144351
495 459 127691
496 266 480977
497 121 61323178
498 52 852433
499 351 127475235
500 443 496244
501 281 779123
502 61 815154
503 124 614097
504 28 272915
505 404 455895
506 323 16292
507 305 17764384
508 423 852477056
509 365 895320
510 256 659215417
511 208 971176
512 379 592969
513 5 981725836
514 484 26614
515 373 356226
516 435 261957
517 454 466825
518 147 224985003
519 46 144173365
520 131 948769823
521 143 471012
522 344 887395848
523 365 156639006
524 413 58116605
525 430 383334380
526 399 517027219
527 380 821710
528 448 482768970
529 148 508921
530 55 66000
531 19 163793
532 228 223291384
533 148 519677364
534 191 371342
535 109 332707572
536 129 85774030
537 270 466098026
538 179 814413248
539 200 125155752
540 54 478355360
541 283 763716696
542 75 133874
543 337 644020852
544 421 573587
545 486 507440
546 405 981092
547 433 519495
548 171 755418
549 359 403419991
550 56 168243179
551 516 28232
552 388 865839
553 307 15373931
554 507 982693
555 258 562387323
556 541 229833022
557 397 333362401
558 287 116655743
559 213 742707
560 42 442376041
561 79 618544036
562 517 243446
563 323 542335666
564 1 42195137
565 257 166586
566 542 111387086
567 139 9266204
568 54 199814
569 244 321953
570 29 934038956
571 436 617814
572 299 924863
573 295 41404470
574 381 628329
575 229 297276884
576 196 453602
577 493 485280389
578 220 726485460
579 146 346944840
580 325 797906192
581 422 655014
582 234 119538
583 394 867176
584 311 833165293
585 122 285453
586 194 310779006
587 113 373932
588 191 783577
589 473 418593
590 483 634906288
591 451 949547
592 167 525094
593 55 622763
594 411 260124
595 277 496423282
596 317 382324
597 210 783198677
598 335 216468849
599 309 872904
600 324 691622639
601 555 149447
602 57 278190
603 71 573103
604 361 413883083
605 15 295307
606 28 812190609
607 454 532940495
608 117 268870424
609 196 939736571
610 407 914407
611 98 770795
612 603 670579
613 33 936465948
614 140 263650
615 410 414484182
616 245 822091
617 239 252443
618 439 571946
619 489 410939
620 269 221903
621 183 752635
622 373 867113483
623 31 837489
624 424 591427
625 70 306256
626 268 133095097
627 127 936273232
628 22 319518
629 20 249624822
630 32 304346
631 191 742923
632 607 262946
633 591 556853236
634 164 350683335
635 187 364840068
636 378 389985540
637 412 684451851
638 186 601846
639 84 159504813
640 404 752723
641 434 257738
642 38 919763100
643 589 235408633
644 121 829960544
645 641 102802
646 499 455438
647 242 955832754
648 164 750962
649 279 152314352
650 407 864684
651 573 423921757
652 174 711812
653 546 672477301
654 561 992919
655 207 45384530
656 257 185805572
657 3 168276695
658 196 173976955
659 391 404332108
660 242 281360
661 614 427466
662 200 533661
663 527 701981
664 9 147960367
665 457 596442
666 8 424264
667 36 691156
668 108 119772
669 645 383650
670 135 279429724
671 315 143412
672 293 963559
673 493 566584733
674 91 548182716
675 138 243683876
676 261 403108107
677 166 812972
678 603 293279
679 421 313534
680 323 92066719
681 566 450906963
682 255 263034
683 500 689304
684 54 888216906
685 460 112787813
686 186 48348365
687 319 879642
688 116 314727
689 502 605869891
690 320 968853333
691 618 808985
692 232 216060
693 606 459249
694 656 290284
695 656 84799110
696 297 883742991
697 161 381156
698 519 204832
699 284 827721
700 355 648834119
701 287 572958116
702 653 995826766
703 360 442524
704 275 868092340
705 209 931224435
706 200 637763
707 2 7954
708 664 836666913
709 165 897995119
710 316 88436
711 152 954494
712 227 67565
713 606 896551118
714 240 128321
715 607 901338
716 624 673485426
717 190 670145023
718 452 391819
719 433 32907012
720 637 271626148
721 650 112198380
722 109 575519624
723 634 538392725
724 234 410381295
725 419 746248514
726 583 776637484
727 353 594
728 689 493907
729 343 778623024
730 604 215021246
731 383 646463758
732 169 361047283
733 296 109143159
734 511 434638
735 25 514742
736 321 865331782
737 532 438806
738 452 915339936
739 101 541546864
740 225 823849
741 494 707469
742 159 968403
743 613 894960
744 512 961956
745 624 700441869
746 335 864289
747 623 949331052
748 476 194607
749 156 421534
750 204 395091
751 237 451686
752 564 18844088
753 592 612027
754 535 739140573
755 599 513779096
756 626 448985244
757 438 510871817
758 79 776119351
759 746 637468589
760 23 157220578
761 275 432597
762 663 180488
763 181 721484
764 138 377617195
765 252 178379
766 582 361872
767 101 532610245
768 380 422224483
769 81 388646904
770 295 120037555
771 385 10861
772 453 257714445
773 599 682777858
774 306 5746015
775 553 957850621
776 728 658973
777 186 923412
778 292 893669
779 572 874831
780 553 746921
781 577 896358
782 81 879114
783 694 101437163
784 277 16761252
785 93 235823851
786 654 374503
787 551 31925
788 447 510158
789 499 84636
790 307 673906226
791 530 80304899
792 742 64783305
793 629 785676
794 649 866271
795 715 40184
796 540 986047
797 75 627481
798 31 467455
799 458 279677966
800 467 54579
801 657 634941771
802 532 350871816
803 397 422042
804 122 391215
805 558 11536429
806 679 84230477
807 288 744134
808 119 818429
809 377 586888
810 159 884064331
811 209 686098634
812 787 309577
813 220 927465832
814 203 769032997
815 347 122315
816 741 479814067
817 725 420556611
818 256 845618178
819 733 233504522
820 58 898332
821 169 26541
822 712 213444
823 398 199516957
824 493 466442
825 314 408982755
826 670 778631348
827 676 12780
828 212 903392328
829 224 393079439
830 690 709459897
831 298 748295
832 810 617750880
833 827 917540264
834 736 929971066
835 597 268887
836 524 112664594
837 474 371434
838 35 548631082
839 714 519626797
840 376 314434
841 778 236865
842 690 194838241
843 624 443169
844 417 325009395
845 234 880332
846 822 482402947
847 500 615540143
848 11 463751
849 96 892059
850 639 593801871
851 834 308102
852 541 93892
853 693 691982953
854 767 917687840
855 493 567034
856 501 741568
857 259 869895
858 747 565219262
859 726 348293085
860 35 788744839
861 514 509010
862 499 488100
863 765 313387201
864 480 603239
865 163 327078
866 716 927421232
867 783 700026966
868 487 971619
869 91 325779
870 672 565324
871 106 914835434
872 330 43688669
873 752 398156
874 452 101376086
875 540 940756
876 323 761292
877 785 407383
878 755 329633943
879 800 592626
880 672 438649
881 236 536895722
882 642 230601
883 856 558287
884 823 325354
885 745 629333510
886 389 881249
887 152 238298201
888 43 410602
889 868 619895481
890 122 716623
891 758 125463
892 575 671712174
893 566 519039
894 711 509035
895 497 715869
896 94 275147
897 662 305841
898 491 607291114
899 162 709400
900 619 854725
901 878 235010
902 193 423580996
903 806 140794771
904 632 50848
905 474 143794
906 103 102452
907 484 419156
908 542 659532
909 343 40118484
910 757 562274867
911 743 263389
912 250 191150
913 691 859597
914 414 260992400
915 373 665851387
916 765 809601
917 250 898932
918 197 35005998
919 56 637864989
920 303 938738
921 501 272610092
922 172 552458
923 371 35649925
924 99 61134359
925 477 270171489
926 203 944508297
927 438 446461704
928 109 998730515
929 715 876437737
930 435 441443095
931 535 124547237
932 72 585230711
933 299 212502
934 516 401367
935 442 755657994
936 234 667045
937 921 240436
938 867 763152
939 376 985539
940 656 777993078
941 664 454699
942 459 542178
943 172 939284154
944 877 219098
945 215 310959736
946 363 22328304
947 759 311347
948 177 214152826
949 738 21773339
950 535 364807
951 431 142476437
952 220 909910318
953 212 781944
954 346 910639106
955 58 251730
956 44 609073
957 479 381654733
958 550 278658
959 576 348718516
960 500 976228
961 404 935670962
962 52 555378
963 815 5685903
964 627 461660686
965 429 141162416
966 300 545981
967 693 439468564
968 418 799932
969 852 885838206
970 943 348644
971 851 668371356
972 392 909766
973 475 53636891
974 553 899810
975 604 398081
976 520 745936
977 478 326256
978 757 229631055
979 111 445510185
980 893 154216363
981 598 330851
982 772 942480998
983 519 200551169
984 675 454353
985 897 175955231
986 740 914073
987 974 364066
988 145 70145319
989 486 25766
990 827 490103619
991 44 896095
992 282 842938
993 530 877436442
994 330 486803
995 819 541017
996 496 355699
997 595 542100655
998 963 498491
999 797 804877131
1000 607 646528855
1001 73 776239
1002 253 655851
1003 618 148342
1004 937 338247
1005 575 134404277
1006 133 399291
1007 810 106058
1008 935 754936
1009 424 988995
1010 206 80987693
1011 318 343613
1012 726 592032032
1013 617 565775
1014 1001 542188
1015 978 716595978
1016 963 144441103
1017 976 833952590
1018 285 402906728
1019 828 69891536
1020 622 658004168
1021 513 680634
1022 577 695217715
1023 602 557826
1024 547 690512
1025 984 100021
1026 133 717715414
1027 786 759390
1028 554 425102
1029 304 58938948
1030 92 192830586
1031 506 585187
1032 641 170766
1033 114 911445327
1034 145 163619443
1035 348 206796
1036 861 119292006
1037 999 986116569
1038 987 619846
1039 650 16874501
1040 363 526320894
1041 852 140719166
1042 395 54956377
1043 658 718142400
1044 222 24837077
1045 708 765192022
1046 498 234847021
1047 478 811999500
1048 73 292513
1049 495 996563
1050 815 480317
1051 735 660947
1052 651 623153707
1053 435 643775119
1054 634 335887445
1055 81 361262
1056 332 426367
1057 1000 907053
1058 176 84249
1059 314 674702
1060 46 771736132
1061 1023 707204290
1062 714 245853570
1063 387 307271
1064 815 273328
1065 422 823567190
1066 321 620467705
1067 40 423961981
1068 651 475310743
1069 922 3335312
1070 421 103104
1071 990 910983
1072 483 604463
1073 886 541427008
1074 629 820182
1075 893 869801265
1076 847 824198
1077 275 235857
1078 738 177176
1079 502 914038
1080 705 619875636
1081 265 674032
1082 766 356852
1083 567 205875399
1084 793 377190915
1085 200 226092552
1086 127 934244245
1087 371 784295
1088 139 887554009
1089 933 436721147
1090 874 417459
1091 628 334675379
1092 348 980234231
1093 374 177470704
1094 705 540280901
1095 2 53972
1096 674 767268
1097 423 936198
1098 241 31726311
1099 892 594084015
1100 945 143073536
1101 85 388888875
1102 973 572756
1103 701 218780498
1104 348 242646104
1105 592 574703192
1106 757 323090
1107 692 22370570
1108 172 456793
1109 1087 299739492
1110 314 440387
1111 695 189056
1112 108 189572
1113 666 406868
1114 721 477206084
1115 787 61585807
1116 1034 871197118
1117 393 420083
1118 446 733822649
1119 555 479584
1120 650 854198
1121 110 143374526
1122 309 761053
1123 147 100412
1124 51 195104629
1125 267 849672
1126 1073 143925214
1127 179 237800
1128 238 334469
1129 170 342394274
1130 538 904052294
1131 287 828013
1132 730 98997246
1133 305 756980605
1134 374 231755
1135 886 132987862
1136 1119 284922
1137 984 175829429
1138 456 131533306
1139 253 378065088
1140 926 996794066
1141 156 572262
1142 44 504305
1143 971 826528
1144 160 539669
1145 908 856244
1146 864 495311376
1147 527 214952283
1148 346 528969
1149 380 299006449
1150 1066 999655
1151 776 831103604
1152 728 310902347
1153 884 292730859
1154 602 536532
1155 195 522730624
1156 900 486969
1157 310 726192
1158 66 942731420
1159 714 564460932
1160 450 271336865
1161 332 94953
1162 113 89915
1163 1132 987613895
1164 774 977498
1165 571 652962693
1166 554 936605365
1167 941 134546
1168 343 287170070
1169 698 452787503
1170 730 7648499
1171 597 726080187
1172 900 188961116
1173 977 146146228
1174 487 686123
1175 30 244938992
1176 114 674970
1177 796 92805707
1178 1024 935275
1179 428 414465
1180 875 358327134
1181 967 807289076
1182 222 794475169
1183 432 399084
1184 713 960008
1185 626 638967275
1186 402 60063
1187 89 547548
1188 391 666368054
1189 325 802440
1190 593 261152
1191 869 278050
1192 772 364597
1193 865 812962
1194 190 434948508
1195 648 378364270
1196 1043 491323911
1197 832 190574
1198 51 743976582
1199 564 698059
1200 56 699653
1201 830 158963
1202 1046 114729261
1203 174 901245
1204 170 150773260
1205 352 68803
1206 745 714991
1207 1117 596845997
1208 362 539955
1209 397 251733533
1210 542 199676816
1211 348 895379
1212 1100 418745834
1213 941 579992
1214 491 109438057
1215 401 545324301
1216 1131 617819791
1217 1177 413240
1218 641 431256
1219 213 526551
1220 35 617050413
1221 883 581181288
1222 855 747970
1223 132 364390
1224 525 18198592
1225 913 589523684
1226 643 406887839
1227 513 464515627
1228 638 702973075
1229 369 799730
1230 566 774093618
1231 50 177831456
1232 398 389307
1233 552 816896297
1234 1023 101632
1235 368 780009934
1236 1228 995810
1237 176 597397945
1238 358 497397
1239 997 761488
1240 945 964134848
1241 261 243598185
1242 197 38122
1243 579 999315533
1244 1013 916575
1245 249 155116348
1246 1237 370161465
1247 654 174440884
1248 401 995091150
1249 128 412335
1250 3 925487109
1251 233 62036
1252 175 314978306
1253 1161 100993
1254 853 281505233
1255 1217 184447560
1256 496 145841070
1257 245 613848
1258 104 775294
1259 1253 737618185
1260 75 11286230
1261 561 835405584
1262 99 45091
1263 683 194035
1264 766 317192
1265 399 511208
1266 9 733546567
1267 281 932159307
1268 602 324424
1269 24 692321
1270 52 863438
1271 217 778112
1272 995 497316603
1273 570 510564808
1274 916 509013
1275 1113 995058173
1276 900 851832
1277 1081 459630384
1278 139 817612
1279 365 276451695
1280 1028 337803102
1281 250 744451930
1282 1011 829064
1283 327 508376688
1284 1114 320679566
1285 751 642366368
1286 689 567905
1287 186 523924
1288 1175 52422
1289 1220 119580
1290 494 938648422
1291 595 240593003
1292 41 919481436
1293 1194 261411037
1294 638 900621035
1295 312 87219032
1296 311 453551
1297 560 118673
1298 297 709875
1299 1086 912785531
1300 780 449876715
1301 816 897113
1302 1018 912607215
1303 836 467135337
1304 857 940878318
1305 202 986844381
1306 419 411418
1307 564 369648449
1308 970 274680
1309 1173 403651
1310 258 120101555
1311 818 682095662
1312 675 609715
1313 699 159750818
1314 766 289319
1315 1115 547979
1316 1166 766263627
1317 840 89911600
1318 13 634609891
1319 822 671897
1320 201 819505733
1321 547 43244
1322 500 425685
1323 451 344895
1324 507 650722
1325 757 874987526
1326 448 614579785
1327 1260 837666515
1328 869 518752
1329 476 48773
1330 133 975633
1331 971 142775
1332 12 810173896
1333 822 696081
1334 1165 106653779
1335 1019 112100088
1336 407 390132
1337 999 192590562
1338 930 502287
1339 1266 503546
1340 611 583798150
1341 397 918530017
1342 1185 610568
1343 1254 806931
1344 768 583014
1345 83 134295
1346 371 209051
1347 892 605765478
1348 1150 389736000
1349 1206 369246
1350 515 488886001
1351 46 493666155
1352 786 328789938
1353 1068 225910156
1354 1270 758900
1355 300 218068
1356 519 947268
1357 32 892712978
1358 1344 675410260
1359 60 596035
1360 766 835546653
1361 1237 582872
1362 1290 980567
1363 939 551451605
1364 778 736917757
1365 163 233616
1366 1231 258981
1367 618 405447
1368 211 992845
1369 1067 63077581
1370 679 314090910
1371 1222 743263
1372 730 720569
1373 620 556557606
1374 1347 954373759
1375 879 724269842
1376 1099 68537
1377 523 955577715
1378 711 534195433
1379 1023 686754
1380 190 755755216
1381 224 397295
1382 63 899394
1383 356 564392
1384 725 879417
1385 473 428413
1386 34 665991371
1387 401 132547
1388 479 239770506
1389 821 436463105
1390 236 996562
1391 118 224920
1392 833 970677052
1393 730 520152376
1394 42 950780
1395 892 367285035
1396 309 335193
1397 1267 721271775
1398 552 669251
1399 500 523338395
1400 525 95410
1401 506 109411
1402 414 199732358
1403 1289 39292
1404 749 405045
1405 1024 763639435
1406 1030 172932
1407 1262 774584294
1408 855 633386
1409 487 509409
1410 1316 971577
1411 785 555429
1412 915 250385876
1413 534 453739983
1414 302 729783112
1415 714 891081
1416 433 4004769
1417 934 122654
1418 453 622428550
1419 1273 963488346
1420 1061 932917944
1421 911 740863866
1422 416 248783963
1423 1297 902321
1424 344 238693
1425 1351 590363501
1426 131 57156
1427 727 146130
1428 921 947339900
1429 548 165758
1430 270 426177
1431 1119 557348214
1432 1094 623364
1433 1079 118903487
1434 98 300775894
1435 862 574252636
1436 455 951368786
1437 202 806310
1438 1128 631146531
1439 1380 63935329
1440 622 56620
1441 182 363262
1442 287 47589579
1443 757 182267
1444 637 601567
1445 1159 841738
1446 388 39818003
1447 540 457702172
1448 547 802887
1449 51 477178
1450 848 602283914
1451 58 588349
1452 4 472205818
1453 1236 208584173
1454 1224 463864
1455 467 967651
1456 475 309332624
1457 1422 749749316
1458 590 430609861
1459 1357 691607
1460 198 136015
1461 359 375730
1462 571 823456149
1463 676 599629
1464 436 376289
1465 695 898896215
1466 501 717048675
1467 743 794971
1468 1140 653925
1469 451 274453526
1470 586 961051934
1471 1124 532869107
1472 207 951554
1473 689 894513760
1474 131 480352
1475 36 30864
1476 1095 175052
1477 1220 473866423
1478 227 227721
1479 846 444621876
1480 43 784096870
1481 38 397938
1482 1150 676540286
1483 748 8357
1484 922 844037468
1485 728 563846302
1486 1139 359069158
1487 277 182080
1488 1178 32103
1489 888 729129377
1490 421 771972131
1491 8 253308383
1492 523 211846130
1493 738 61283
1494 545 551923
1495 801 13813
1496 1106 831774
1497 42 488127217
1498 897 786078
1499 1202 338345991
1500 690 49091638
1501 855 14769
1502 405 764242463
1503 956 299060
1504 678 922007
1505 165 912193
1506 12 287401776
1507 696 416765
1508 843 434768
1509 350 396640
1510 295 737916734
1511 555 853278100
1512 782 550668181
1513 954 593740
1514 501 247133
1515 1324 796179200
1516 358 669596641
1517 825 678666813
1518 345 706492
1519 831 237450
1520 844 918398
1521 906 143054903
1522 60 387087794
1523 549 485735
1524 980 925858
1525 447 132466811
1526 963 437040
1527 1034 246267
1528 1128 238618349
1529 1194 941753586
1530 457 271708
1531 1468 818647
1532 1197 252606205
1533 1509 925912
1534 777 197243590
1535 1412 590239349
1536 702 551686284
1537 257 283019702
1538 1060 440135
1539 1126 79554295
1540 1345 344092400
1541 95 629706
1542 797 328346
1543 796 329714440
1544 428 90043
1545 580 806072202
1546 1404 207317466
1547 1125 637589
1548 100 913429
1549 1060 235560308
1550 829 580627995
1551 1264 554490
1552 433 710527498
1553 1125 698081583
1554 809 855272057
1555 1173 439920
1556 933 368586346
1557 423 571002
1558 1216 164248737
1559 993 957456
1560 633 599575303
1561 14 346447802
1562 1308 126128565
1563 805 772151408
1564 1297 436723
1565 1434 794716020
1566 1384 903662365
1567 118 332833
1568 69 720348
1569 1393 456583
1570 1393 835388
1571 1358 562981762
1572 1099 943970101
1573 73 79133256
1574 816 162129
1575 1080 883572
1576 1517 92380
1577 931 926936
1578 1252 387095
1579 148 190284
1580 1360 56782799
1581 828 760658878
1582 524 712769565
1583 1249 652990
1584 1197 775872504
1585 597 711389215
1586 789 213451002
1587 788 47275738
1588 164 687257
1589 1231 675343
1590 293 939483
1591 291 360930289
1592 1352 662422690
1593 305 851341
1594 1137 394530
1595 219 31287475
1596 970 459504817
1597 929 703443
1598 969 198072909
1599 301 333765341
1600 1367 939429430
1601 1023 119875518
1602 49 543116
1603 63 816571447
1604 1008 750229246
1605 858 704
1606 21 517629
1607 458 406645
1608 309 512159
1609 1196 234006486
1610 777 979745667
1611 1269 873949847
1612 1206 7580
1613 1427 26400457
1614 680 105040
1615 1239 406282
1616 1613 181284
1617 99 317618
1618 504 531612595
1619 654 697421
1620 1148 12081873
1621 1562 169312448
1622 1327 39532170
1623 1054 56511036
1624 65 254821619
1625 1153 109340
1626 789 7852040
1627 262 977296709
1628 821 97878
1629 1440 68979101
1630 1475 1290
1631 115 218243130
1632 1145 77100310
1633 1070 419377
1634 943 540495
1635 13 866749
1636 408 157661
1637 1083 726067
1638 1502 854053670
1639 24 198637
1640 891 812407
1641 50 384864571
1642 531 940387022
1643 693 908584573
1644 867 801215341
1645 202 13110
1646 1518 73280134
1647 748 774916
1648 404 57645652
1649 441 790921
1650 621 934540526
1651 27 815551
1652 289 947221
1653 1466 299397
1654 1140 457500
1655 824 820417
1656 110 209851
1657 1435 989557
1658 27 997956354
1659 1475 554123
1660 1014 92075640
1661 1033 86033
1662 1093 217035
1663 1343 738141936
1664 22 188030
1665 449 934016363
1666 238 747517719
1667 839 473466
1668 1581 255466
1669 1663 781143
1670 125 438701551
1671 1037 374387463
1672 8 666212921
1673 451 245100039
1674 353 386882677
1675 691 961271780
1676 1655 984279
1677 1469 566063658
1678 1229 577482
1679 392 564880
1680 1188 386014021
1681 35 162843935
1682 1234 471161033
1683 195 152072
1684 989 237526
1685 285 622085
1686 983 157241455
1687 47 332480
1688 223 129945430
1689 1515 145592
1690 1641 411569059
1691 1172 201048
1692 290 943257
1693 1447 729063090
1694 908 229072434
1695 1209 543633408
1696 67 768787724
1697 1383 505614
1698 716 991651924
1699 1074 325559
1700 566 839634
1701 634 756015
1702 270 932196350
1703 999 799627937
1704 994 710298535
1705 415 966828798
1706 710 124976
1707 857 939625
1708 532 821129521
1709 570 370490
1710 110 392841832
1711 1699 927607
1712 218 30297439
1713 607 108266043
1714 909 705218080
1715 672 64723
1716 253 31874213
1717 1267 993149
1718 823 25588506
1719 1352 403937
1720 1217 314050968
1721 494 730354
1722 1678 35216
1723 699 77398053
1724 572 332656469
1725 316 26132
1726 1091 311306821
1727 227 365058
1728 22 179344
1729 667 181273461
1730 1227 957943
1731 312 409527772
1732 809 56236
1733 573 146483933
1734 598 880452
1735 74 307962276
1736 1461 223573194
1737 1136 621786
1738 575 792295
1739 164 212703
1740 836 119655614
1741 1043 469393
1742 1164 409018474
1743 1486 771993567
1744 409 163432
1745 660 441647
1746 1062 274700753
1747 638 323262
1748 443 999733523
1749 87 694168537
1750 115 869474474
1751 286 742189
1752 647 947118
1753 1265 558610
1754 51 95964
1755 1380 155434136
1756 169 656760
1757 884 920389801
1758 813 384004251
1759 80 434612393
1760 442 490233
1761 557 417249
1762 99 421788331
1763 1040 980634945
1764 369 445555392
1765 1555 467350
1766 1186 487240
1767 1443 40891321
1768 426 279788264
1769 287 844524575
1770 1408 543467391
1771 54 386366906
1772 1316 552289187
1773 1177 864979042
1774 658 252497
1775 1655 399375766
1776 1537 622551
1777 670 924807
1778 1329 698226
1779 1522 974143
1780 1155 243688790
1781 430 43500
1782 1355 105560172
1783 124 495422
1784 837 173030
1785 1718 143462
1786 1010 811531
1787 1278 27404323
1788 1343 353722
1789 1329 530170
1790 602 924650
1791 191 225672380
1792 695 219979903
1793 1141 618966836
1794 1290 440870019
1795 1486 840803
1796 1256 717091
1797 299 606115
1798 574 618005967
1799 526 82582199
1800 1391 132087
1801 1414 359746
1802 845 36113
1803 1244 650629899
1804 776 433542
1805 453 124134790
1806 131 143205
1807 1576 130902
1808 89 131466
1809 1454 967825
1810 595 907449
1811 329 169774186
1812 1779 98822069
1813 1163 297808
1814 566 747466438
1815 52 116847
1816 1232 940726
1817 129 222726
1818 1140 35548818
1819 1687 66586822
1820 127 327239721
1821 1022 820989658
1822 479 804350
1823 841 202298
1824 1627 956682550
1825 686 214902
1826 1280 956033434
1827 1539 816503
1828 906 819600669
1829 1068 562526
1830 1762 861636429
1831 1245 621284
1832 814 492045
1833 60 616237
1834 1217 263686533
1835 1598 417240
1836 602 237079074
1837 559 131890696
1838 149 359628
1839 1411 17173667
1840 1194 931564860
1841 1333 724403448
1842 944 239983
1843 159 532058911
1844 335 834041024
1845 1304 502866
1846 1592 115324555
1847 852 795966040
1848 1844 182641
1849 1055 692045
1850 1476 252650298
1851 541 207632470
1852 710 522424
1853 167 176776
1854 986 244136
1855 1377 144862735
1856 1653 569310706
1857 420 839697
1858 1101 459621839
1859 881 545258
1860 426 115341
1861 183 863310
1862 412 154776998
1863 1555 849569
1864 497 159838081
1865 1699 678340066
1866 445 80694294
1867 1627 279472218
1868 748 403585
1869 1710 71979
1870 1787 28257
1871 853 224944
1872 838 222521057
1873 1421 230195164
1874 1510 617581273
1875 1114 355115218
1876 1856 914036
1877 1691 979241159
1878 1620 342857600
1879 269 493310282
1880 450 646132
1881 1504 845762634
1882 1742 131091
1883 1346 37743
1884 1774 82666516
1885 693 575740670
1886 124 188758
1887 353 368122246
1888 953 526100173
1889 853 714664518
1890 1259 358406
1891 1306 304159
1892 685 581930
1893 1541 793378
1894 264 681375
1895 171 351826943
1896 1720 712064866
1897 328 221381
1898 1247 113653974
1899 537 988504
1900 943 854369
1901 1684 860389
1902 992 982064482
1903 66 336952
1904 911 627727
1905 1863 939140344
1906 752 102293
1907 1897 28766454
1908 641 244320868
1909 1858 905945
1910 428 186269939
1911 1774 99079
1912 1827 670017
1913 1635 688078
1914 400 810226
1915 257 241119353
1916 1445 281898
1917 1255 966717619
1918 922 252790322
1919 1650 818641
1920 1843 923042154
1921 1162 628309
1922 239 600532
1923 1478 548289
1924 1702 171882400
1925 478 373625425
1926 87 704676573
1927 1196 165206
1928 1373 687388
1929 260 232333191
1930 678 211750468
1931 68 739789816
1932 1122 71050
1933 1762 179996
1934 1601 732002766
1935 821 220367
1936 1321 70907
1937 1602 532543
1938 137 406377
1939 1332 950742368
1940 184 444893369
1941 1246 242906
1942 335 631587
1943 853 900295
1944 1115 70930
1945 1410 402975
1946 1338 954115232
1947 997 657447
1948 177 569215506
1949 1367 883386797
1950 1547 244871
1951 340 493647
1952 1557 239524
1953 1565 657923771
1954 970 114235177
1955 818 897576446
1956 762 256224
1957 1369 113028
1958 973 551112471
1959 155 931415
1960 373 517228392
1961 1574 488375
1962 1866 59509
1963 533 95548299
1964 874 139625776
1965 1644 130213773
1966 1127 144787355
1967 246 733369
1968 491 210663849
1969 73 681346893
1970 1006 800156
1971 629 985043630
1972 1718 302401289
1973 919 408262045
1974 179 885054250
1975 1545 26271571
1976 658 477969
1977 461 115097
1978 741 137824294
1979 535 400401851
1980 275 729572676
1981 1902 124846392
1982 65 379242
1983 753 879012
1984 1739 470404
1985 1951 93901364
1986 1833 256530207
1987 1645 223499282
1988 676 148595078
1989 587 292305752
1990 327 868668013
1991 812 183322
1992 1172 644199495
1993 115 776428
1994 1138 449060011
1995 724 590054
1996 953 82561313
1997 633 927978870
1998 1663 28406454
1999 572 111858
2000 1329 629738
2001 43 855130
2002 1876 694202864
2003 1807 836398
2004 861 254522
2005 348 201902
2006 806 729001
2007 619 931213
2008 503 421978790
2009 40 488125
2010 805 362267046
2011 706 325249399
2012 1530 971847
2013 633 429759
2014 771 95095
2015 582 822795519
2016 1845 810472
2017 144 259717835
2018 796 267544539
2019 914 382753
2020 456 145894038
2021 1118 918262714
2022 1829 297397990
2023 1788 282167610
2024 741 420645
2025 1621 364330352
2026 1292 949561
2027 1059 360711
2028 1139 88694
2029 95 548775
2030 505 174060
2031 1044 774998026
2032 922 649405387
2033 66 268401468
2034 1057 319366
2035 710 461162023
2036 1271 341349
2037 1518 794054
2038 37 497106
2039 918 531010
2040 82 287387
2041 1141 97786
2042 888 41011
2043 1330 819541
2044 1320 37097257
2045 762 535580
2046 506 707106
2047 243 490029671
2048 775 104135730
2049 358 848623801
2050 177 36506514
2051 1430 944014487
2052 1531 700846
2053 1461 723736
2054 868 544296
2055 1261 762408
2056 1173 422984
2057 1672 167147
2058 922 412039109
2059 239 119758
2060 1161 548852
2061 1789 137737
2062 888 532975
2063 509 722625051
2064 1366 955462
2065 1918 216947
2066 865 729122801
2067 351 537968953
2068 926 484468222
2069 1927 7102100
2070 1861 496374
2071 1965 480055
2072 1933 690249
2073 817 619839192
2074 1188 68969904
2075 961 540471
2076 1707 420495
2077 1230 120220
2078 1910 143008078
2079 1356 767383
2080 1984 262564
2081 103 339306
2082 390 3351198
2083 286 182611158
2084 1383 74739971
2085 901 112245194
2086 1217 17766
2087 1013 180632847
2088 688 119822109
2089 386 903685
2090 1791 972994484
2091 306 512180
2092 1924 195017222
2093 115 761255
2094 718 10811027
2095 1022 164888768
2096 390 933606642
2097 1074 769825071
2098 575 77852533
2099 1449 978305
2100 45 344302292
2101 1952 332977856
2102 613 333217134
2103 346 111979
2104 1825 584290646
2105 1744 532660716
2106 803 659630
2107 463 492510
2108 880 515573539
2109 1240 549408
2110 1293 19651080
2111 1009 460980
2112 197 948437241
2113 1524 173234
2114 392 894348540
2115 819 960264
2116 102 285355
2117 901 536765285
2118 1788 580421526
2119 1852 938048575
2120 1472 192754980
2121 858 459334927
2122 500 963445
2123 1429 421146855
2124 1328 814894
2125 127 943585823
2126 1170 584030
2127 440 637919
2128 1535 628930084
2129 708 975929312
2130 185 98983800
2131 856 627238
2132 724 474732
2133 613 305549531
2134 1228 664304
2135 5 274964591
2136 2061 851376
2137 1848 210201740
2138 2008 488271
2139 576 395327
2140 1438 941941688
2141 321 912327
2142 718 387863
2143 24 934545077
2144 1966 781252012
2145 763 804836571
2146 1262 797806524
2147 1779 560735
2148 1202 198899
2149 325 433630149
2150 163 557016651
2151 1810 122691789
2152 1748 816740
2153 394 936993273
2154 1740 73485819
2155 720 743176590
2156 456 668693
2157 381 568172561
2158 1377 246060
2159 1106 205175
2160 1129 271097182
2161 669 125196806
2162 937 453047
2163 2157 803583136
2164 2105 720480
2165 1888 594397627
2166 2113 241283763
2167 786 652526421
2168 385 408978471
2169 696 917295
2170 1710 164012254
2171 577 714304854
2172 855 191583277
2173 1912 4847
2174 1078 646286132
2175 1708 139834
2176 908 178151
2177 1318 734987
2178 608 733049
2179 2086 294859406
2180 1667 901230
2181 272 862709
2182 130 409263031
2183 509 909354
2184 153 669970
2185 939 309610571
2186 997 83726726
2187 1967 861263328
2188 268 282750174
2189 777 43372711
2190 2053 346454580
2191 2161 694450919
2192 819 560950346
2193 2095 374981816
2194 1121 406273015
2195 387 427430878
2196 406 332198579
2197 1200 890187
2198 686 775267
2199 975 435882
2200 1896 261865
2201 1776 482872717
2202 1066 9878
2203 1760 656061867
2204 57 504725925
2205 675 303393
2206 1902 355418061
2207 2193 565828
2208 611 51446
2209 54 666
2210 847 458321
2211 536 298006005
2212 2135 964944532
2213 1158 874700
2214 960 936154
2215 574 92328559
2216 641 416947211
2217 793 208039927
2218 37 621105
2219 1675 796632
2220 1646 146335
2221 1029 648319150
2222 29 477825362
2223 2061 448837065
2224 205 8230494
2225 1193 11883
2226 2051 812496
2227 459 918711018
2228 945 487081
2229 1925 636727
2230 1258 145473907
2231 1975 234315763
2232 1912 988441
2233 222 646872
2234 704 618710
2235 1922 81771094
2236 1237 668260393
2237 1679 570787885
2238 99 250506206
2239 1258 948059421
2240 959 604651
2241 1558 126193856
2242 2205 485378
2243 1230 53159590
2244 1177 824691392
2245 819 810762
2246 866 591912
2247 2139 623849186
2248 699 85556922
2249 612 813128
2250 712 743758
2251 1222 934890
2252 1675 652393
2253 500 698672536
2254 1829 366023
2255 2145 699097000
2256 944 154980878
2257 1660 583815
2258 1792 433695980
2259 1292 869320142
2260 980 883070
2261 1914 291170
2262 600 830580
2263 1417 29243
2264 726 679999
2265 934 473358
2266 141 417783
2267 1972 740410
2268 1089 308251
2269 2262 975304333
2270 653 744919694
2271 281 211962
2272 313 886999
2273 1597 211738929
2274 1291 175548025
2275 565 67207289
2276 1540 89953
2277 1346 242824726
2278 1022 414152
2279 1499 11679197
2280 1221 50693150
2281 745 950977
2282 875 318699
2283 1734 469168561
2284 670 678540844
2285 1853 74508
2286 1313 491079470
2287 1189 632439
2288 559 893171620
2289 1185 647553501
2290 808 341794
2291 1541 720602
2292 1870 30987
2293 1054 268571945
2294 1468 254051677
2295 476 296561
2296 12 101107
2297 484 496606068
2298 683 360224
2299 1632 554095264
2300 217 91490029
2301 633 164788459
2302 1112 92017
2303 429 3122549
2304 1662 717732445
2305 953 517969452
2306 2285 58085
2307 961 779886266
2308 1079 174726
2309 1718 88676211
2310 718 559862896
2311 1689 76718529
2312 2311 560748
2313 608 873748
2314 1895 243595
2315 962 494990808
2316 2047 346071
2317 1056 892958789
2318 1335 401998
2319 721 556599512
2320 1238 949113677
2321 469 365764
2322 1905 95948
2323 930 964800772
2324 1233 894236
2325 617 141970
2326 2273 861727
2327 1607 563007867
2328 1608 624849
2329 957 521134
2330 989 274909
2331 2083 400027704
2332 249 450468736
2333 1720 877940196
2334 1885 444214
2335 67 380847936
2336 1944 346231
2337 884 368968981
2338 1130 44681029
2339 1530 269575
2340 908 357213
2341 821 440825
2342 2095 667569020
2343 991 645403
2344 2052 246372
2345 636 336333843
2346 1315 202691
2347 1266 11289
2348 935 932902022
2349 1638 25312301
2350 1622 564002
2351 289 935239504
2352 2233 722797
2353 1559 590090891
2354 345 230882
2355 343 578064
2356 1384 220535525
2357 1779 509878
2358 15 676430
2359 1502 539904549
2360 483 999016291
2361 1436 983461
2362 1013 957376739
2363 1547 412878636
2364 1729 25316
2365 1723 49685
2366 1811 223611
2367 244 876532164
2368 1008 685748874
2369 1850 741490071
2370 951 263811009
2371 2309 504679
2372 109 927907978
2373 273 701776471
2374 1542 307579287
2375 898 441638
2376 2364 260358648
2377 1257 91219008
2378 1406 117249220
2379 2231 933335
2380 1440 185614
2381 2333 649308
2382 1513 955970018
2383 969 400681851
2384 1806 332984
2385 630 269726989
2386 134 875404649
2387 498 618189176
2388 279 298042087
2389 600 476096499
2390 2354 717940
2391 1735 653949
2392 1169 503290164
2393 1594 23618854
2394 1100 853724986
2395 407 964056783
2396 1459 67845507
2397 1541 663454650
2398 1777 191613
2399 1955 265621
2400 1031 808349
2401 1547 798102039
2402 1844 569258
2403 323 897350686
2404 343 199324
2405 2013 117376295
2406 914 364398234
2407 1501 757964
2408 2381 78518613
2409 2339 359694664
2410 1460 719609750
2411 745 116665987
2412 477 326153527
2413 2350 910462
2414 2290 831345
2415 854 833324842
2416 1972 565827
2417 1108 491571339
2418 1774 22660614
2419 537 169772447
2420 1824 977358
2421 1535 87320271
2422 2040 10002
2423 438 537809
2424 1916 670315
2425 2258 770515305
2426 486 743483403
2427 619 392622
2428 921 241363869
2429 1201 121103606
2430 1852 67878774
2431 962 131717185
2432 648 328711
2433 1512 719718129
2434 2282 100119
2435 999 178286153
2436 1615 722921124
2437 2323 426427
2438 1264 776811
2439 1336 814365
2440 241 296566796
2441 545 335913
2442 1646 116592117
2443 818 551904
2444 943 89333349
2445 2225 951811282
2446 2365 527852
2447 428 168393
2448 1052 7008
2449 941 275069
2450 678 899125
2451 959 209057
2452 1501 691938
2453 1928 192895165
2454 2338 449229
2455 356 621030
2456 613 135156
2457 184 383570
2458 1941 301516322
2459 907 930950
2460 457 874049
2461 1634 540865
2462 495 553322233
2463 979 551796455
2464 2208 834563656
2465 2185 51031824
2466 979 858986
2467 1537 259709
2468 1050 11018259
2469 127 725449
2470 538 178330681
2471 818 833315555
2472 263 325573769
2473 1169 133268807
2474 1082 376452
2475 1229 768750
2476 673 260067
2477 680 828229775
2478 151 40355
2479 1298 135937914
2480 2427 497057
2481 978 866013
2482 2351 816041
2483 2140 612900596
2484 1423 731261
2485 805 745363861
2486 2084 613865514
2487 1348 525363628
2488 1289 442646144
2489 1458 851521
2490 1433 560244
2491 628 636756
2492 1356 300738
2493 2460 620176815
2494 704 11441
2495 1962 823607
2496 1545 380699
2497 1711 810328
2498 1135 934451
2499 1005 672463
2500 386 489605443
2501 939 442686964
2502 854 164468
2503 2365 777757
2504 1515 83142
2505 1218 748450
2506 450 306636
2507 1939 644155
2508 2175 195692
2509 1588 147421076
2510 2432 937183514
2511 1707 963260111
2512 353 948946
2513 1625 902591
2514 425 978907425
2515 70 348789
2516 243 918507962
2517 2419 787604
2518 1662 318027178
2519 881 644104309
2520 1246 52715
2521 1772 944536
2522 2085 856567
2523 630 371275
2524 393 639879
2525 1329 218764931
2526 2131 648311134
2527 2054 501150
2528 21 857135
2529 1178 387010
2530 1613 299832
2531 60 482938760
2532 1224 599437
2533 412 997703
2534 868 754952812
2535 489 974849
2536 2250 955335
2537 1927 677247867
2538 350 352266
2539 63 811476
2540 1426 846297
2541 2441 598340
2542 972 94261
2543 1464 445408
2544 1598 755485
2545 459 429910983
2546 2093 160329872
2547 2466 470727
2548 359 90555
2549 1055 405835
2550 1726 91697
2551 1748 823325
2552 1331 160013914
2553 1283 697734
2554 2207 501809251
2555 2209 654705
2556 658 799632
2557 982 418139877
2558 1641 307506
2559 1470 936994
2560 1242 540050
2561 852 671982658
2562 1114 89809885
2563 2440 777673
2564 2099 195873
2565 1736 507600
2566 853 543144
2567 1484 229932421
2568 1782 183235070
2569 165 41259036
2570 2005 656647
2571 1158 517953943
2572 1153 985488151
2573 243 815207380
2574 2484 796503
2575 1400 68124574
2576 2321 811962
2577 1490 730398
2578 1423 496455
2579 1229 325404181
2580 337 427210
2581 2203 308933576
2582 664 108743161
2583 1939 262656600
2584 197 394048
2585 750 254966354
2586 1552 620111823
2587 573 534255
2588 142 259170
2589 311 828739185
2590 1111 804890
2591 2412 143962
2592 1870 65379973
2593 94 622302
2594 2233 721763
2595 1731 934618922
2596 2060 383945792
2597 2315 739907483
2598 2201 639930
2599 1245 581479241
2600 2266 346225
2601 175 97868
2602 148 625087
2603 805 865306063
2604 1249 439169
2605 2569 67151191
2606 357 142715
2607 371 805387
2608 1320 772853248
2609 1812 445996500
2610 1197 23894
2611 374 201229110
2612 751 15382194
2613 567 961385470
2614 2512 355983013
2615 656 395373
2616 140 263209
2617 1203 293473854
2618 1665 609193
2619 2251 354382
2620 772 34321485
2621 864 354447939
2622 1242 861653772
2623 1168 949031871
2624 1422 497459
2625 2386 147772446
2626 1432 646765
2627 1581 71925216
2628 330 120287759
2629 1221 989649
2630 2370 942162
2631 1903 377432829
2632 2248 183356
2633 1236 241643595
2634 2524 206540
2635 2296 374989312
2636 596 410473
2637 2074 240643850
2638 730 308274
2639 1223 754318288
2640 1376 15425384
2641 319 464002126
2642 2220 414688347
2643 1781 134506690
2644 1671 456570348
2645 834 514170
2646 603 224874
2647 1304 378102
2648 801 435864912
2649 761 310756
2650 987 403133
2651 732 885320
2652 309 853262
2653 1306 431753101
2654 1599 295679
2655 1280 858162
2656 665 867982217
2657 2410 30577
2658 2336 451037
2659 735 615366712
2660 103 669332615
2661 606 580451899
2662 2128 447643
2663 2021 316853
2664 2491 66354
2665 42 804860230
2666 136 950140
2667 1842 146420
2668 1399 407617
2669 1682 902337470
2670 1263 731534979
2671 217 717497
2672 591 532811426
2673 76 273556
2674 2002 49576766
2675 1333 221282411
2676 1893 700456916
2677 2057 331590497
2678 1042 643278
2679 687 691468375
2680 709 633638655
2681 1896 712060159
2682 2647 698304
2683 1968 145734864
2684 107 721394
2685 17 557968
2686 2093 321185
2687 426 497628
2688 762 823465
2689 1206 936484637
2690 1289 237351
2691 2354 722323169
2692 880 26851129
2693 209 951408925
2694 1810 418828
2695 2521 987677383
2696 626 85435795
2697 2120 791715129
2698 1646 982212
2699 619 901137
2700 1733 820602682
2701 1238 124929380
2702 884 416283
2703 844 331023
2704 912 823748702
2705 1614 523974995
2706 2022 433017
2707 582 700340872
2708 1472 566834313
2709 239 876532228
2710 2476 366968770
2711 1228 289545
2712 2179 436739
2713 1311 474684024
2714 530 89885803
2715 1691 708920643
2716 2014 575932068
2717 2611 131697
2718 552 15818720
2719 1569 73743314
2720 2523 43963
2721 885 632979370
2722 1541 824780223
2723 1840 449897917
2724 1960 934701832
2725 1840 356491332
2726 1968 461742
2727 602 693994
2728 1289 674077
2729 862 950576
2730 2306 436490810
2731 206 281940
2732 216 916212
2733 1905 689684
2734 2457 944347
2735 2312 598870274
2736 801 631160118
2737 291 454678632
2738 2412 594918
2739 2128 385411462
2740 950 342167266
2741 285 512766421
2742 2270 685974252
2743 2166 901221
2744 2606 579883
2745 1898 333427215
2746 307 338937783
2747 2296 187462
2748 493 960150
2749 6 170078380
2750 1244 511595
2751 415 3852
2752 2203 639631
2753 1497 271387
2754 406 120552317
2755 1139 47660362
2756 1065 857913947
2757 153 913186239
2758 2041 535540500
2759 1817 294318
2760 533 70101
2761 2604 11387139
2762 402 438464
2763 1247 469502970
2764 2675 166351429
2765 2650 857384011
2766 250 36669
2767 577 403835
2768 820 923189
2769 2559 780709
2770 1032 686296
2771 2764 540077882
2772 2614 275431905
2773 569 872300392
2774 1369 754759313
2775 1217 27262750
2776 833 698169323
2777 2673 362886
2778 1673 852101
2779 2419 131565
2780 2325 80453
2781 574 47706
2782 1476 674987070
2783 663 253439
2784 1376 149389
2785 2545 680231832
2786 2692 993589
2787 795 685914
2788 2473 8693
2789 1917 324823
2790 489 688405
2791 1642 652024218
2792 537 141557339
2793 2427 899451
2794 1806 150030
2795 2479 158453
2796 455 80704
2797 2023 4311357
2798 1897 714108
2799 2757 694269
2800 1730 654315
2801 2490 483285
2802 2591 906888
2803 285 926098790
2804 325 892662384
2805 450 106123
2806 1727 635247
2807 119 375160
2808 2485 840691
2809 76 772713
2810 1394 11282479
2811 2122 895622296
2812 2302 874140
2813 1494 819991
2814 1553 759218979
2815 2548 35471272
2816 1068 485015
2817 2036 920440
2818 1364 960965508
2819 600 713577826
2820 2770 214806
2821 2179 347636012
2822 264 634552323
2823 2365 604511
2824 1422 87423527
2825 1963 75830533
2826 1818 817596
2827 364 357453351
2828 874 74294660
2829 2592 556446
2830 607 601298560
2831 474 953615
2832 328 84755
2833 1212 880722
2834 974 824228237
2835 2218 410140
2836 654 100800435
2837 366 774631633
2838 214 959659703
2839 353 759570
2840 576 246841
2841 1932 664237955
2842 965 441344
2843 1560 628810959
2844 1746 867031360
2845 1500 64595750
2846 1601 199371
2847 1781 444868224
2848 1691 450570669
2849 392 882111
2850 1206 646418978
2851 2580 558553668
2852 1349 963467
2853 201 40581
2854 1582 349401
2855 721 883629264
2856 1577 678292
2857 1979 666120504
2858 844 361152
2859 356 332219
2860 311 369904999
2861 2150 698528
2862 2682 756044618
2863 1650 488104
2864 1341 513362144
2865 2112 751549
2866 1785 138528129
2867 1850 600528
2868 1653 901965654
2869 2550 797799581
2870 2597 909468
2871 36 212334
2872 1291 520523839
2873 1104 709832111
2874 54 945574
2875 1419 561781
2876 1213 98806
2877 1556 384299027
2878 829 265499648
2879 87 822050
2880 378 587312
2881 1411 972919411
2882 143 182536
2883 472 337129
2884 750 527572402
2885 2477 962464642
2886 1367 969397738
2887 2300 272153
2888 990 538605179
2889 1070 361709
2890 2006 727962142
2891 1794 150884392
2892 351 680990
2893 1923 994666682
2894 365 58938
2895 2742 281712
2896 1416 367752
2897 2677 706633
2898 1360 712044520
2899 131 714647
2900 252 38383
2901 864 754174
2902 1048 934265
2903 636 769463393
2904 2043 85939284
2905 113 203939084
2906 1885 101327681
2907 1216 367799
2908 669 279544463
2909 1481 605069005
2910 2008 833150885
2911 909 497126
2912 1522 384568299
2913 1001 333638992
2914 2034 209198
2915 70 687673550
2916 386 810817
2917 981 480941503
2918 1354 634653
2919 2074 133304
2920 418 533897
2921 2419 102593
804531 404940 383844 556364 832001 407486 842439 681657 94345 227154 798524 733933 963197 352969 394298 441298 150376 230786 109263 594794 461969 425494 420722 253315 328757 466258 854650 192899 166386 135768 347222 450153 765477 773111 916634237 243883 419151 835691 75382 131214 338459 698620 165970 630884 34683 409504 499916 966256 591036 730165 157287 236447 145591 261987 765063 794852 924545 494793 450594 642311 701136 518200 833983 683599 621691 588456 160686 199516 134092 761039453 612202723 21000 390031 928358 980537 611930 273096 665586 799087426 785654 979075 613736 816385 2749 212615 802807 68511 124722 487256 724326 372144 576286 783941 70487462 135846 797011 724162 363058548 314289 568079 552046522 995977 591123 472086 828162 117812 351544 217695 171123 948964 814548 908838 290383 443159 450788 799670 59871 482278 510990 764825 458789 416195 171375 777071 971282 474852 742577 846003391 705094 805592 604787 819513 593520 48169 270270 62158 445044 128010 993750 804554 12691 996197 688367 800897 308751 863038 460578 262123 80041 300648 895988 665650 717644 827348475 992703 100579 730431 641187 998752 907323 948341079 269754 286379 604255 631597 437347486 43817 986819251 933208 792866 206067 275218 643607 574949 667641 273385708 725085 992871 259637553 56054 670847 176825 681466 631527 363872 831009130 721800 533125 237431 477311 19466 691751766 411581 861788 707005 685324 705316 99929 528114 280887 979480 374206 91316 335977 97639 377495 340329 390111 431577650 945738 277239 868526 255725 465090 954011 140405 407181 215933 921151 750135 325607 73233 52651 444644 349844 585778 575267 55758746 908306 956080 569508 299084 105417 806890 670075 541863 103411 130367 536482 265324 366085 127635 87458 815012 528428 552526 975309 977874 396091 456578 415257 27899 476150 913439 104343 211311 934334 770419 924979 765744 318571 456564 507434 991488073 665659 491538 789191 836396 124085 987390 704213 88336 701458392 479452 521315 343372894 797671 180286 792490 677832 518884 551702 115800 839008 674754 605096 70101 595989 489282 605191 887961 905328 487594 927869 936441 274435 220051 336396 911284462 531970 122461 932274 511689 336679 155135 859533 651828 182493 179674951 137770 36432 890931 6736 209988866 155210 336974 794029 381086713 910687 501864783 235109 987387 478905 424406 307801 441049 586106 984426 99522 382600 98490216 359276 890213 974054 856890 362325 56825 438690 732366 921446 396097 967640 288874187 169016 964114 630562 138463 84498 650426 128774 449869 602841 17172 423421 149327 480657 233146 726097 398844 35732 577919 490152 538879 580478 523259 657822 934594 403097 809459910 858453 488022 236768 770178 639338 372516 216021 748755 786308 516050426 857283 86899 551515240 585211 380417 316697 776006343 361417 72949 239952 763196 986099 432338 293594 199295 522038 171673 497365 716362 527885 708429 762429 444072 500168 671357 745570725 763785050 908767 719740041 287103 952331 110171 882854 689156 155695 189286 466848 918491 779512 289105 671480 178851 517117 705387 980900178 769815 41086 488846 106906 515156 347604 527776 19284 118926 914042 712019 143812 155428 346229 58277 78095 863147 625970 21527 929689 513239 45861 761697 530578 420911 676570 244434 460974 716778 335599 357891 516281 44265 399831 264807 651629 471099 420670 55960 45092 912505 800736 496602 601988 275081 930257 598416 774880 176214 250503 410076 861384 607228 184005 123819337 992249 756260 752009 215277144 30986 656758 296240 603375 428599 793747 154335 491520 627891 499948684 535044 489920732 650068620 142932525 475810 16209 792070 534870 230647 149200 499526 674620 265363 696159 206212 178769 457986 162270 791218 989837 780778 545934 277776 358875 55544 461389 246067 147336 855973 900324 175751 981969 736014 934797525 636721 343801 568695 193118 714730 432907 996454 271854 33682 481676 479963 849562 298832 532832 500045 206722 667449 495611 928875 735817 391628282 803388 137186 295163 863639 565939 912415 604644 923069 663548 799722 416905 630373 615001 215616 67220 992812 153473 622528 795462 105427 160500 477370 597820 759931 480578 884370 279861 651236 286492 738688080 285520 663337 188878 907591 960891 378395 752828 841825 570958122 273367 599924 390233 724106 447325 590469 577544353 605421 345816925 392899 236127 699401 545210 530053 179486 586293 792728 906683 734999 765944 127993 529373 32203 981155 181264 664870 326988 768564 209243 634583 934724 612376 241546 232027 629527 468701 186302 805859 46261 265388 598605 591301 951027 322237126 315610 535298 917139 877038374 369865 477295 161862 221839 824337 172648 672090 164287 409656 143408 470175 547192 370117 900795 487121 631651 273412 380862324 444492 962606100 730681 975234 683056 390626 658945 825945 698988 534292 788578 325233 504719 147269 488525 40749 295424 917526 728867 63222 311968 500326 233794 179960365 39707 436549 492034 596221 987983798 940954 697319 88368 263848 640823 247679 71234 111392 700492 121858 847617 26035 911932 758749 77328 716315 261428 202243 377014486 40920 549220 345188 961385 824452 985136521 577326 887621 556328 297407 30724 993376 127358 465899 821734 905272 340628 234079 138153 815981 802323 487132 575385 875569 865975 305699 19633 374194 996588 708996 134457 607918 153960569 401749 517639 624005 978070 46721 830079 278189 281798 449851 58340856 727018 457015 757079 279672 494982 940788 273052 703692 253932 886951 667635 997038 703418 597817249 642285 450727 11875 185616 147349 48871 735280 335172 459331 666931 827672406 611884103 770912 972242 637176 927194 741879 940082 484974 539029 141506 806991 743448 653892 91798 635280 118916 609689 55945 393328 630901 416560 493616 619043 343396 293156 405884 893746 762422 395880069 751287 158638 940682 133747 142034 692287 490624 683861 46854 176150 689769 168996 328896 286045 132582 590929947 705672 586732 483731 884404 490533 187936 399753 8714945 273662 123750 434738880 373085 810361 937352 267667462 818167 30011 437443 142316 572025 168792 144911778 475206 672152 701271 909104 494625 66173 447082372 8334 524976 811558689 128683 116708 497312 498644 291383 325416 721566 24818 816606 698237 801207 316110 860116 641424 722811 325014 245171 444331 300153 325042 2360 19649 935982 852727 833410 741813 332384507 785685 265637 242136 400308 888935 480138 5436 809404470 745733 402323 529744 404058 661469 824379 10171 996077 907508 73147 482021934 769012 362554 773133 968144 349835 563173493 96491 552486 321466 298849 158663 978232 796721 616335569 840612 919065 561245 88387 253477 361754 656319 842640 246591 227868336 369997 964618 945011 457699 79387 661374 40596 335595 381526 669772 396054 370015 268219 512159 897926 21124109 265618659 356925201 894752 247429 116546 552001 847401 163918 568133 219697 49101 592789 143661 633061 392405 313632 104804586 235366 369717 150254 387237 113092 910247 420257 611056 208819 563079 410612 403514 991793 657137 448380 17537631 80892181 760897 20019 842385 174871 674983 719175 894600 422740 816475 581202 70471346 692553 245634 173686 880209 993302 875326 96439 623928 454981 369654 124354 883170 414286 390129 199571 513662 769026 106804 28770 536764 33922579 554981 832266 591846 632596 114317 64870 695342 351437 338100 611993 278697 309030641 534255 86366 130775 907372 724467 117547 758955920 986191 127666 220014 877180 632502 406610 875639 935640 533061 284157372 932634 691033 963439993 875385 141336 949586 715572 520877 264177 669093 891532 576231 561795 710 913849 473498 219303361 235411 469150 524883 499723 565665 313875 198414 611644 993583937 606605 549618 10550 141235 379183124 365491786 577669779 506117 32505 320288 995266 339678 950053 611167 5380995 738307 406700 204623 96428 857156 915529 465569 959267 471251 767822 632810 827946 401131 185885 594362 330872 371339539 804143 923951 132804 971540 693018 934620 97307 457510 304086 298929 299543 719814 374998 821749 311800 615080 853546 41434 689999803 863905682 293670 652707 816889 344390 400648 176091 811708 448698 175202 753502102 348882 55199247 947082 779950 36084 665022 779292 952941 959896 35882 514840 903905 633423 697625 902843 32501 715942 352750 83511057 766490 51230 59912 623211 148417 457538 372899 563227 579053 335197 997282 540519 21607 620964 488733 588646 512197 584141 642062 610352 803720 96982 347785 758505 179126 666188 27056 693416 62985 836992 163528 203747 939872 479531 399915 5703426 401828 524951 668995 96579 212999 900938 907696585 477410093 234284 134431 918062 362023 888318 450092 217169 996763 422515 43085 627962 292573 294944 302278 300726 61178 763718 55628 521929 196015 255214 225453 64692 137111701 438328 133096 228166 554858 166339 922158 63461 137006 491256 403211 132296 160194 272196 514257613 173716 886014 554310 321482 738940 444552 14075 184193495 161245 321519 190743 566434 595176 899446 234367 180986 212224602 507573 667609306 770133 254465 765173 668173 779607 448104 26068 61699 909096 332394 124402 7387 424947 771825 746377 114169 137684 987297 77702 140091 600441 466568 83516911 386265 188172 809198 769803343 561863 604468 28139 171274 603772 279393483 166468 286581 65917 331560 764279 335721 523764 875730 189070 615994 687054 716406937 51052 696793 252049 964735 776964 284018 693868 464528 539290 91371 721815 722398 991370 258548 129413 99171096 118628 751336 101915 19994 857880 887501 88191 487330 898081 300459 140526 25447 701409 58744 250240 53517 457365 61602 2907 613933 654067 44605 174531 208054 488605 100969 171472 246357 140206 55528 410379 708053 588400 746401 258793 102662 10470 146348 226958 320105 829475 891539 831239 993363 435624 473827 672094746 661495 248373 63568 478578 320429 262756 648369 466683 354418 56551 338555 817448 873359 875451 616352 908908 169285117 900688 62525 936038 240425 590762 611613 574191 531225 296497 573157 892666 361994 488028 364951326 217403 801259 121429 80176 566444336 850804 372749908 258707 974281 587667 36010618 803714 787458 409439 43687 990183 323651 698561 271637 710066 632140 564910 217753 357908642 175030 978561 453818 293306 403523 835910220 517938 570602 592807 494018 706704 450125 484189 398821 235894 541021 866148 309339 948997 782672 608670 580862 131144 537810 722788 900567 927467 346876 648498 89743513 127305 642287 144124744 732251 562480 70266 55446 444834 810416 306766 714443 948308 794822 157615 982436 82671 938531 253090 265721575 69491 235786 346426 677254 226471 512271 505726 744343 311594 469982 409556856 213505 187678 409155 17048394 275490 183510 568473588 457344 63986 600511 186280 448669 825332 834046 8067 36131 255687 46403277 803514 197783 743593 198582 704745 699775 863964 504629 905166 372487 928663 740150 128732 909619 583600416 316807 63387 868148074 488050356 366829 604638 538490 661280128 11193 899437 1389 399623 129522 352144 856761098 98865 515187 129616816 267192 852321 418813 768322 715955 190761 524185 294821 319205 30282 136807 429104 993067 608573 972483 125684 299063 449649 349250 191980 133260 516942 131704 382869 319462 683119 157330900 852595 877881 472271 400145 515363 927587 909790 393699 782014 987077 100109 339501 312067 597271 839213 85025 413637242 27052 147272 725946 655755 147562 582198 332170 176153 412873 772297 630901 74110 780181 573489528 393799 481713 403187 3123 370332 604844649 37206 364691 172078 299642 3294 479641 982824 558257 626844799 422634 765076 469771 792012 381452 106155 780621 588786 156830 518254 281984 573783 169157 729029 437887 422444 523715 514145 862361 225154 603724916 814945 627238 674338 291921 422833 367538 506660 944329 57038 98163009 143863559 21818173 426022 215698 337147 422501 329858 51298 740719 863390 932211 731693 599500 106979 513221 958745 525568 534168 521861 890193 333824 734429 129555 12216 469505 800918 977370 693978 591012790 780766 217553 721048 428932 171747 244774162 505424 9475 942548 489133 276374 410147 111458 222636 917148705 659492 483330 973097 428584 978225 553861619 540910 398757 744430 164896 126021 118216 919062 507763 825027 39532 607749 868199 388475 218879 279656 283489 392607 293211 64844628 725033 552981 515250006 317379 333296 710728 465499 136912 89384 427088824 369111 356517 806492 124257770 967557 789766 473968 400751 379450 678621 662352 191102 479876 282997 622575 584031 251904 823289 272801198 937658 399170 524872 880606 256458 842964 188469 140834 747436 26532 246099 151912 651741 397723 165254 373470773 48647 240080 147439 708293 14709 804426 433420819 451222 858668 302632 487351 467992 132153 73026 191691 400834 254515 958650 435774 501109556 927245 705285 487665 267141 198813 346268 511411 26647 264805471 159799 162238 156182 505551 180595 572184 833622 2394 589007 712124 949192 226113 639883 280967 417557 598785 322092 731215 140119 728766 671685 307558 903947 663460 326380 6501 388087824 594490 705239 48109 266926711 161374197 986985 795764 573615 800349 523750 146842 731895 784417180 452776 630881 761018 710790608 513042622 194428 911800 441189 453927678 428052 239807 875019 797593 451975 87970 336529 495926 592282 738490 435117 403985 407133 133793 997635 805356 338564 296579 709196 865928 759822 181820 769322 892375 785583 338220 38589 793615 912203 261194 349589182 98418 203279 482021 227129 753540 726036 316289 531138 569629 933250 627441 590025 926615 337147 345486 84881 300617 633854 880027 487455 2617 364245 214174 191415 281689 775317 38160 582146991 84190 436198 112613 991138 92483 9585 410515 455486 243755 461383 759151 867792 368396 481726 925271 472720493 960037 534444 557875965 51888 28214 973095605 815508 628089 273462 688869 674022 161570 97927 458373 76761 48541 328246 788396 707634 423334 975742824 285478 211133615 202972 847163 796269 441656 20146 303934 358022675 158875 656618713 510029 415745 388424 213302 771090 616987 362775279 500847 848103 450615 512193 801518 379500 996865 853281 149574 873173 211422 484743 904556 927051 128492 4118 289490805 672148 219867 813656 777235 279680 555526 944638 834957 671259 988771 425339 753955 681410525 903605 731465 63096 861177 65460 219938 4242 802237 564536 100863 977102 858559 986846 149184 882684 354361 838212 665433 869556 981816 151396 349862 823853 858360 418651 592307 148784 153421 755343344 879905 517424 95115 824267 766378 362144 644782 349623 719334 802347 409196 112835 587602 108989 594174 940592764 295607 541525 656044 487761 825759 337708 820011 488452 904232 553081 505359 361885 941327 978927 604903 860915 299540 770012 184980 355073 322671 367767 396926 591471 815226 812262 434994 914354 732074 116692 783220 168847 263755 613669 941688 389290 384660 436900 121972 883114 770174 934061 91014 531684 755925 299953 321698 25167 754488 450949 273116 782660 943511 605990 430988 942342 293432 158120 856322 577282 745533 927360 15249 609079 40054856 988832 370600 795950 969035 368890 825661 903861 190165 871184 25209 429633 494569 209745121 979451 256735 379312 417301 670482 593030 649455 909997 477452 38706 817005 598456930 541541 300973 498397 228406 913637 170377 694206 177993 741889 172218 531086 39305764 508968 993094 200532 174659 900559 674877 153561 748575 99430756 273645 352798 824288 243157 389319 269408 917960 981678 410281 519697 88879 716726528 111324 625988 563924804 278948 322349 202803 516330 169451 582903 246651 990302 74222 954207 610009 357057 859031 869011 96899 975986 462690 114484 696109 940695 276425 424181 942306 203457 659056 21315 558390 154280 728192 636892 931515 108426 928451 644229 896395 836236 410838 298761639 619810 771655 468126 979453 50585 658195 647597 434134 193870 467408 880091173 108433 347276 880660832 581767 80015 832386 731720 411501 166016 873747 898443 184472 979002 461261 954150 983217 375419 632078 134946 95264 39732758 291330 826084 337889 997942 623243 651753 52430 753603419 538025 697918 404080 679056 520799 260764 997659 538858 570806 529023 132799 88928 974423 701426 310356 7400 479925 92328 265253 759147 648554 996838 186342 284846 24628 364309 311377 869889 440317 839796 779211 903331 893696 330446 509309 762247 190993 941916603 702638 796133 56062 499265 890147 922491 447879 817229 227074 338564 279786 336510 765279 138358 488432 8809 772875 218767 375018 783533 534222 224010066 279336 923356 135338 80915 287885 907729 546642 315231 451249 867325 872420 421330 757513 514178 951200 578317 832248 95636 446658 858590 980017 353058 64854651 673663912 624469 429846 619083 562812 19533290 130995 40649 86453 911047 204071 776190 670855 489554 215272 107403 570111 515187 828469 487902 144502 210600 637836 535274 514498 129924 802368 684744 630678 649442 749927 418583 380010203 278362 617571 150874 878886 744203 968114 231365 52618 688704 547833 83930 50074 208742 155624 249098 247862 409183 101274 36642 853519312 988868 570432 476682046 879414 581833 186588 170708 693893 366344 410492 805980 296921 840722 732263 476872 346875 440854 999884990 500114 127721 186435 200826975 339648 46068 702889 453080 207000 989156 534538 363881 300881 499099 918751 11185 160729 607475 963899 482097616 396672 992466 111929 596522 314095 765609372 556525 156084 983947 230387 91866507 915070807 700377 964140773 512017787 621374 541509 815548 319826 253694 660868 565573 802645 523101 33000 829589 706480 420524 167112 813865213 502638 591701 41369 776860 689707 80628 422673 112435 68850 595817 885984 261094 12048 564913 172868 935964 899002 191211 929699 465191 281794 761992 804573 860942 465455 137115 733171139 640560 336488 825183 205883 881573 455603 33937 874986 608584 105301 897255 932445 626538 990975 622390 66047 288772 391809 847223 600194 247848 623386 181181 842095 777964 972011 232659 279009 372073 846627 647505 879802 381194 476987145 750352 667960198 434366 545626 416550 3428 919247 330614 274716135 469360 991304 618336 750366 171876 323279 418551 788996 791677 179673 379682 931033 910112 534063 960876 729183 354776 385334 126611 236739 971812854 408389 913358 679235 81503375 437204 482247 765047 425437 236295 986589 441522 983384 696843 589091 405477 394453 89606 468405 920841 4612 332590 74824 340066617 833280 471915 702822 638176 363383 447206 238811 808169 734876 584271 266335 579211 605436 676887 286512 50163 567548 674204 748059 236857893 59057 630434 752908 335892 660532 175480 302930 609440 830099 134553 151834 604524 486880 223698 191087 693893 639448 174043009 994612 794357 105490 180090 64947 505019 552855 446231 784800 252608 824675 521301 792500 865915 304879 242213 949556 191533 721596 731356 862227 775478 644884 601933 223292 988322 333447 406229 618093 773837869 567280 945160309 868470 388090 473524 807433 493003 683227 622208 399853 630062 640430068 255725 750096 665216 378011 89357 383573767 205553 602341 465009 108122 266975 98421 441839329 248126 163913 126615 604712 85576721 441074 718796 876742 204605 315985 60045 422478965 51407 671341449 577296 99386 110466 285217 72252 617135 373544 648446 665826 994598 708791 405346 512882 408858 727314 532154 254684 281426 389953 28822 635255 966609 620389 578544 630258 779044 374817 129483 987286 830571 455814 357875 177485 352021 993343 613515 734304 316152 559379 568927 36078 947026 933415 94744208 941251 736628 965670 52908778 808329 77930 972911 566717 304024 225080 373338 381620 697684 167982 215774 103276 486259 301003 24353 156102 576245 664274 275980204 538217 315024 282131 314446 6790 541225 866126 15577 408235 777476 282427 788675 710914 344866766 105942 367569 885508 637090 151291200 737884 802209 341379 316304 180674 320932 693363 971031 179523 933873 905298 943866 789777 339210 495335 72157044 155827 641546 28537382 865383828 510961 995332 56479 441041529 573156 553162 587871 31571 53255 270654 800237 354707 211330 684661 55867 188687 227313 530759 412591 160056 851882 542771 911816410 222868 163573612 39590 480621532 365285 178371 119820 256644 626717 388366 262637 739578 804540 957130 900939 74045 261041 477579 44227 676751 220607 424931 796506 325832 519822 802281 887928 973729 517289 370281 638254 362737 611159 104874 484248 885362 977790 582052 139542798 873418 142685 892571 643617 953214 414902 791084 819009 627030 984901 772244 139575 51279 351805 314794 967736810 306 168057 523311 862370 860965 989684 793086 445905 507480 711410 277379 8484 430809 67769 55635 593437487 875310 474 126624 507836 565365 215499 347682 711872 29086 236446 621815 566943 472445 14017 224251295 398343 451414 475229 330086 159077 174666 539798771 732902 224644 866582 916578 601106 406577 710828 567769 114703 708403 545993964 486407 495556 573132 210836 584370 138253 57272 279268 797677 374965 729267 110711 226773 396746 818738 685449 125890 85429 577799 264216 57681 330146 921933 889689 303829 111499 786152 845823 98879 809992 493842 101390 808129 683057 475423 928847 311792 83093 857030 389891 764449 545323891 330540412 385045 704023 389445 58774 730140 395148 365944 852249 484608 380180149 458479 122568 622630 236976 326641 588607 471997 546577 425874 496614 992128 411612 