2931 2931
2 1 618785731
3 2 426973
4 1 516102302
5 2 759415
6 1 506086867
7 3 129001
8 4 809115748
9 8 555668
10 6 83234138
11 9 956424580
12 1 518907066
13 4 308747889
14 7 465188
15 10 761121163
16 15 185770
17 9 186692
18 7 686046
19 2 991475439
20 4 369919500
21 17 328605
22 20 563667212
23 12 753327
24 19 483692
25 9 165138016
26 13 990533183
27 2 879140542
28 11 265679
29 5 151177238
30 22 481063982
31 2 422738
32 11 300673864
33 23 16698
34 8 181109288
35 18 953483
36 3 172795
37 10 41684
38 12 389159944
39 20 944326
40 6 379617
41 29 69942598
42 10 577537
43 12 237930
44 23 475140
45 11 633256
46 3 649999000
47 31 212786361
48 28 745311374
49 27 53453
50 28 170180
51 7 872760
52 8 92740278
53 47 951825243
54 34 496002
55 41 369281792
56 45 901247
57 12 369100
58 22 486714
59 39 381899
60 25 798526333
61 60 641166
62 20 878983
63 15 900824
64 39 25478524
65 4 194195
66 3 341105
67 1 270875
68 56 719607
69 6 903584
70 19 902826845
71 19 533637876
72 55 302359565
73 31 986529823
74 50 951165
75 30 629617
76 7 619235627
77 16 505111
78 14 224671
79 71 903843
80 32 809478
81 2 126153272
82 61 444390
83 58 232434761
84 39 77294781
85 40 126250946
86 66 855144
87 34 742037
88 63 693955
89 17 311101138
90 83 287354746
91 40 683085
92 68 561344
93 46 758272602
94 71 779343401
95 30 928978968
96 34 99981292
97 59 214454
98 42 859884994
99 58 421018
100 61 279058
101 43 431292
102 64 990219413
103 92 751617
104 57 13944
105 63 966270870
106 60 260814039
107 2 385611
108 57 413975733
109 3 71220136
110 104 250681664
111 109 173328561
112 98 100333
113 74 338860188
114 55 476526
115 29 655326
116 104 691529728
117 51 114803
118 58 843920
119 88 526226
120 61 627425760
121 26 944672379
122 62 659434488
123 25 722119840
124 64 172150
125 12 100668523
126 108 817309
127 68 510807
128 76 990367805
129 49 998441309
130 75 151636542
131 43 299122
132 111 860031912
133 60 106021584
134 56 256116879
135 79 194460
136 55 339519
137 90 830794
138 98 852476638
139 44 604448450
140 68 24039
141 12 448775027
142 71 347407
143 42 816198
144 91 720009
145 130 150122
146 73 680130
147 82 522869
148 128 315304696
149 31 475789
150 34 197306751
151 82 276558
152 86 360024
153 17 444108916
154 132 80065310
155 11 706647888
156 47 620251
157 72 698244217
158 51 950239
159 51 950129
160 125 951193
161 107 909310
162 7 547896129
163 74 232716558
164 83 471285186
165 20 944202
166 56 201127
167 154 902866134
168 139 170149
169 10 193574
170 50 266748
171 121 722853474
172 37 54251037
173 74 983574
174 8 808846
175 69 924498
176 54 468139
177 124 486589152
178 166 663178
179 72 488360
180 13 782681
181 11 237392
182 41 291465833
183 147 185592
184 92 772050
185 152 661238736
186 92 203714534
187 18 658621733
188 104 58672446
189 137 556897
190 53 951478
191 58 159930
192 53 705203238
193 10 546310
194 177 101538
195 173 143763016
196 111 74569290
197 176 595108
198 58 683503513
199 146 794678
200 79 760218555
201 27 756242992
202 181 152624
203 89 94121
204 151 825624
205 142 504619901
206 18 684401001
207 117 555827441
208 192 868046
209 126 734021544
210 2 8342540
211 106 105224
212 203 369229463
213 46 225763
214 181 324815
215 96 226879
216 113 682354
217 40 811588
218 37 588869881
219 138 5708007
220 158 979543675
221 170 162445543
222 85 895339851
223 77 354519293
224 73 862050603
225 201 137654
226 98 390288
227 151 108522233
228 67 98260444
229 9 190103
230 101 725366
231 220 434608
232 133 528417
233 119 133633979
234 160 541509325
235 69 798812748
236 223 228859
237 69 984275259
238 12 291013
239 18 249008709
240 48 331607773
241 54 906860401
242 226 484636558
243 136 479739169
244 154 899872829
245 223 509221
246 77 71014216
247 153 645438
248 153 33960
249 48 35860
250 213 762868
251 122 962725
252 172 879272
253 173 489350
254 122 497003032
255 147 727182
256 252 175469824
257 201 622724
258 225 954204
259 241 261891
260 56 945037666
261 41 75028966
262 192 158702502
263 256 117534851
264 212 960147
265 171 174691
266 170 877519
267 119 679623104
268 73 578949884
269 13 808417916
270 126 36986597
271 198 996880
272 255 112538
273 3 728386
274 180 257683306
275 108 849793939
276 234 617553590
277 181 362943
278 83 343196
279 137 872189
280 247 778229
281 241 7993
282 112 981069255
283 150 752576
284 115 655621469
285 202 360356724
286 195 949007
287 109 202760
288 244 54084760
289 128 575992
290 185 134662165
291 76 159088
292 111 507864
293 189 613473
294 124 767424877
295 104 565949
296 149 218682
297 49 82357601
298 93 149383065
299 46 530284
300 41 935615
301 164 666207
302 289 830659
303 17 471820
304 13 878982
305 165 606810
306 125 918388
307 140 418399368
308 184 767868
309 65 730280
310 280 708661
311 287 33684684
312 126 834499
313 231 550712
314 209 113338556
315 85 459157950
316 95 237177
317 204 35425204
318 234 979811
319 121 922037233
320 25 851205032
321 288 556609590
322 254 633577
323 59 590218
324 117 725535496
325 170 901641
326 56 88607210
327 61 952889095
328 295 158956013
329 237 192966658
330 48 976782144
331 319 932496
332 224 575237941
333 207 335401307
334 134 404683121
335 233 722482
336 274 18576290
337 242 384250686
338 194 670400
339 16 633527427
340 22 99792213
341 104 180371488
342 248 370411525
343 277 271110988
344 308 391478242
345 241 245523
346 23 26298680
347 16 842355
348 178 815278707
349 166 224373547
350 144 445315848
351 346 214093507
352 283 962454
353 321 136109
354 262 858849517
355 240 420041
356 33 767229503
357 342 507046
358 81 979436
359 122 115414284
360 254 353807137
361 247 473230783
362 9 531230511
363 303 134663
364 184 124287727
365 171 2465851
366 51 118833
367 158 592973
368 261 469001
369 38 118456472
370 100 889843
371 214 174114883
372 307 285111
373 335 166247
374 243 256593
375 365 13599
376 293 260387
377 182 243787014
378 250 313760
379 326 663366683
380 268 458041
381 128 817543
382 136 91518
383 157 272197
384 317 5080
385 84 489420662
386 280 786085
387 241 487208667
388 243 465758
389 329 2633365
390 212 45279669
391 228 108640
392 144 9478
393 81 235666
394 180 79767
395 109 593816
396 258 330852157
397 27 849181629
398 233 145633005
399 154 693858
400 284 149562316
401 213 690942
402 132 708576
403 372 990397977
404 4 484403
405 296 236553938
406 208 174060962
407 362 947130
408 350 793596
409 239 392092
410 217 902851
411 303 390780
412 377 951862514
413 127 106119441
414 347 108907357
415 306 123869637
416 38 287959764
417 201 328195737
418 158 638643
419 23 116465
420 320 756477
421 210 581583266
422 83 898612854
423 390 862042180
424 39 964561
425 371 733607
426 77 877452040
427 320 482108518
428 4 100675394
429 292 418871
430 263 237874151
431 164 191253
432 255 821688897
433 125 268070
434 191 498023242
435 357 427775
436 57 730168092
437 351 136163331
438 180 271261476
439 68 362768
440 288 557015944
441 192 926073
442 317 206991
443 79 945267803
444 159 363615664
445 421 615443649
446 165 197183
447 11 152882
448 300 427964100
449 195 629174349
450 90 915328102
451 270 997508
452 83 781778
453 145 739970
454 148 678991905
455 419 98115282
456 355 674619065
457 89 720133119
458 271 1653633
459 261 975240
460 167 714754612
461 48 559909
462 25 761110048
463 118 698006948
464 122 488787502
465 17 600799
466 312 813241
467 82 440196
468 397 81407214
469 129 559260530
470 221 179818
471 444 774938778
472 226 887686
473 335 596853557
474 15 650239
475 257 627141944
476 187 992538
477 292 53258
478 54 25987793
479 153 211583491
480 293 500603996
481 339 833538
482 268 195746
483 99 237930922
484 454 6748
485 221 16602475
486 173 792568902
487 290 41042124
488 352 792420
489 11 385310
490 416 560832923
491 148 848629
492 93 991343803
493 309 898623535
494 359 151789
495 143 469299
496 325 542498891
497 310 343182
498 79 330622985
499 495 298994
500 207 554270
501 135 668335724
502 238 227966
503 377 717400000
504 409 153640
505 261 586153
506 20 48373
507 154 87671205
508 217 810198356
509 113 652414
510 343 284167898
511 263 709026024
512 249 135093
513 25 142097
514 93 823460169
515 234 501177288
516 90 256594823
517 90 939105440
518 88 578152708
519 411 151563
520 501 136789
521 469 225879
522 48 170759
523 91 875392
524 311 679203238
525 515 358400455
526 55 553216528
527 79 126492980
528 270 103609
529 364 415034102
530 498 508169
531 66 199289594
532 387 79039
533 232 90997598
534 478 881269
535 328 994732
536 26 338850784
537 277 608965
538 178 932789
539 80 72878
540 464 868224
541 490 188573
542 184 952119541
543 289 493355
544 275 731165456
545 316 165986
546 279 826743043
547 102 641900
548 214 846243
549 390 503847122
550 522 901427870
551 242 71554731
552 69 75807
553 143 447247007
554 508 457344
555 336 916917162
556 387 703160
557 494 517278
558 484 446752678
559 247 445132
560 375 716807
561 355 155696752
562 389 662621
563 244 800143
564 283 266860
565 47 639363030
566 124 980003687
567 9 646310
568 213 308570
569 518 224154
570 541 23595629
571 212 266424620
572 5 336271
573 234 45922489
574 502 832732434
575 166 544594017
576 117 555426
577 400 480289837
578 569 203876264
579 359 925981
580 319 195244
581 256 109199792
582 457 614636
583 528 164802
584 17 545484801
585 401 933713608
586 59 828884961
587 142 6665
588 162 941796748
589 312 178261029
590 91 973824
591 303 688168925
592 29 457384
593 508 148355367
594 149 161595
595 505 695840811
596 243 282817606
597 542 404297
598 449 299850
599 266 101024
600 269 163808
601 592 800656
602 261 235964469
603 309 228829465
604 395 675421242
605 270 276144984
606 277 170788
607 178 803392
608 506 427898
609 198 423767436
610 73 536798
611 420 509149925
612 573 41678947
613 23 110658
614 247 689849
615 482 478587
616 89 330256790
617 419 931928852
618 121 515556
619 22 52742767
620 45 932852311
621 108 427518609
622 291 778446298
623 531 233675849
624 62 912267
625 521 93687327
626 51 361515615
627 185 968889621
628 164 440796939
629 135 5249769
630 499 181382321
631 408 53955276
632 216 176510837
633 471 238481
634 419 778167
635 247 304200
636 300 660296395
637 328 152783759
638 83 994158
639 257 360520673
640 87 152696
641 637 441995
642 467 539357
643 626 907704
644 389 96249031
645 5 81842485
646 458 922954
647 108 733780441
648 147 66899372
649 479 839385876
650 198 373937986
651 586 447117
652 231 608067824
653 353 369688998
654 307 595815
655 561 442618
656 403 991427724
657 326 611076
658 182 904933751
659 552 76221066
660 238 206107
661 311 915842874
662 287 78332
663 506 991660
664 604 657823824
665 489 448280283
666 649 942393168
667 244 420051
668 91 98496633
669 494 113177
670 429 338618005
671 16 913543
672 664 681145
673 510 246935799
674 636 26479803
675 351 102780641
676 281 660693498
677 62 496258274
678 441 271130569
679 674 442824
680 518 284537
681 44 345836087
682 335 951643251
683 205 302080982
684 86 77565201
685 580 118483174
686 63 476067
687 585 463717
688 86 46889
689 664 966590
690 578 829977567
691 72 269837
692 637 194542
693 175 634379
694 220 702337
695 338 875560062
696 139 416477193
697 50 718835
698 46 695238593
699 3 92096
700 182 341610819
701 99 925964
702 457 465516
703 449 591909818
704 362 337548513
705 627 9213
706 332 928094436
707 359 613211490
708 233 867398
709 246 498379922
710 585 778584802
711 77 422076191
712 614 121763
713 586 885753416
714 91 461483259
715 702 754787344
716 318 539472388
717 608 729497
718 339 760933
719 415 847329
720 437 925122
721 569 286924713
722 577 794208
723 67 277975
724 225 988051
725 632 602164
726 454 380679141
727 548 479514883
728 596 315390491
729 330 423457498
730 455 527122801
731 464 742167360
732 198 197225345
733 285 222204
734 264 150322
735 48 731058819
736 433 36524
737 130 770937
738 717 814463234
739 246 874326
740 531 270611514
741 237 207618
742 214 831108400
743 459 870206171
744 396 963477
745 60 67557503
746 600 585094324
747 620 647279676
748 458 40334913
749 505 123964
750 486 898380186
751 529 558418
752 248 874044
753 738 956814532
754 487 11655783
755 732 887253
756 51 829953841
757 633 230053
758 522 813415
759 272 641029
760 132 954359
761 655 979161980
762 141 538618437
763 434 633224
764 64 662742
765 200 743533
766 538 490386468
767 390 319978
768 171 653835051
769 302 648555
770 718 147902052
771 182 737992605
772 538 432103
773 345 749202
774 168 894708
775 436 552452
776 639 797977979
777 274 285078737
778 4 158045590
779 582 476109
780 116 129276613
781 331 268844
782 220 12948737
783 591 870380132
784 131 242205
785 177 83111
786 557 321577252
787 649 475186462
788 599 416453
789 27 250383
790 189 148426
791 660 668801
792 237 855108
793 710 876140
794 691 399059570
795 684 453466042
796 787 432313349
797 395 368718024
798 654 846080008
799 413 945378
800 239 319801
801 302 630111
802 759 221168916
803 504 850759806
804 478 685505
805 292 649438066
806 773 144675347
807 515 110426459
808 665 977627
809 137 231665
810 558 464634870
811 730 524451
812 751 438917
813 772 333226317
814 323 249624146
815 358 157209
816 734 536382859
817 721 840773232
818 199 728986
819 521 291959
820 811 888126979
821 94 909449670
822 299 493380
823 350 992192893
824 478 4549
825 665 555992
826 649 45723785
827 360 436116
828 571 879242
829 33 846385781
830 423 421710881
831 567 111844
832 21 319865
833 100 668343691
834 759 379506808
835 288 24599791
836 167 899374223
837 222 910870217
838 615 168298
839 16 680133
840 683 582614623
841 306 833978
842 824 418627
843 519 106905
844 495 344146343
845 506 677400
846 229 30869
847 1 507853
848 693 40013562
849 516 636915781
850 448 202792173
851 682 83436677
852 377 39762
853 491 850940961
854 173 103859
855 80 514041161
856 112 49713352
857 396 46100
858 223 855578439
859 336 102274798
860 342 396642
861 852 649178652
862 262 190733463
863 293 285891
864 561 438834536
865 503 474536
866 96 642904506
867 704 954485
868 492 644896
869 837 634215
870 607 775903444
871 860 39303
872 369 344272446
873 227 812733978
874 83 312433
875 294 269637
876 407 498174605
877 97 666016808
878 729 532761
879 607 460548810
880 456 516858
881 338 237957
882 250 144350501
883 622 207358
884 348 991220
885 45 788514032
886 445 483436
887 879 774808861
888 5 491820784
889 138 797848007
890 510 57111
891 848 225046
892 533 133012
893 281 815918148
894 590 647457122
895 62 625033
896 817 981979160
897 716 4963
898 669 580833
899 427 773574490
900 455 789173
901 58 875011786
902 586 277266
903 834 42142
904 507 680734974
905 724 514756
906 57 694834
907 351 92383831
908 569 231942126
909 498 809833390
910 558 957690
911 321 16095
912 805 442211122
913 356 385799797
914 723 859135041
915 124 133182
916 39 45780
917 716 653504
918 811 744563
919 469 376122
920 625 3972993
921 188 845539
922 525 575880505
923 385 370759
924 518 227947
925 752 768724
926 24 244398
927 501 716377237
928 110 994815
929 192 984766307
930 401 813551
931 120 524443
932 265 81438960
933 726 895379
934 458 51753
935 182 912633430
936 563 126456638
937 458 444966
938 451 621321
939 548 179637
940 607 994342
941 690 536208112
942 508 331046077
943 81 427372
944 220 280947343
945 248 811703
946 503 42700720
947 208 557553458
948 424 123559823
949 849 23832
950 124 578430
951 211 454332
952 857 874291827
953 62 878984
954 730 91258626
955 785 985357709
956 775 12119511
957 912 596817
958 727 471410924
959 454 365688454
960 729 391761
961 769 298852393
962 854 185297
963 393 189237275
964 464 373921
965 185 955430829
966 110 889574778
967 250 954140
968 92 905669251
969 963 981257
970 48 142896
971 302 805298729
972 540 679471
973 704 370241
974 86 935612900
975 495 271463919
976 341 214791259
977 544 530831
978 618 900536
979 505 598653964
980 412 910984966
981 554 373862449
982 640 915340
983 552 500671
984 338 904361
985 261 818215
986 172 609444211
987 949 577500000
988 688 945269
989 292 879733
990 160 193405
991 502 101686439
992 17 94865
993 695 330883
994 934 189545894
995 164 840259
996 302 80994
997 134 270627379
998 45 24791
999 948 212701589
1000 935 167617
1001 74 101632
1002 295 853276
1003 662 451681
1004 860 58494
1005 956 75051
1006 780 552439
1007 737 732416
1008 54 501713
1009 961 531703
1010 71 492644
1011 13 123002917
1012 453 538249287
1013 626 867628
1014 309 595420756
1015 569 872366
1016 176 789490
1017 783 632349
1018 701 86467
1019 487 718563
1020 349 168616
1021 77 282155
1022 928 573243
1023 243 826742
1024 99 737908483
1025 601 298718383
1026 865 304572689
1027 167 125648145
1028 525 337490
1029 73 271673
1030 920 762376500
1031 378 79972
1032 769 890207
1033 710 314999864
1034 731 693442453
1035 753 496645
1036 559 703136419
1037 36 321872867
1038 775 791743263
1039 698 78099
1040 895 979810
1041 1019 934272469
1042 347 920725
1043 927 4008710
1044 571 179564
1045 694 929537
1046 1004 268512136
1047 525 292017
1048 303 59804
1049 301 904229180
1050 892 790963
1051 351 569157454
1052 963 593593
1053 796 891104757
1054 626 996011
1055 778 551716713
1056 526 211187
1057 653 212959
1058 460 769767
1059 852 459766
1060 82 345529771
1061 321 773236747
1062 826 482473
1063 961 459833
1064 609 322983
1065 1041 49326
1066 774 682190
1067 848 878265060
1068 932 706532534
1069 895 686521982
1070 477 637754314
1071 16 353763093
1072 476 428477444
1073 500 171918012
1074 382 309690748
1075 485 550232
1076 1072 56100
1077 1005 507727
1078 404 641416
1079 678 480073640
1080 218 80179904
1081 473 931460932
1082 968 13041666
1083 265 992289
1084 887 513395614
1085 911 103768
1086 574 311942
1087 798 450078
1088 1006 195741
1089 321 929225
1090 326 707504246
1091 149 175289
1092 597 828744360
1093 564 597892402
1094 1063 393161404
1095 879 13322
1096 59 241443137
1097 807 644643
1098 844 639847716
1099 815 107078084
1100 934 368607256
1101 518 277089399
1102 882 725592
1103 797 313502
1104 39 778491
1105 450 847416969
1106 462 787086
1107 1100 455548867
1108 193 685361
1109 544 438105
1110 461 208302292
1111 178 767543528
1112 999 426364
1113 323 604458582
1114 200 195737991
1115 544 45353339
1116 944 429927237
1117 563 670276800
1118 877 808995531
1119 805 526259
1120 200 24121620
1121 476 368604880
1122 830 461264
1123 487 128839337
1124 1044 158771
1125 276 456441
1126 770 512978
1127 468 551708
1128 255 330658
1129 326 58304761
1130 14 971488361
1131 583 972314
1132 490 526751158
1133 30 288473
1134 670 83840442
1135 692 35249175
1136 928 167566
1137 770 232586850
1138 766 676864
1139 317 88547682
1140 108 835332
1141 26 399582973
1142 86 244617988
1143 649 10054
1144 220 758118468
1145 562 824847408
1146 984 283301964
1147 722 286352
1148 884 887515
1149 550 141784642
1150 1101 547851
1151 197 992198
1152 652 655155
1153 958 617436
1154 480 154014057
1155 177 433616
1156 825 987470614
1157 256 97618
1158 928 417001882
1159 773 133536
1160 530 469388
1161 749 122948465
1162 150 711392916
1163 1040 514604608
1164 504 155634
1165 1066 790775183
1166 949 434984537
1167 50 755820
1168 641 688807
1169 268 537203871
1170 291 111818527
1171 973 657611442
1172 1163 853819
1173 837 493392698
1174 709 246472
1175 144 467162
1176 349 310786263
1177 845 498634
1178 352 157490
1179 669 750226086
1180 414 93819129
1181 697 125664551
1182 345 697866920
1183 414 859055
1184 556 217811
1185 246 271645
1186 1046 261609
1187 848 487255
1188 399 377110
1189 1180 179261790
1190 581 195193
1191 378 884625269
1192 360 796944201
1193 453 558496940
1194 794 996732
1195 968 56536056
1196 279 33531
1197 796 83459
1198 942 406767
1199 747 577767
1200 321 821828
1201 831 33621533
1202 198 456276554
1203 266 626201064
1204 656 228168
1205 863 949518342
1206 978 773333
1207 891 301633
1208 867 228535136
1209 1178 999934
1210 1111 252699214
1211 160 807673
1212 142 999771163
1213 727 824300727
1214 732 528786
1215 1042 860113
1216 1006 854574419
1217 1201 69665267
1218 79 13115
1219 226 525781288
1220 493 845398781
1221 798 750867
1222 348 363385
1223 311 163210
1224 187 883416
1225 224 37369377
1226 275 911742148
1227 256 698134
1228 76 280831720
1229 1225 659951141
1230 1185 737329660
1231 1205 359615460
1232 1060 784883
1233 573 571510
1234 933 85403
1235 680 215282801
1236 1133 792794
1237 1048 628963339
1238 652 324866553
1239 699 597753392
1240 432 118360
1241 390 554652140
1242 320 271879761
1243 1201 593632860
1244 53 780796
1245 88 881876308
1246 577 453479
1247 41 296992
1248 365 114473601
1249 895 72064514
1250 12 238071671
1251 797 510020
1252 606 895748
1253 509 760456526
1254 593 2747534
1255 512 829409
1256 629 687775539
1257 549 619002713
1258 937 257903002
1259 354 391943496
1260 314 987802186
1261 658 436363
1262 362 216918
1263 716 716641
1264 356 260996
1265 961 560124
1266 733 683430756
1267 428 344885
1268 409 543228
1269 641 781584450
1270 529 291212
1271 237 186276224
1272 985 259484
1273 205 494205794
1274 1171 479395
1275 1212 647094264
1276 147 736933535
1277 476 552362
1278 935 833078
1279 565 169193623
1280 637 51976
1281 1131 210023957
1282 427 715824
1283 879 454776
1284 1022 251413373
1285 1246 775731
1286 595 495600
1287 13 182538
1288 1111 854157
1289 1138 16698
1290 362 793463993
1291 773 871886158
1292 523 883750981
1293 480 789389
1294 697 679505
1295 557 18654839
1296 136 70773509
1297 1155 514389
1298 217 528905703
1299 267 273911
1300 1230 530165
1301 958 343417
1302 814 919821232
1303 1051 263077
1304 1266 794503514
1305 540 113875438
1306 223 851741051
1307 962 10924556
1308 291 488352081
1309 506 202526
1310 180 786543
1311 731 486723763
1312 1148 65953264
1313 617 994631375
1314 818 120540
1315 722 28945
1316 230 219975814
1317 251 613837
1318 268 74252735
1319 923 251880709
1320 543 385990
1321 398 98982
1322 156 171193049
1323 755 520169
1324 448 235338777
1325 210 289320
1326 397 70983036
1327 172 964942047
1328 427 536346558
1329 702 146617178
1330 121 517935319
1331 865 844177
1332 206 202283125
1333 438 169262991
1334 261 301738
1335 590 793374875
1336 411 502108
1337 1332 918235
1338 305 140568494
1339 739 966999
1340 325 89634
1341 981 910681810
1342 1031 743835341
1343 42 589238338
1344 1168 684738982
1345 92 505492057
1346 744 671717239
1347 51 909333047
1348 896 970262
1349 399 809704
1350 1020 72087
1351 784 836429
1352 233 764113105
1353 1248 717809090
1354 710 273338813
1355 667 523390062
1356 853 117573
1357 1103 85968126
1358 830 183758
1359 53 28703484
1360 1239 62130
1361 707 928176863
1362 365 433760
1363 1171 861150
1364 183 397262958
1365 413 438146
1366 51 767755654
1367 175 117986014
1368 1191 921051
1369 1011 656485824
1370 4 218466
1371 1282 454662696
1372 235 461937793
1373 463 77465
1374 281 492862
1375 167 272653882
1376 671 764842477
1377 1371 644831983
1378 157 669144156
1379 1260 998154
1380 1070 963442
1381 534 207502662
1382 1050 253413257
1383 785 425719656
1384 394 267953579
1385 363 493507065
1386 728 166789
1387 1341 393407
1388 1283 87883486
1389 596 559246149
1390 1146 498297435
1391 642 796443
1392 607 491919
1393 127 814720043
1394 825 159028951
1395 405 484654
1396 1148 194656
1397 79 577006468
1398 653 556606
1399 453 658095
1400 479 940950126
1401 454 577488
1402 833 339423
1403 1065 923338632
1404 667 658203019
1405 921 15710559
1406 154 510942906
1407 541 561537178
1408 177 474525497
1409 138 146506
1410 129 154637
1411 893 651665927
1412 1045 271705
1413 835 630879710
1414 913 8350271
1415 452 266583
1416 1330 170835385
1417 220 44644179
1418 501 413655783
1419 901 956974
1420 952 174337
1421 623 392941930
1422 1356 851161
1423 319 731261158
1424 60 699116
1425 1124 736965398
1426 52 27498425
1427 1272 864098978
1428 1028 59781981
1429 426 437731
1430 369 26596
1431 1186 460308440
1432 1286 449372451
1433 593 224139
1434 677 285788112
1435 888 572155
1436 697 255556
1437 1159 400848
1438 1416 622568703
1439 420 625894922
1440 1382 554765755
1441 1337 894256117
1442 1116 163538
1443 594 55754281
1444 243 178675259
1445 1353 845753438
1446 665 817528
1447 342 339667716
1448 677 330938
1449 1436 359887064
1450 1276 191614
1451 1422 783823355
1452 882 394764
1453 25 642483
1454 1266 365204458
1455 693 64885510
1456 1188 244543
1457 771 563596
1458 1060 743433
1459 82 875560
1460 50 696763361
1461 437 20183879
1462 148 394684
1463 98 228201597
1464 737 561659
1465 511 758270
1466 232 543938
1467 676 780724
1468 240 128811
1469 696 11201045
1470 985 101645618
1471 229 137598177
1472 863 562599186
1473 1046 265397864
1474 158 840632657
1475 534 458957
1476 146 128840379
1477 1274 936251
1478 1127 784300778
1479 338 654585403
1480 713 176312
1481 1030 655981
1482 633 783807
1483 1166 471498217
1484 2 171314
1485 679 59915708
1486 1090 641328
1487 262 478236781
1488 28 302141
1489 1069 522429820
1490 542 784343
1491 606 522301
1492 827 154433972
1493 769 163690
1494 130 277513743
1495 1406 6492
1496 1046 793948
1497 462 855108
1498 167 65652305
1499 303 684286
1500 770 39992888
1501 253 990334557
1502 206 962067374
1503 736 362347
1504 711 962770
1505 874 107617185
1506 840 145964081
1507 534 997264
1508 206 543603
1509 110 987167
1510 1435 558398
1511 379 44276
1512 1021 49122405
1513 1177 453759564
1514 780 940250
1515 883 130874319
1516 81 553531
1517 965 230804716
1518 1251 607585
1519 314 32022202
1520 336 984591075
1521 1422 948931
1522 488 796676
1523 1486 671309826
1524 743 955312698
1525 1018 789590036
1526 16 849135
1527 740 916287482
1528 945 851048927
1529 577 460349904
1530 740 307608
1531 7 245070145
1532 1522 694415
1533 365 969996
1534 420 912793832
1535 820 412181
1536 246 266270707
1537 166 959917
1538 316 164909238
1539 422 219480991
1540 643 429786
1541 733 999425561
1542 333 452044092
1543 1183 143249698
1544 228 548170221
1545 1447 523145
1546 979 821305
1547 412 934394
1548 1472 202602125
1549 317 934977
1550 1030 565107
1551 311 885783
1552 938 555565
1553 175 402516
1554 791 664349
1555 241 375965559
1556 898 641545050
1557 823 221958
1558 1372 79384732
1559 673 870907786
1560 528 599326
1561 616 625881977
1562 874 798516
1563 507 878102
1564 167 376444
1565 1409 817524828
1566 360 674019393
1567 1372 539915466
1568 278 873105594
1569 537 112360530
1570 233 453018457
1571 558 394036
1572 527 738496
1573 76 681706
1574 994 771457119
1575 1248 474412460
1576 229 991474039
1577 544 119344
1578 81 48463145
1579 1197 270520945
1580 1121 569127
1581 907 122013419
1582 609 876892359
1583 1446 516297
1584 1097 448658220
1585 457 492541
1586 1388 238220
1587 1541 579522012
1588 797 247151
1589 1256 391028
1590 1425 332933
1591 1329 755590100
1592 1284 276400805
1593 1217 93505611
1594 1294 56081127
1595 945 111671
1596 1578 639317146
1597 1400 886141
1598 1346 556978903
1599 1076 701636414
1600 717 680952653
1601 435 836926244
1602 15 66542653
1603 1164 602066551
1604 843 105091
1605 308 872684
1606 284 188072958
1607 36 298538
1608 166 786231
1609 42 789533
1610 842 398956
1611 1393 591086
1612 872 871425
1613 1503 698536248
1614 1566 651496390
1615 1425 626960912
1616 1288 105900
1617 248 218628234
1618 97 527387
1619 1504 76406
1620 1167 141077
1621 446 239254
1622 282 550098654
1623 512 254922623
1624 1570 980808704
1625 1486 294775
1626 339 228848
1627 586 874702
1628 98 759412
1629 505 767668
1630 1129 204655
1631 770 337674
1632 67 451219
1633 1495 266643
1634 1027 834000814
1635 847 562111
1636 1499 911087888
1637 1054 294735511
1638 863 996004
1639 148 343218027
1640 520 894934
1641 72 596489435
1642 1549 748000147
1643 1340 416529
1644 1076 866744
1645 719 907248580
1646 1287 451775708
1647 968 31960
1648 1640 701307
1649 26 700936
1650 644 717485
1651 1192 378659517
1652 653 305947
1653 548 751003
1654 322 352874055
1655 1033 502607
1656 517 818373371
1657 753 681566
1658 1013 800550025
1659 138 512530531
1660 887 12328457
1661 205 258340
1662 414 355258
1663 1095 546944348
1664 1379 333880372
1665 653 298202
1666 944 759313170
1667 907 590394580
1668 128 694542726
1669 64 814395337
1670 913 845683
1671 354 963275
1672 220 84087785
1673 1601 868664
1674 1336 960880747
1675 272 649278024
1676 404 169340
1677 1389 898870
1678 1552 386925
1679 1012 23299426
1680 267 64889541
1681 576 15690810
1682 1221 104687
1683 949 456747736
1684 261 800401488
1685 1455 192784
1686 91 56799
1687 1027 411488
1688 83 957042202
1689 139 515209
1690 1686 302637847
1691 53 510968
1692 565 945518
1693 772 824636835
1694 1458 654861
1695 948 372438
1696 1321 296677
1697 1055 828885
1698 967 300704
1699 163 644819760
1700 576 407901
1701 567 171056124
1702 410 3219842
1703 456 373763
1704 325 57796868
1705 58 279549
1706 56 881513001
1707 279 913668040
1708 1194 106556300
1709 599 111355
1710 668 774615306
1711 1125 291930021
1712 839 370068
1713 723 901409
1714 317 871788
1715 439 224740
1716 902 973915
1717 1297 526180589
1718 514 249926726
1719 408 973388418
1720 443 660108303
1721 62 144210
1722 1312 208297700
1723 1168 437255
1724 372 508707111
1725 1553 502163617
1726 868 225507049
1727 1394 602953
1728 470 489167366
1729 700 634689524
1730 393 828702
1731 1435 698151837
1732 81 331660
1733 847 552206231
1734 309 680008
1735 451 295645
1736 626 634668
1737 420 477305675
1738 756 679949954
1739 394 450974
1740 1106 11811
1741 533 390624
1742 257 552750772
1743 845 588869709
1744 1301 797783833
1745 1268 495073
1746 593 831986956
1747 166 533819158
1748 1034 39988490
1749 74 203571573
1750 957 501999
1751 1121 734202720
1752 407 115058701
1753 718 850428
1754 1711 595401987
1755 877 476258
1756 100 22710987
1757 1332 102804
1758 1724 205393811
1759 241 867769
1760 84 551407233
1761 1660 747437
1762 123 774734317
1763 1021 120051380
1764 1158 533518675
1765 1250 190596
1766 951 299699511
1767 689 9008
1768 923 662167
1769 1332 34502937
1770 1215 46106981
1771 1357 902816991
1772 1528 562377753
1773 1295 820558331
1774 292 518512621
1775 228 581742749
1776 803 971522
1777 1761 448826435
1778 321 849424799
1779 204 135915
1780 1018 573598
1781 1701 638708494
1782 1528 646427
1783 1011 556950085
1784 55 563883
1785 366 781310095
1786 1129 896501089
1787 1165 44256734
1788 1461 661092148
1789 445 703584718
1790 1142 25375
1791 570 370363832
1792 596 332370
1793 1547 629225196
1794 182 356600
1795 1103 856548236
1796 398 16006
1797 379 107714
1798 278 375135
1799 1254 896478
1800 533 218148998
1801 184 753766
1802 709 168701350
1803 1316 890636502
1804 1447 392709726
1805 49 711473
1806 1728 528339318
1807 30 518919
1808 328 115105
1809 1660 198748
1810 922 131443030
1811 690 919038
1812 101 86050508
1813 1373 495720
1814 1209 946598
1815 1076 388464
1816 493 99727
1817 298 415225253
1818 195 330547830
1819 510 726771741
1820 1404 879554
1821 1493 175828
1822 621 44558
1823 1059 114425665
1824 1121 273067029
1825 1047 186606
1826 897 118819447
1827 552 277981
1828 868 603448
1829 249 226799
1830 674 899548
1831 1184 105920117
1832 1679 186399160
1833 1711 144026
1834 956 12062651
1835 703 509229355
1836 754 771904581
1837 1755 404010
1838 1422 772443
1839 1286 98225209
1840 864 991195
1841 359 252704
1842 1762 22343990
1843 1833 742597
1844 1370 313133328
1845 878 129495278
1846 620 268948
1847 1667 490286718
1848 197 927534626
1849 246 147738553
1850 1348 542532089
1851 796 214040970
1852 639 700845
1853 981 771325
1854 1400 235187
1855 515 171041592
1856 1407 597904
1857 811 639804
1858 1004 667899
1859 775 943276
1860 716 769987389
1861 245 642506909
1862 1713 753814
1863 1155 366502819
1864 1275 487764635
1865 992 969938691
1866 1201 523502
1867 1448 352964640
1868 666 73150645
1869 1016 880
1870 53 180902
1871 1014 162263262
1872 1060 800986804
1873 547 582910
1874 373 742625082
1875 780 641648292
1876 111 577287
1877 288 811115
1878 990 224391250
1879 1330 3197004
1880 1340 13825
1881 191 888211739
1882 1115 820304
1883 812 688211
1884 1436 245913
1885 1880 205070989
1886 735 812962
1887 143 811075
1888 489 493948369
1889 1503 363708714
1890 122 109236
1891 1327 20576
1892 1804 120708843
1893 1127 165905619
1894 31 375851270
1895 291 809979292
1896 701 542704399
1897 735 621898
1898 352 728356
1899 1674 7458008
1900 1107 439897656
1901 1136 683794
1902 1301 838951389
1903 1558 326398645
1904 1562 492733196
1905 907 808719314
1906 954 465360
1907 1333 690683
1908 873 775126
1909 655 568330
1910 939 388126834
1911 1856 805707831
1912 1754 569596
1913 44 312395552
1914 682 66609714
1915 473 177657641
1916 926 322354
1917 533 746993109
1918 1369 192803190
1919 1104 42059
1920 656 726730
1921 31 118572
1922 172 704993
1923 1335 178838
1924 1524 741613
1925 1252 867778
1926 1189 660335
1927 135 54115
1928 726 208170103
1929 1636 398071519
1930 997 638046
1931 876 971498
1932 1282 456785
1933 1421 696051684
1934 915 581697
1935 964 604518
1936 1557 919063641
1937 109 436194
1938 1522 841138
1939 1330 306007
1940 1548 408785
1941 309 220099
1942 948 244422799
1943 28 81562
1944 816 392848665
1945 1481 331361995
1946 451 316923
1947 1767 83917
1948 10 163597369
1949 439 213559831
1950 602 370785738
1951 1183 764841
1952 510 54577
1953 1675 759341
1954 51 149211103
1955 1903 396866
1956 1783 561226516
1957 1134 351145
1958 591 892349959
1959 1662 946769
1960 1511 995998
1961 44 964297174
1962 878 252379141
1963 1758 518407
1964 738 507721980
1965 502 756827
1966 626 45888
1967 1746 478424302
1968 283 688405
1969 615 250524729
1970 955 822723726
1971 542 860816671
1972 1146 952571
1973 1939 387467
1974 775 222952238
1975 464 213678
1976 888 706245
1977 1106 986285164
1978 1135 264727
1979 1555 862483
1980 482 888250839
1981 1871 715572
1982 1733 190691
1983 1105 105612342
1984 1339 256705487
1985 1566 184426
1986 1621 75044
1987 981 227429
1988 149 18414
1989 794 959135
1990 1025 627831
1991 229 699428
1992 361 63705487
1993 207 50999
1994 743 620590717
1995 1586 701879
1996 1597 648480
1997 707 778493222
1998 1252 864698447
1999 1348 83461875
2000 69 356845
2001 1102 471244359
2002 199 772337
2003 1841 557444
2004 801 873164
2005 493 578883
2006 1405 694351754
2007 510 88329974
2008 1219 68620304
2009 341 446185289
2010 1004 571222943
2011 1914 978467120
2012 96 791568
2013 329 289195
2014 239 286403
2015 2003 211530191
2016 200 374988
2017 475 799473
2018 1930 537723
2019 498 760355719
2020 596 80541235
2021 1182 161210
2022 1487 299762
2023 1230 928851
2024 1355 164563
2025 381 577017794
2026 417 108574
2027 556 921683041
2028 788 819108
2029 1839 69376
2030 1328 818086274
2031 425 831432891
2032 1028 16363
2033 868 41961
2034 1620 785395
2035 351 621547
2036 1340 973486
2037 1088 834319733
2038 1016 50545421
2039 1105 862125018
2040 1931 815992
2041 1083 187999
2042 1430 393164516
2043 1104 902613
2044 926 562458072
2045 1014 560287852
2046 384 388990333
2047 415 70719959
2048 344 925150703
2049 959 13464
2050 2013 121149835
2051 1562 961514
2052 1033 340841449
2053 424 161606685
2054 1466 3399307
2055 1026 517325110
2056 1508 361325969
2057 1804 716418
2058 1311 82215542
2059 933 244175191
2060 386 948097
2061 742 125133976
2062 943 212758
2063 748 564646
2064 205 399159
2065 218 344938139
2066 1351 749670
2067 731 701071
2068 1302 984675074
2069 711 1035648
2070 1093 59934183
2071 1472 411004289
2072 6 566652
2073 1969 341800
2074 1707 788264
2075 1318 258816217
2076 188 50529501
2077 425 171407999
2078 369 711373003
2079 1514 165391039
2080 44 703508
2081 931 607259810
2082 945 102126945
2083 1827 796099
2084 407 223473
2085 150 427369742
2086 737 57357
2087 2053 113371
2088 859 113651000
2089 705 669159379
2090 521 35053424
2091 1956 611374
2092 1556 386449
2093 374 481571
2094 1924 851778
2095 112 908987813
2096 1111 21034283
2097 944 448213
2098 1972 778565
2099 734 467961
2100 848 330670390
2101 1777 885223474
2102 1001 581046691
2103 1468 324287
2104 1380 212401
2105 1168 682657335
2106 751 539832
2107 1317 470072
2108 1520 913257769
2109 93 362494436
2110 1813 734293
2111 342 976533
2112 1024 12049
2113 829 726496121
2114 1915 675089951
2115 899 482803
2116 313 451098585
2117 882 11067
2118 401 597798762
2119 1114 921830798
2120 1971 146714
2121 646 811954
2122 1598 48342082
2123 1695 756429260
2124 625 415582937
2125 131 674408786
2126 721 125395460
2127 1904 733393075
2128 1652 877055336
2129 841 253610
2130 2129 725685042
2131 868 438577
2132 735 515761985
2133 914 574882572
2134 1178 728044097
2135 1233 72251
2136 440 799569187
2137 683 389958976
2138 1198 231644615
2139 351 780750
2140 330 473962
2141 49 947300
2142 749 32816
2143 1942 973145
2144 339 901672
2145 1860 121224
2146 126 476890
2147 1657 919423751
2148 37 988422231
2149 1533 363820
2150 1017 372176188
2151 2033 95903453
2152 1401 193225
2153 2024 624549014
2154 1803 926759
2155 1644 521544
2156 1719 184477
2157 315 825017757
2158 2085 494115
2159 818 221465837
2160 472 476328
2161 1054 735832
2162 1670 658777
2163 2032 928796
2164 583 275054
2165 1999 579873914
2166 1792 202021
2167 957 244477755
2168 1594 958693907
2169 2120 505077915
2170 1058 106506
2171 1749 931283556
2172 756 737632
2173 719 429666
2174 894 546254
2175 214 758633
2176 727 282182061
2177 845 150484800
2178 419 94410
2179 168 125837
2180 2154 819253
2181 854 443808
2182 418 645709
2183 1667 782870567
2184 83 400561133
2185 1550 525636
2186 1612 528624
2187 416 849295
2188 1156 136489
2189 2168 322474932
2190 1699 846598
2191 725 596819
2192 2054 72745377
2193 401 918022
2194 1714 129246
2195 177 377089
2196 262 426884
2197 294 855453
2198 1478 581187
2199 1579 837379597
2200 913 794960
2201 1138 491008659
2202 75 698141736
2203 366 420770
2204 1048 53178027
2205 614 747396692
2206 861 229948682
2207 1087 375819395
2208 220 241024
2209 2100 414618655
2210 657 575808305
2211 606 873967
2212 1590 290970
2213 363 836507
2214 2089 331133
2215 1105 931323
2216 1427 648251031
2217 769 523518
2218 1121 960083
2219 211 59332
2220 963 152462
2221 2220 817002219
2222 669 219692
2223 1498 927123
2224 1136 700460156
2225 565 177292096
2226 587 200097626
2227 321 683941267
2228 1666 368274
2229 1543 152789
2230 270 388727
2231 310 225897
2232 203 734244
2233 501 359767408
2234 408 384140537
2235 1954 578535315
2236 1434 837731
2237 2034 425527
2238 1035 558114262
2239 2010 886763
2240 1618 841900300
2241 2153 600885600
2242 1634 406733
2243 18 833427787
2244 82 965155
2245 1732 763007911
2246 887 148885
2247 1136 329164812
2248 1244 746468670
2249 931 513897
2250 1223 642198683
2251 2045 411291
2252 130 280996932
2253 1481 719008
2254 159 23786615
2255 591 839595
2256 1090 186746
2257 663 133051743
2258 1158 419057736
2259 2039 826417889
2260 1397 434804
2261 2210 262055881
2262 2171 355442188
2263 1514 997630
2264 222 998577
2265 1670 57644150
2266 1332 490150928
2267 511 396470695
2268 1904 421356455
2269 1440 463686141
2270 993 948980792
2271 2139 655125336
2272 1485 707603
2273 1575 2294742
2274 1845 647027
2275 1261 34761748
2276 88 620783
2277 134 680058
2278 1482 204767094
2279 1181 601482657
2280 556 897011
2281 1013 225308
2282 1940 932971036
2283 2223 128286100
2284 899 961788413
2285 750 756479517
2286 1937 527230899
2287 529 298170
2288 254 301833
2289 1547 912571
2290 729 738353
2291 2144 279739446
2292 1499 887682
2293 2289 524077374
2294 1715 72475402
2295 2157 728346
2296 839 825085158
2297 2295 516307
2298 149 10665388
2299 255 74548653
2300 483 600490
2301 284 584108849
2302 2094 641474
2303 1688 816059
2304 653 949289
2305 1836 494280
2306 801 132100120
2307 1488 140663425
2308 1082 793226
2309 1064 836963901
2310 1196 541774
2311 467 464485830
2312 1476 849737
2313 488 392935
2314 388 392098
2315 542 5492
2316 861 535220929
2317 841 974056
2318 881 357893
2319 180 843207
2320 2152 137845170
2321 758 34517128
2322 2258 548229
2323 21 501492
2324 961 329469
2325 491 995291
2326 872 367181215
2327 348 388425623
2328 1072 119193433
2329 544 313890589
2330 2317 48493
2331 1321 147951
2332 545 680969
2333 949 56888416
2334 807 348326207
2335 1665 920692
2336 1707 156780
2337 1759 737376
2338 1254 559479660
2339 285 109008
2340 1065 828219330
2341 1863 41175
2342 651 383474
2343 184 520539
2344 689 320251114
2345 913 93728
2346 1010 10183
2347 634 500910
2348 780 67349137
2349 1228 334366870
2350 2101 812267
2351 2244 849522390
2352 115 878680841
2353 1506 113871
2354 1812 195810
2355 1302 792619378
2356 1931 412500160
2357 2172 577900992
2358 242 182687
2359 782 977055
2360 1053 183990899
2361 1715 511994640
2362 1970 446172090
2363 558 514138
2364 1479 81523080
2365 253 849601183
2366 228 51073
2367 1020 135231906
2368 102 272101608
2369 1624 713655872
2370 2101 33475860
2371 974 349380294
2372 625 813250919
2373 1008 602423
2374 5 727212940
2375 1679 41837811
2376 718 288635
2377 2226 820705271
2378 1938 607580333
2379 302 668860100
2380 1270 456642575
2381 94 107105
2382 453 792804766
2383 1254 976197
2384 1639 631433250
2385 924 121890490
2386 342 98868595
2387 353 589619
2388 1811 835245870
2389 621 428561815
2390 1762 496015
2391 26 890445219
2392 205 675795
2393 1635 372474
2394 1326 928702628
2395 653 514351340
2396 859 99133826
2397 222 857093740
2398 2008 565548532
2399 1887 212206234
2400 1730 737737643
2401 1266 81360266
2402 376 49179503
2403 553 245514
2404 1019 253059
2405 1419 879466
2406 1848 254005209
2407 248 11326383
2408 318 614687
2409 500 387648442
2410 1694 346361
2411 784 492518791
2412 2008 306277
2413 274 82344
2414 2141 50165
2415 981 471150061
2416 1921 400249632
2417 633 756513
2418 1918 137345
2419 1283 562732
2420 1189 784869342
2421 879 430908
2422 1125 833978
2423 884 970578
2424 1959 782886762
2425 2103 150593
2426 375 14450396
2427 195 788400
2428 1619 589907854
2429 323 101942
2430 2145 636665371
2431 693 614809630
2432 1476 810198
2433 2217 517099803
2434 1879 801806313
2435 1502 427521
2436 471 991083
2437 268 469153
2438 2246 484530
2439 859 253468290
2440 750 727320
2441 165 372943
2442 2358 726212
2443 2178 935032570
2444 309 88728
2445 512 605781806
2446 2110 762569296
2447 48 19974202
2448 947 564201560
2449 1025 322269988
2450 514 25779680
2451 2397 28916
2452 1936 375918693
2453 1256 113187996
2454 628 939931
2455 1012 751697
2456 1046 398970370
2457 1230 106219898
2458 1663 566429322
2459 1799 290108569
2460 1091 187008657
2461 164 579709938
2462 794 242936658
2463 2408 927572460
2464 1064 973487269
2465 1612 937974291
2466 1486 430299554
2467 1881 926263478
2468 1879 999293947
2469 2445 562254
2470 2366 39123
2471 568 707939
2472 2411 771426
2473 1106 555272485
2474 1588 912362
2475 2435 702815828
2476 460 540023
2477 1132 304257441
2478 139 114373264
2479 350 430833443
2480 2081 876988
2481 2082 870327
2482 1904 329672
2483 1652 980515291
2484 548 893723825
2485 1312 886149
2486 1363 653812302
2487 1600 605262350
2488 1650 126460898
2489 2155 528556
2490 1495 142768928
2491 1752 356188140
2492 2348 584889
2493 159 301465
2494 403 258467751
2495 1985 356132
2496 801 934240185
2497 1956 553268316
2498 1243 444678387
2499 613 619429
2500 443 927049
2501 2456 448313
2502 106 608918420
2503 285 170304925
2504 79 298319
2505 879 354928692
2506 1524 201169
2507 2461 17038
2508 1346 734144
2509 1626 774062266
2510 822 198431
2511 946 574436624
2512 1822 136869257
2513 1126 514088
2514 554 714432
2515 2195 706707334
2516 1143 752216
2517 1592 686003633
2518 9 237984759
2519 1484 153281397
2520 544 994091
2521 408 959577880
2522 219 425147934
2523 70 205445
2524 2388 874618927
2525 1021 174354837
2526 1363 333463
2527 1929 930667
2528 1952 549343
2529 1115 647181022
2530 920 795449
2531 620 421324677
2532 1503 13583679
2533 2113 694988258
2534 2236 81622199
2535 267 857947655
2536 1667 50964485
2537 1246 15399274
2538 2328 607359
2539 726 451309866
2540 1446 720360180
2541 1200 433942
2542 2529 600605478
2543 399 121245647
2544 1619 826488
2545 2411 906105876
2546 206 999984
2547 357 936993179
2548 457 372387865
2549 321 780661
2550 1629 93839884
2551 1111 257144383
2552 233 46939942
2553 203 312465307
2554 1265 986467
2555 987 468843
2556 844 497037
2557 260 513493
2558 2193 354879
2559 757 845364
2560 769 452381
2561 259 868657
2562 1220 99891225
2563 2055 796191339
2564 2511 840641
2565 1424 704067
2566 2424 911590
2567 1191 161288
2568 704 15950
2569 451 243789774
2570 2498 694260886
2571 162 133367
2572 1456 393494837
2573 2370 601138
2574 938 648817025
2575 1284 731873861
2576 655 85248198
2577 1164 573529
2578 445 107699945
2579 510 481818721
2580 980 466868
2581 400 652364922
2582 491 124395481
2583 2422 281370
2584 1481 850256678
2585 1887 866568593
2586 1265 223290
2587 232 524735863
2588 1517 643195910
2589 1179 335557846
2590 1126 126311
2591 1359 384022
2592 1272 241920869
2593 1672 366396
2594 2317 42703076
2595 1802 935877605
2596 1841 343191124
2597 688 515662
2598 1385 643983
2599 2309 253493
2600 1430 277241427
2601 322 188083
2602 160 888905973
2603 2051 862809
2604 2575 130639133
2605 1153 80029
2606 9 148993
2607 1707 937120
2608 850 109776552
2609 220 84221569
2610 496 995074973
2611 1852 877465124
2612 435 178711259
2613 2522 97453145
2614 1682 137069
2615 1725 615637
2616 2236 415085013
2617 2077 879556017
2618 44 962200031
2619 1285 529058845
2620 2108 684624667
2621 1884 271383
2622 1044 836238
2623 629 682120836
2624 49 768752
2625 1279 14277444
2626 279 552174494
2627 1898 967015
2628 688 579152
2629 926 760762
2630 1375 546308
2631 635 175227961
2632 2494 287596
2633 1048 917133831
2634 222 409513579
2635 2352 40818278
2636 1343 848408
2637 1428 989251
2638 561 232902181
2639 2467 938883542
2640 374 145846
2641 1079 906426
2642 675 526577984
2643 2124 95357295
2644 2523 624205088
2645 628 881683547
2646 1988 36921596
2647 1805 370744044
2648 1229 508957
2649 29 89246
2650 459 495999448
2651 1183 743786096
2652 808 137457242
2653 1441 816384
2654 1540 860129
2655 395 202417964
2656 1924 215836
2657 2354 182261
2658 58 626478
2659 2404 373242
2660 702 671878
2661 2560 395540
2662 2076 24102311
2663 2193 681111
2664 1992 749922894
2665 792 427422
2666 1612 470443
2667 1654 192623
2668 2112 54858
2669 2201 179917
2670 2004 521008381
2671 2279 929263
2672 2073 653265
2673 2120 825814
2674 2219 763794
2675 2293 796135
2676 2372 137960989
2677 600 932574
2678 1466 250294849
2679 1849 608225
2680 326 569469803
2681 1682 298142952
2682 901 198369229
2683 1070 447316
2684 948 443639109
2685 239 383501
2686 761 795044877
2687 40 111382
2688 1920 879550212
2689 2526 949118
2690 1333 2821120
2691 2203 932264
2692 429 716599
2693 194 399570
2694 2590 181171
2695 758 775748381
2696 1361 985419
2697 2476 812685690
2698 72 855200695
2699 2286 682269
2700 1691 416843433
2701 988 454276499
2702 1407 846434
2703 1258 115211
2704 2372 33611
2705 311 568245
2706 2322 263264
2707 1045 134302
2708 1760 44245
2709 888 50421
2710 1591 82769015
2711 1721 394339825
2712 390 914279
2713 1737 581060
2714 476 343690783
2715 458 560801392
2716 1006 293788848
2717 2156 444808614
2718 1052 678182682
2719 1987 896277
2720 44 157602754
2721 2404 236663
2722 1096 954519420
2723 1116 838169
2724 1700 738325
2725 1499 734778
2726 402 570886697
2727 1113 212130161
2728 1458 522717710
2729 1930 586765
2730 2608 855717
2731 1481 468854172
2732 1972 901505966
2733 1547 467676844
2734 795 351405739
2735 2648 675870
2736 2732 554448
2737 2415 479877368
2738 2486 170460395
2739 1878 946780516
2740 762 436689
2741 2689 99086
2742 1292 442730985
2743 1256 496288
2744 2240 858093
2745 2118 194654
2746 2012 239967
2747 1460 86243
2748 1214 718331133
2749 556 34736751
2750 1931 229372
2751 748 402189
2752 1476 43565970
2753 625 26044703
2754 1688 632843
2755 2149 416696
2756 905 802797419
2757 2538 448060660
2758 1915 767464635
2759 360 650817774
2760 1034 933151
2761 2132 349031030
2762 633 689247435
2763 701 840768
2764 1320 213364267
2765 2551 275857
2766 2457 407218
2767 688 952507946
2768 211 171295887
2769 2111 558287675
2770 1559 232298
2771 2567 660058
2772 388 414023363
2773 735 663277
2774 1858 950745173
2775 845 777239891
2776 1068 41183686
2777 276 185820
2778 767 523522371
2779 1036 69872155
2780 573 147132681
2781 1943 229803
2782 932 664046
2783 2676 376511
2784 1177 647273835
2785 691 282517
2786 956 443618155
2787 791 151890632
2788 2189 632872548
2789 1708 932686
2790 2247 622585737
2791 250 909189835
2792 2142 294245076
2793 497 689195
2794 1332 956635930
2795 40 731194
2796 1930 570718
2797 1046 364163189
2798 1468 596874985
2799 1023 690666839
2800 163 141080309
2801 2279 78219
2802 199 208411
2803 182 593888
2804 2566 939490942
2805 1655 561783
2806 1454 652684
2807 922 310566683
2808 1688 522358
2809 470 398146084
2810 1580 752143839
2811 2724 679094833
2812 917 239747
2813 841 543853
2814 685 497917385
2815 1695 456023988
2816 2236 303049
2817 2240 403503
2818 822 347815485
2819 2307 649952
2820 675 346352
2821 2317 397908661
2822 2685 71092741
2823 2601 983633
2824 182 598709
2825 1258 831680904
2826 2155 736206109
2827 2004 873295
2828 97 918249829
2829 265 372997
2830 1325 37432456
2831 926 556007990
2832 548 959851
2833 660 514446045
2834 789 186528894
2835 2093 141474653
2836 2043 284300
2837 1229 389177
2838 2072 705124081
2839 2261 154671566
2840 1483 439880528
2841 1444 267681191
2842 1003 108453684
2843 436 609618391
2844 1437 682918
2845 301 441436
2846 1215 230433303
2847 1002 878707
2848 681 219440750
2849 1405 369451884
2850 561 530085
2851 853 625939991
2852 373 780736
2853 2180 770242
2854 1344 706445084
2855 904 960862381
2856 2840 24018
2857 1895 290663
2858 2641 433718324
2859 1754 181044636
2860 501 548738758
2861 2763 487395
2862 1438 216836
2863 403 206470
2864 2399 461400
2865 2181 743102949
2866 1302 968959
2867 847 536406400
2868 2296 593502
2869 2748 159014
2870 2781 205165078
2871 1829 156915
2872 358 739399400
2873 660 619715802
2874 2286 159203959
2875 557 467871234
2876 1042 398322
2877 901 807093
2878 1269 47888
2879 1931 231524
2880 663 955834198
2881 1836 12268
2882 2761 704867774
2883 463 680833029
2884 2101 200989
2885 361 324451
2886 473 234346216
2887 1863 284534
2888 2352 227258488
2889 495 318098
2890 2613 642289
2891 1393 553496
2892 1625 398595
2893 1629 961871
2894 221 277538
2895 1118 469839224
2896 1275 430107
2897 37 212061624
2898 1604 204157423
2899 1348 679488
2900 2069 869778
2901 280 741344
2902 2066 365084
2903 1471 634053
2904 579 234702
2905 1173 859697928
2906 2603 543872
2907 533 743795631
2908 741 107367
2909 1481 255982012
2910 825 752209532
2911 1251 315853
2912 316 571100
2913 2346 53979481
2914 54 852460
2915 612 868885179
2916 2044 374250041
2917 1213 444398
2918 2259 868630016
2919 2309 160646522
2920 969 144181742
2921 950 322167
2922 1978 597516
2923 1640 521990
2924 1572 1819
2925 574 365388
2926 2613 378797338
2927 2640 290932489
2928 433 971462
2929 1111 377503
2930 585 336223851
2931 2329 385757
77908 516045 617386 239318 33421767 974224 855565 884916 22257590 892843767 194876 632627 363613 994342 316220 126997 301673 507818 679539 890582 695953 753549062 12198687 833036 812057 364093 621003 371116 376802418 722762 119752 677776 540905 317359 413333 487121 664172 381467727 466349 897298 832265 563285 172291 665428 115316 360003 806541411 867351 861191338 962192892 286049 105984 238258 188174 644075 319752 115816 482345 414081 213622 599935 780263 247639 859120 303350 990580 465627 604124 188192 51832 327339 176278 367884 773766 975744 762341 75934 182310396 505073 632922 753401 892686 266520 285127 318025 983258 725826 964121 261355 400951 878406 873295088 385294590 609579 865659488 76359 333538 560918 53322 59006 390760 529535 316173 289786 899674 967741 363128 554177 20830 650338 704883 746431 860283259 210219 9535 698833509 421060 199819 677039 799683 634082 906224 478103 676260 465855 593241 780770 930022 352956 349403885 16382 273909 280372 72040 388473 416158 510603 247215 538463 158188 893194 535754 113274 785464 520000 394632 851443 810301 4065 909668 400117 859459 345940 145765 455230 589294 227183 704328 737427 710218 268597 709946 701533 520987191 390622 965930 840213 610877 185430 28945 602215 976122 822088 724617 560031 408138 813937 909174 336113 447159 119515 451902 706709 835313 938940 217151 487361 99529608 499168 359501 543117 857314 841951 992739 836130 741665 855330 368238 789740 203942 884439 204062 693604 481760 436349 349114 680130 17661 823432 857950 557773 7608 909314 23048 551660 212866662 690869 226541 735072 459154 760446 835405 684944 92167 458372 742258 595619 469676 121120 592244 526955 326602 528779 747943 184762 845014 308457 67405 108793 66346 24983 736950 261428 345818 695987 201537 713327 999957 99794850 89948 583205256 105645 770307 225746 549842181 612104 307394 237549 505291 623734 427608 865654 331130 914266 266627 698630203 365675 548729 824626 909231 775281 181877 232243 645575801 29622 98707 420441 596306 616573 848936 72105 534238 734458 971934 513720 84662 788749 994800 540217 716796 906553 738831 174770 298285 694228068 849384 639436 777893 174142 463295214 119702 418841 317899 977078 863016 71132 232558 120863 910172 175969 211210 492432 332556 885887 33475 157616 361240 547888 725523 390122 864980 475847 979997 683556 82930350 804956 995105 71669 814808 629870 355795 47025478 99576 18619 365711 603497 22309 164462 790414 828665 795888 582030 287837 792805 480741 468302 36133 460767 367830231 633474337 149090 633502 761355 964839 256420 649951 974846 927275 800063 821226 471667 407823 731718 871876 414281 372253 689735 843205 418174856 410368376 645512 872602 818186802 652944 436772 754967 207622 39299 94308667 283603 839207 779303 521367343 328552 933539 140857 954677 764546 566952730 743592 287736 6909 790417 489876 261480 310483 296967 90707 698605 624852 903236 868433 701701 462782 922951 369732784 174667 777702 976170 692293 484646 296967 815787 60160 336595 56686809 389327 996464 165238 993041 273847 666134 212546 722705 5653 726958 968091620 513083546 764385 932662 888789 772119 311710539 365539 172049686 604315 538955 408348 893409 890056 462353 795142 788791 325076 190801 569227 19863320 6109 8813 773715845 454133 387745 384138 806632 939708 643407 560519 733637 779511 923576880 803625 262554 807690 637246 580157 789120 419084 202827 552985 837396 886753 191545 503152 687044 203628 445150 817223 199760 319092 387292 219341 134082 321537 777317 731310 310780 23616 451877 351569 776648 197868 946985 350331 643515 25942 347427 152762 28433 268566 711073 410281450 473602 66579720 60625 84273 77388 832396 671116 960156 690732 561562006 937036 692714 379418 206552 526772 835872 769060 640009 164868 39261394 283815 564470 940429 454988 532637 396360 690600 738565 83471 518445 296540 688027 470731 683120 283448 366613 767702 356938 294207 924358 955577 937502 66385 842979 430629 375255 572348 825764 260710 56674578 259703 312923595 68522 648377 857128944 827118 479454 309280 205097400 620427 94183 94687 717166 640481 332847 132065 603378776 842540 493595 329674 933661 202496 837792 896226 282835 195202 79616 116734 502260 504912880 385843 628137 713780 138519906 83588 927742 539653 128058 754994 283448 689422 674762 294538 168399 704754 1541 898488940 151454 305588 241564 790064 544980 679921106 712700 863376 618254 827524 524991 755640 523772 671605 584214 309071 287535 9874 552004 183264 596782 480644051 180541 848254 736650 954896 494187 498610 339152727 815754739 467015 382522 595240 859534 974307 483424 349527 801619601 925968 258331 89374 737449 728308 65489 434914 595060 665282 520634 319578 348760 847614 528530 787390 999187 943704 356731 214 490853 878332 21607839 154433 885290 366737 224268 715164 23197 908513 380747 174340 951213 660410 43732 964682 459628 885072 709274592 7383 820608 69776 131801 590038 834264 617293 247003 852416 234155675 741523 911186 891039 368100 997293 316906 89872 940191283 16367 526240 408037 905987 687140 455193 18079 385510 177479 462363 548129 673517 876446 425131 685684 826635 970044 212661 66525 941589 671848 219944 583184 858854 828435 873033 649380 669041234 234567 449155 353334 330841 215575 863229 4259 405815 512242 307999 676347 499859 294722 204495 242407 812058 480700 290581 504511 202275 96380 289116 228701 414429842 318858 947954 447766 401624 384371 832041 340190 224656 954659 868261 818894 578849 307832 355115 994708 782609 3620387 820436 408905 501890 25082 65441 824257863 364068 784299824 108334 34234 657283 756334 957274 322802 741153 628336 906675 47075 988869 903504 966313 95280 402159 930379 731743 847309 362478 413826 240214 83768 480302 365879 479992 696082 587999 14083788 478286 208595 955720 551238 672112 639590392 893778 237713 133116 982755 80198 460776 713233 386968583 731235 536767 604345977 936279 471383 409007 954549 309746977 546774 794616 788432 939723246 834571 718293 394373 38707 511931 652465 453962 232866 799998 931637 189570 508080 95761 309355 541411 118159 609421 469103 945871 230484 965838 767656 697437 853092 631591 720544 783031 543981 651826 271889 100178 458037 364791 497222 561751 527527 642874 72969 315978 261818 765268 954799 877663 977670 502125 42100300 194636 623382 800505 136009 222114 799985 606977 740443 219448 884689 209977 423957 800547 78978 864351 635241 636748 604935 995951 592645 663591 747749 610475 355171 229516 482530 402874 496320 859488 53030 154641 106825 431085 546295 798066 775003 21398 577688 360564 381882 159974 191573 217879 966716 790963 709359 754481345 461892 613164 594142 740709 478123 615925 422013 160805 33784 72264 686898 586303 863881 769127 608892 650873 270833 354067 405009 269820097 908344 862254 251527 363312 748429 970468 760461631 997554 402583 774356 990647 49781 564320639 325532 156746901 925012 118769 697029 983959 279383 776782 911512 813300 281242872 387495 357857 447166 743352 723418 584537 940969 22192 436253 411976899 562692 598207 508939 873951 556502 283712 157381 503646 923697 740138 827306 105554 322602 705926 982103 741682 630836 711492939 632554 945841 467427 79015 509417 418020 124253 412827 282927 757236 266717 999722 856717 332781 862429 671443 990157 569808 270341 820586 321767 827251 457322 769298 786356 63343 883228 646562 923425 723337 255599 637740 469450 210437 946581 188136514 96411 818404 987054 282142 377624 545285 233358 748618 49291 685164 989082 660360 263246 381190 977552 10187 689911 701574 43470 914033 788617 525068 21897 503604 826452 618083 18879 73565 503565 570909 82825 700363 967787 784026 821358 166523 468730 691412 164945 229900 120240 71008413 366493 917697 14615 733596 391358 332483 137989 365077 805930 837389 474865 45672 477678 824015 651604 122250 605134 290441074 2563 85142 901861 887024 606165166 642592 193531 339271 412657 545503 619941 351168297 806470978 293665 717493 207229 512675 46030 134924 137634 916681 378137 988656 158255 303794 876493 410050 486332 501249 159464 581205 374721 730097 996720 80819 887712 283114 581535412 2449 355802 665828 699741 554808 852212 957107 272252 6694 896433 362040 346353 516399 782496 28936 34189 570720 281252 59665 524624 654244 857910 90190 618085 398594 499656 618357 756164 231557 71255 227621 771374139 395182 970806 10588 794527326 860555 693799 7642 77937 135160 548580 652251 659756 636200 556971 734919 661015 478123 13748107 281561 144659 751262076 947217 763752 515780 11107 346344 83254 696637 913033 742896 77447 598414 564163495 681745 701355 61275 161232 107262318 310719 424901502 542377 463036001 440772 640835 502868 647712 754014 936339295 327890 562847 366819 478367 891836 145033 227358 22937354 392968 720388 572856 643268 45000 850298 136077 150811 117455 525086 584607 565387 591890 262284 269496 402453 525119 727682 513238 131111 689007 413180 631317 582824 970615 144240 293889 82054 34939621 9346 850290 821047 887717 396952953 452693 19487 636056 319162550 507348 41810 958069 384732 304694 13125 647985 846411 302827 95652015 577180463 379047 101450 791103 617646 25077243 592175 90784 674792 563795 937223346 741277 204321 322834 967170 427690 573121 404198 37620 29963 648766 608388 482055 836039 225540 217527 131487 842817 801597 704569 760361 917034 779278 590747 385110 423104 129470251 21108 257721 668103 412732 896247 112394 563436 255960936 528344 592493 16274 416210 353202 243352 28437 173202 227756 476739 256748 536154 323722 51286 625099 575998 917801 829858 602961 302491 260940 765180 223160 575932 351289 187934 100554 404362 110947 976002 422809449 872709 837134 100689 817050 301263 770802 994247 326499 616778 604618 750368 26184 437509 189347 110286 803857 876420 582516 332715 46217259 526339 47706 299985 863185 570363 632316 199446 484291 800504 115943 123611 479004559 395793 614813 20355 935352 809454 988362 852702765 35478 298003 222256 138330 577752894 29996 999221 489800511 770899 194552738 709337 812862 764468 544460 476892 698888 429804 249751 237433 167867619 135291196 759728 904693 953931533 912486 252735 787951 383840 469047 810371 660801 459208616 633625 207518 711097 651923 674136 295055 432731 38567 344442 717416 968618 61289 105292 231503 404112 454683 916997 375907 992202 599425 826999 533745 12311 713635 172538 521447 160289 710363 846474 996196 53147 239547 332774 360579 561363 633359 746887 684866 94159 841086 84195 105308 651359 736766 600618 169817 429444 641761 457989 132858 823418 731126 996703 263610 628740 662165 489462 594659 40892 341175 586113791 675600 958341 672401 600552 604009 385751 574206 237846 674156 909418 211213 387690 303428 469406 987916825 255924 873482 836885 860946 342773 767708 77307 365485 212005 146234 365990 258686 349474573 401882 92414 24601 108728 186763 556888 452827780 548017 714789 678830301 545507 830952010 316101 899287 39760 316700 450347 517012 487950 956991850 814355 113006 743114 365556 701409 889235 531526 285459 601575 178162 971627 311412 326343 520844 976040 230985 259563 401862411 463641 285440 162942 190050 498286 429774 563780 29170 405541 523064 871045 638110 522989 579892 16060740 813882 765822 871433 382951 630197 364639 470113 973052613 88163 222544 815057 149880 253813 653655 96932 698224142 658225 713333 794935 351395 123484 104798053 178625 138049 851597 66211 637525 803140 778808 701862 22640 88977 799091 538510 795088288 194583124 540318 182957 936496 791160 375045 388107 858268940 989427 379618 200538 123310 453591 989800 675135 478195 492678 802533 632400 459710 948369 29064 46272 555350364 650641 910334411 539507 745589852 364837 568567 727906 851079 229829 592349 398224 715356 424176 108695 874768 268263 193742 741864 516294 639893 216043 761980 483082 284769 668469 985309 892673 971629 696931 506353 613012 471445 237667 455869 623567 737837 918403 53935 373742 789374 912338621 851378 495745 127222 632607837 709931867 802434 164825 643724 536421 184535 202578 642264 706407 354768 445197 515467 941485 649533 37691 952043 974186 529698 172898 204435 655963 534763 922661 664682 838303 643590 258806 595777601 197380 283641 767803930 260355 422350 294086 361308 883866 193433 953399 554666 829186 818160 214278 7164 23660711 364001 624287407 691057 754647 826924 140804 53878 763090 911636 658686 436997 183080 198802 922775 844065672 780731 531876 95456 763 739431 341071 297150 465311 969304 780639 288704 895288 374378 697898 274534 129621 312020 866792 828490 137094 57636 48731 669231 343590 107858 878070322 442226 295560 379350 400153 981949 712981 490294 501812 636641 254975 608161 600860 526080 656241 745437 91280 306222735 348700 798732 920388 334061 23908 850713 452753 331640 772159 229609 309487 370376 862510 767372 121897 681497 486968 434613 684246 402758 15803 484187 164311 462023 743902 455085 76070 44318 701725 927087 34859112 659828 72051710 41808 128278218 759333 60127 282809 483173 405137 332715 130648 999226 867837 445191 644928618 953290 81978 147911 460953 581958 297491 821786 126951 188388 906307 643837 925129 10499 256663 426683 938975 356635 94812 893918 258352 945420 133344 871903230 733287 970294 90780847 207861 445217 187994969 246218236 175187 295211 495816 345148 381335 325026880 870106 991855752 352386 869162 104396 71595 984633634 647525 486200 848458 865792000 420576 138355512 529529 112059 148604 344790 300926 158462 490029 579473927 321791 389846 515756 612170 36901 660412 97355 476228 82638 120436 919534 674460 559240490 25294 137028 714865 315335 257057101 78189 772026566 723595 602389 822312 553597 13482 439513019 866006 390364 350292117 131475 883904 437917 939294992 33402 395268 285605 586821 713507 822948 335009 706088 981050 955837 966294843 656968 124568 513241 551685297 739893 161912 84745 124857 99632 618362 586172 712397 839694 403633 513530 219700 18687489 905574 183249 51296 777632 591790 17311 78557362 907822 729196 955388631 20853 161862 770929 521342 515060 301096 13493 390777536 155874 950675293 994159 417871 388097 479001 339514 264417 200317 501614 270518 419434 593048 278567 524780 641574 910160 223342 131917 228091179 216955 995904 321264 715542 43210 913528 807424 182310 492904 242136 563843923 248152907 895062 336983 362562 605877 333368 339927 285767 530868 818746 192162 295800 391329 947751 233213 995695 167994 964599 389266 321895 119106 218787 966342 957353 959356 110437 773840 274389 364878118 668217 454102 85001 788003791 857502088 251768 260183 914363 413170 893024 30416 558184 819105 230321 556417 313438 932207 314142 190987 261125 684349 825516 182218 160868 498147 597594 935847 974001 188558641 658652 165758 591458 854939 194580234 671486 563287 474514316 584283 921441 809099 234408 44431243 146920 164644 216789 825274 464258 334946 711523 83629 403382 357817 765159 527483 161018 808648 753709 478377 728139 222091 256705 93254 201363 959627 418779947 325372 406738697 757630 365329 130536 460366 238187 746920106 653779 114874 244136 426935 283706 205364 33594 773278 52090 787425 896238 519869 911002509 355472 534417 696134 234375 164608 204061 544580 680181 533256 171701 702928 967519117 339904 361677 317363 21226 315028 470235 883828 498211 38917 825896 305235 781263 954343 852065 956787 205979 457446 377178 485304 254010 429485 430238 869756 671594 627065 482125 382142 669133 976054 981964 48872 958335 175965 150513 380005 554934 441644 713905 523025 920052 799709 925118 936266 74315 146153 930592 142778 247962 736205 389018 785504 593293 223502 957154 58206 669548 711517932 707170 613934 193261 183462 528218 639530 213181 800668 929055332 277917 255251 732389 627935 568529 577020 757938 627966 100839 31364 913212 148408 442951 460620 63662 812193 736550 442818 676142 817329 7671 733291 740575632 243606 294388 258053 502953 458022 59627 645344 994806 261052 349357 709083 190119 960585 323300 9756 166262 134897 18176 746960 891449 694066 29947 15382 542028 921512 486841 380727 531783 823444 378782 557399 607194 612853 681382 220492 343080 415581 742164 724307 998246 677734243 759715924 171717 411922 837547 480111 786781 808146 770154 189006 991621 693191 141703 671517 139133 165949 712387 132524 583097882 765631 175280 496616 983022 70088 222198 851683 713733603 104321 431943 255488 768231757 666652 443268 694455 594551 271361 738418 517570 372327 399562 590448 508415 119521 583268 952035 574794 668499 150765 199248 380369 114064649 473673 508758 689832 827406 460255 808673 676846 133804 437412 136535 590045524 152605 85167 246904 429880 349090 797488480 485636 539821 178279 532331 631909293 987964 488824 439828 392943 846428 980904 184094 108444 789225 367096 644595 480863 569333 844344 789486 975101 120807 676878 486487 459310 731390 510509 891002 583579 785577 411096 434561216 96624 505053 580913 252786 775171 420648 660491 822685 889803 665023 771473 469179 284521144 895190 364062 318163431 471645 109815 31596177 931646 8825 833374 584945 676019 643997 817321 895989 309237 78127 630704 938788013 51955756 391955 38408 867343793 21887 820186 220413456 993202 265644653 773333 56527 863463 333553 748751 773303 588504 630236 555198 61120 238834813 914913 462853 624588 309692 963156328 110799 943342 936873 248064451 175147 70413 319006 63764 313897 341363 923687 915804 470363 821738 992428 993559 251825 443748 989083 29006 568900 112489 237019 879787 6858 237463 66356 430157 50927 373021 364135 167689 703076 756115 180045 986196 219088 246684 735998 39331 51204 848199 961722 662461 114599 676534 195030 587615 595422 827204521 8141 236659 705687 330719 298736 304039 960894 593191 309310 768480 453894 762450 699666801 215972 762946 565389881 959093 582565 192306 296917 688955 958657 866383 163403 665381 119433 400509 420769 493285 652917 602764 130695 19748 953092 598338617 434466 130225 122938 389316 617682 398826 767602 554204 512982170 199848 948131 65898 984953 199814 518097 556337 179038 977077 825977 608674 768722 838950 147526 360341 968781 421652 907228 395535 261820 951779 912852897 878904958 258350 78451 907360 791263 345266 1505 354692 231258 479245 243903344 363522625 657143 83980 725728 96189 864950 65289 172917 912543 798256 435242574 27118 189502 675829087 720180 568290 554980965 558170 748485 623358 262006 631302 792961 468469 501501 774897879 532177083 593510 949770 368410 653622 475663 305014 501119 693406 709877 794600 3987 722528 662273 667480 925739 342552 20083 795687161 368043 455652 316987 676776 556371 579655243 898299 129783 982075 373003 214879 658534 372084817 69809 109914 111269356 997266 930240 475149 124703 755791 800688 562108 329042 362733 455124 951230 780949 630272 344842895 575491 898219 339835 394978 48657 353489 372188 405816258 654484 821323 429343424 580631 311108 2809 460848 771173 405256326 578118528 55660 497245 759496 980644 855490 108921 834842 879072 890783 710553 910861 542582 352313 283047 999594 155559 373116 48140 902416 411295637 527462 238394 693642 239389 405726723 929750 35453 505543 325889 889782 938206 622149 216972 812557 434963 114768875 595440 469560 818532 603890 433114 361102 956037 772947 577442 119654 254009 924380 878006653 467027 741541 814567 590040 562461 527907 480133 987911567 500442 23217 214134 854926 803509 129734 218008 763712 330809 13173 876141 38646 309428 17176 339657 151641 839632 878471 324950 292372 517270117 916230 184449 533245 709790 99986 225917 43579 596713 352596 934632 133213 823533 867608 431181 146510 825903 201894 919982 647047 927659 670421 180771 918860 394474 812092 933939 147733847 941071 440633 330968 101246 429914 195605 786307 473983 171360 528680 709784 441435 628562 902990 139656 359028 784711 204369 278175 813653 477214 695136 878113 775041 208014 862572 881584 481186 754570 314945 361805 645425 209184 970149 349806 124276 212931 818736 667069 450615 973099128 437429 836401 372772 133932 637075903 99951 222632368 655570 116068 440138 93754 477297 116359 176053 618396 545950068 721158886 304230 117359 993980 990290 680316 114050 568716 706859 174281 784550 464464 318674 54789 934157 377653 413219 625817 792692 947864 588661 655686794 187431 338258 583174 525463 42722 204449 816853 704445 947415 357936 877286 933163 812898 719366854 726823 265939 952091 663597 567053 10833 624350 304617 648952 705989590 843742 443853 575626 930004 268981 490237 135988 82036 864500 451655 835964 531944 574620 993866 370307304 387218058 872554 490578 479370064 625471675 826411 654382 26719 888266 794630 205978 993993 374399 604385 569702 374240 981876 238597 319052 887371 42272431 439928 740283 865400 748579 139731 712185 586044181 157204 972265 56799 376869 823907 469527 737899 394569 30028 884766 457729 857045 382323 775339689 636271 223706 769291 35344 567055125 790499 628213 850626 588086 291943 229317 934268 467418 566958 740536 704722 643291 385337 447488 116658 632700 199686 854229 328161 797630 383437 969526 533942 360140 812625 281209 103180 149078 998778 354794 288052 112499 623483 287642 107444 442526 580075 169695 388269 454815 324729 196735 865146 482398054 171260 265682857 189058 736410 365283662 780179 657822 861784 295887 625166 313235 949078 594910 890663 741265041 576736 57624 963726 309351539 