2913 2913
580 728 511185517
2278 580 55961157
2859 2278 250967892
711 580 124929578
2895 580 263519764
1401 2895 74861752
2030 2278 510022129
2861 2278 574510346
1646 580 244326111
2325 1401 919839123
46 2859 185237690
311 2859 631742765
144 711 107206999
1000 144 893783170
2719 728 735893415
2153 46 764688533
886 1000 510204815
2015 144 613222206
348 2861 152924160
1101 2895 732096893
1605 2719 870914862
2723 711 356961044
1820 1646 676708247
1032 2719 82381644
1759 580 994159825
1757 348 587132742
90 2153 310205242
1826 1101 228132862
905 2325 36815780
407 1032 939504525
479 2861 86670606
1013 711 686741717
595 2859 263368020
1057 1101 37317278
205 2325 506094640
2333 2895 41454102
1929 144 87629177
2721 728 583136045
2151 1013 754181920
1916 2861 432996075
141 1013 935747828
1016 1820 5952505
2510 1929 766729647
805 2153 212913898
1576 2151 98147969
831 2151 449565003
2355 46 968593147
2242 1757 253267386
211 1646 93349622
2514 2153 687389757
371 2861 202209747
2146 2153 838085720
219 2861 294279441
2003 144 562222749
108 144 528812279
2150 211 599148110
2097 2153 416366727
755 1820 24833364
912 2721 105602950
2384 755 502619422
2105 2510 108668569
1364 219 124694962
2425 1929 814478297
160 2242 491095065
1722 1364 524893767
50 2859 396692925
966 2333 66410068
216 1605 51405067
414 595 572492640
52 2003 5235033
862 2333 36359338
199 407 256532629
522 805 582545746
1071 2278 105717790
2017 2015 181391555
656 805 813013161
2533 2895 947828644
668 1929 898906388
1233 1929 252276913
2002 108 141601841
2613 1722 195195005
1113 805 589526964
2018 144 146344382
2271 831 110482205
2869 1071 273079593
134 2242 430211589
152 2278 182493438
795 886 379267420
1910 371 697441608
872 912 551110947
1843 2151 618740172
2220 1929 748570438
694 2278 745470949
326 2384 871105263
2611 2895 22056223
2451 326 863737710
1611 2384 678171652
1888 966 540248938
242 2384 339164427
789 160 416949341
746 2384 759024971
254 2097 26573240
888 886 184535283
1242 1000 952808775
1446 2003 317434396
2830 2723 24359943
2094 134 403383034
173 2333 126101545
1681 414 153339758
1349 912 660789140
1230 2861 123338918
1702 1929 344189263
2795 966 599404339
962 1013 715613105
1949 1888 171148453
791 2333 229679156
1176 2242 681154890
36 2278 78718077
2575 1364 998289476
2848 2151 654451108
2389 108 393961552
1139 1401 778379714
1375 694 89922698
1181 2861 11140151
2004 2002 56162637
996 2018 37742796
452 326 531043481
2165 1605 869548987
2436 371 752073270
284 668 190870443
1487 2018 127145881
128 205 485374436
2222 219 404745946
1224 219 54671455
2268 656 483251098
1164 199 955513519
1975 966 778185252
2152 1401 245690466
1581 728 556515460
51 912 121266970
1475 371 474788529
63 2425 938267340
2659 1013 63508983
657 326 575700173
959 755 366328821
2496 2153 182453077
231 831 77399840
1666 2242 387763470
2750 141 550679045
1739 199 980916959
1185 2333 876816599
826 199 988436557
2045 1233 522003553
43 831 508500160
2489 2325 140699081
670 205 854513465
493 2611 879706948
1797 2153 76336721
1827 2719 203193495
1481 2325 143850994
686 2514 444248203
2053 2425 127906180
636 152 264685293
976 326 547519760
2449 46 876986693
2443 52 942913053
679 1759 551689603
600 2220 328822505
183 805 130377400
2699 595 145691273
2031 2271 248398817
2396 326 394496784
2032 2242 207584660
2155 1401 382609379
796 2895 264624647
977 2278 843161270
1417 1757 65876816
2395 2105 644848256
816 141 126420281
105 2105 489418356
91 2723 763795207
1840 2451 633062438
1499 1013 300452953
1054 2003 578335825
2442 108 106533858
1724 90 679191243
23 2613 500455938
724 694 629835359
1628 2030 874156794
1986 108 133021810
2217 46 289912948
74 219 874766379
2112 2097 626957354
1086 2510 543647239
983 580 783489591
1676 2153 756041196
1627 2384 265340506
1040 2002 106834824
1272 2719 693897145
1156 199 987664032
1282 2384 2472232
97 2861 702050469
2665 2613 111250419
45 522 406247398
2361 1016 425387515
2593 2242 943928137
420 311 200134937
828 522 279259408
290 2325 755019704
2577 580 462850620
1022 2153 5166900
457 1646 47837889
1806 2151 333847438
1437 2220 842906762
2182 2002 796221670
98 2325 195634480
2343 326 64879807
1887 1113 842006966
2369 2533 121278154
361 1016 173191013
375 1820 681794619
586 407 284277222
1048 1233 355848123
1766 2271 29544125
2594 2861 711157654
1773 52 641711972
429 2271 314012898
2218 728 872001322
2573 160 60782815
572 2242 663061619
2812 1843 560451918
2336 108 756517944
956 831 102820306
1537 2151 221536071
2393 2510 157250457
2374 694 389233512
1941 1722 654571823
1398 1113 31241657
2459 2097 141226069
501 2146 501215596
2701 2721 284978132
399 2278 19658509
2717 52 294694865
1266 728 398744513
1305 728 331880685
244 966 144750369
875 2150 984481708
1218 1032 726718568
1283 160 834804800
1841 728 114821676
734 2869 743957076
2126 2613 317214820
77 2384 892410265
583 1013 855337422
1250 1759 30287421
1076 1101 701535065
699 580 152240151
882 141 556134219
2119 1929 324831793
2027 2451 318462362
2091 1820 972804118
2197 805 563863313
839 311 540336038
2245 1576 493507661
1478 2510 91586376
2625 2510 150844028
65 2278 529020687
3 2721 20679184
2400 211 522271162
1855 1916 33512290
2408 728 602476490
1520 1113 771947983
2453 348 112359117
446 694 329980773
1570 90 558949668
1684 1757 132641284
692 1757 433782761
1650 2030 710403776
769 219 562221953
819 2510 986181215
1110 1910 131163871
1015 152 660379917
2720 2859 26371461
2009 134 355248868
2885 348 216862659
811 905 807334671
706 831 386508868
803 152 632192573
1541 2611 683837103
1767 144 705778743
1784 668 93762506
321 2002 516878460
2208 886 926842266
1838 905 969329276
1206 2425 30007131
2482 219 924113999
2385 1757 756522607
809 2333 143981482
2260 795 174768487
1301 1910 923821352
510 1016 63132732
2654 141 30172894
777 1057 625771491
1659 1364 353345184
213 1916 420647911
2041 2384 408667251
1056 1916 19572617
556 2278 601111735
1177 152 818864953
19 46 392327703
402 211 727692847
1696 144 232461561
454 862 399291836
2163 1057 444141129
1420 2510 786857093
394 2613 148871517
2619 656 581492278
84 407 920862554
2145 311 46620044
1518 2097 820652454
1175 2384 833593829
61 50 979547277
1673 711 968768877
631 522 486954242
1399 2146 682153513
330 905 957165767
383 1820 542450549
382 795 937603410
413 199 521778161
2198 595 130570857
1240 1000 59363953
1200 134 659340583
260 1759 585639349
275 141 123076413
2063 348 898620012
903 219 870537499
2115 1757 420665474
1129 2613 950973757
1018 2003 915862176
1243 311 24543046
2075 414 137451523
2826 2002 821479284
1402 1032 106402850
1480 2723 567488433
1322 522 720611293
328 1016 406744719
637 326 503433117
2704 1101 90831814
1244 205 95303289
953 795 680822236
878 966 206598296
1813 311 553012193
1868 211 462357394
1122 2015 201922987
1598 1401 466152953
1937 50 659754555
1321 1101 12910085
320 2146 807864261
860 831 719325970
2434 912 810940243
2639 1576 831068310
453 694 290467426
1847 1233 555926838
243 108 122716322
2433 872 294653869
2046 160 696640082
1239 728 554097095
1744 2105 479374753
1811 1032 263106621
64 522 756784031
208 2611 853867829
2328 2861 397211114
1783 1722 778971935
2467 2425 62268227
1290 216 703373571
1392 1401 367312390
2827 2017 811499551
1904 2030 392336446
1491 966 754099080
2100 2278 928258818
2493 1032 888736630
834 2105 585831505
1330 144 75678958
2128 1910 132308197
2647 108 69847407
2775 2451 487179159
1387 1101 814988817
2193 1071 164648392
2607 2153 308446270
1712 2151 667691677
2749 2003 436683756
172 108 220625492
1620 1820 800150812
31 2721 140979335
236 371 810230944
2323 2097 108689913
1770 152 915350493
1192 580 142736601
1727 2278 188239540
1416 2150 592762604
70 2723 339000375
626 711 6786198
279 407 680900719
1880 2271 719868305
2066 2015 151929608
817 2278 287960571
1524 2150 570044272
1267 50 234192993
248 152 304014597
359 152 117489866
1469 1233 811641950
364 595 296416573
167 1611 99082721
1253 2097 37577319
2462 2153 219453823
2758 2018 72305801
2761 2514 912855653
2600 656 848251400
1152 1000 416033440
2542 2220 682134086
2026 479 271974264
184 831 699303021
189 2220 126454228
2471 2017 853958979
2180 371 858611476
1440 1605 190546465
1822 2220 454951350
2304 2723 766045500
1821 711 98444824
967 1910 545929916
671 219 41129713
2353 407 206457778
18 2015 948715020
973 2613 797291974
1878 371 155931413
2486 1722 98072564
1857 2859 133200365
2057 1888 133042475
611 872 180285972
2880 1910 151001061
1492 1826 876859050
579 1910 455779208
2888 2018 837093697
1055 2271 221255599
2407 242 91917813
779 1646 383143429
438 1057 228237253
113 52 275851609
2404 2278 744004115
2685 728 75483658
894 2242 35786939
180 580 786392655
1004 2150 180829937
569 199 434030877
896 966 960029454
2191 216 180717720
1471 2895 82450062
1997 2451 67971591
182 2105 179737930
408 1888 418952009
2508 2533 891936728
620 711 133035922
1639 2030 298674200
2863 242 802827733
1467 656 95254780
316 311 149055472
1947 1916 691984471
222 595 435927124
1441 966 694353367
1992 1916 502315771
1980 2861 776933602
1665 2723 576128925
509 1576 748083738
1296 872 204397898
490 199 102153771
1845 242 344222277
352 1057 632970899
2174 2721 699572361
2315 2153 110581650
1600 1929 498877779
2156 1611 861510663
2712 219 530852832
1045 668 670954350
2839 1843 566496677
436 1071 606966284
2254 595 432485523
107 1032 781414358
1257 199 86518050
641 795 767529348
578 2611 676833768
2696 2859 14850327
1726 1057 27827912
951 2003 846609023
1493 1759 647021378
2266 595 159627358
2578 2018 285987286
1621 2018 708403264
678 1759 621892876
1752 862 507345509
209 872 125392989
2706 2895 954688063
2237 656 110502435
1928 2030 162016100
2435 108 89755485
950 479 812931354
392 1759 691176680
1281 2030 423046973
1255 711 744239595
1448 905 685723512
150 1013 946675733
1943 2242 423307569
1334 1057 116854825
943 242 976300369
1498 2384 967674471
2438 134 86696574
2714 2325 584626050
395 2859 160308409
2158 886 93194173
606 2895 792374886
2000 1016 959599844
2878 831 812117623
1956 371 854452943
1682 152 839108594
545 479 267057247
1787 2721 943412846
2541 108 332481786
738 595 380501134
715 1820 527715640
2629 1820 73580943
2650 2384 976272747
1778 2869 446386789
2440 216 981190315
2836 2613 310941712
106 2384 280017523
2360 2105 980358489
1540 2514 723060587
2450 886 108221846
530 1000 370895917
2870 1826 128341314
1754 199 894810103
1577 242 61055049
1010 1576 540448854
1289 2333 900737236
2338 728 16412595
1489 216 118022731
638 2017 698128792
1130 862 880388219
1210 348 55110574
719 2859 883319599
991 479 988742391
2452 414 871354871
2679 886 408248485
1455 205 777336298
1624 2723 693383501
1517 1916 99128514
717 2425 203459751
1655 912 907684646
285 46 633617257
1582 1401 527127776
921 2859 121798392
2232 1101 230423150
156 1113 93353643
2904 2355 620637474
459 2015 516665682
1636 2869 381981344
1298 2030 39878274
1178 2613 407543184
690 2278 87705586
1779 1843 663872546
716 1646 322573792
2042 2895 691172553
1513 46 41482780
2399 1843 304971534
1900 52 83821084
1543 2018 24774493
12 1113 171451901
618 1071 99398847
2159 108 215790541
1765 160 320932796
1917 2002 280109206
397 144 608072552
1198 144 589390645
122 1016 362142373
33 595 898196499
2412 1032 933113136
1823 2097 570941815
1958 668 499477198
2853 2333 905200561
2791 371 279465480
904 2859 16338046
975 2153 670779610
1905 2151 695015853
398 1233 97879979
1353 2097 784216738
913 2721 355388340
1678 211 720330456
676 2451 121405846
49 219 908463300
341 348 55545576
24 1013 261935945
1024 108 35547442
281 1233 61693633
981 348 861849962
1332 728 546533943
767 2220 273814074
2037 694 900728621
104 2869 141069193
540 711 622978829
836 2721 625226569
1530 1576 488149664
2509 90 789112435
1074 1611 512515099
142 2425 137114916
1921 2146 963947845
594 2242 275332120
1511 831 397397705
2207 805 40709350
513 90 23736620
14 2105 930266065
1939 656 260459228
2857 1016 562362278
1969 1722 749220695
2270 2018 84694393
944 2723 35858830
2318 728 468012072
2022 479 394971661
2227 46 892768177
2498 1757 484236316
1001 160 301305192
2288 831 70284909
2850 595 19991274
1649 905 861292202
1155 371 708022281
492 160 168853663
2178 595 268549051
1908 755 991818251
2644 805 70858919
161 2097 38480843
893 90 905818870
2771 595 921034381
2062 1576 853936395
2851 160 26672517
2552 2018 36068299
1725 2002 874831625
1412 219 985672388
2170 205 897316217
1594 1605 338692724
1862 2895 35047740
2077 2355 457545544
1795 1826 551716006
1751 805 342769975
465 2723 50399186
1711 831 15302538
667 1013 795672225
917 2242 765997871
2781 831 370806400
1506 2859 53892120
927 2105 537139804
2186 371 277313187
1597 966 689908977
2173 1757 355864249
2902 2150 584483829
980 2611 725494560
1946 1364 534682589
2277 407 757846698
2064 886 297576326
1014 90 511606227
175 862 620260131
1317 755 561045898
760 1826 432266928
2705 216 65685713
1643 966 819703763
2388 862 584746051
601 348 487074049
1160 2003 86001898
511 1071 84527869
2814 2018 528441895
2778 912 208638428
2421 1888 93540939
1184 912 567771381
1107 1364 562795479
2457 1646 6203394
137 1910 929221450
778 1888 292762752
136 371 91193148
867 1605 827235659
237 46 939974881
629 2105 403463059
1844 108 68048827
2483 311 848161681
385 2220 484879497
89 1722 31526866
1718 668 919864871
2560 1826 104604085
581 1759 104620558
2415 2719 261070230
881 1888 750403530
1555 50 862725574
1709 1233 396227057
1604 1910 418800319
506 2859 508011999
2702 831 82294901
403 2151 749714756
2312 211 360448137
428 656 740388044
1740 2333 958799318
1479 52 207310880
577 1000 300173828
727 199 118977698
2281 1916 861808403
2656 966 614878027
75 1000 378947202
164 141 159717260
2135 1605 635678072
704 326 213002483
2345 2384 221232222
1873 1929 20460200
1279 479 678449011
1096 2002 977018134
2875 2002 139446694
2662 728 60972832
768 522 431724363
2804 2097 563926222
1424 2278 947667803
1745 1611 735072675
2458 1843 118948088
801 2355 804840893
259 595 506275128
214 1916 176895228
2216 522 514593751
2690 1826 59585573
1248 90 805084552
591 2859 447364713
99 414 80145582
1580 2861 362455688
999 1826 504331379
502 371 103574739
2265 522 667093087
2711 348 890801310
39 2384 463567604
2416 1757 313926385
772 2859 211323378
780 1233 310790686
521 2861 846714776
2300 656 778873076
272 2030 496581414
1079 2015 298361001
2327 2895 704292515
813 1016 515575912
1552 595 692781815
2296 2097 740999928
1769 1757 144502957
2172 160 917350132
1557 728 629262119
634 2510 868263252
1100 2151 756497483
2322 1826 675758639
1723 2895 542372822
2540 371 806273932
859 479 990379955
1020 2861 975157798
1245 1820 632829553
673 414 755747930
571 522 710438315
536 668 832159366
544 1605 283144526
2841 595 777976134
2089 2613 33399007
1169 595 119358893
483 2153 405474475
2731 2869 523146567
1786 1071 958584003
2873 1071 426471579
609 805 811698704
2058 2514 23113742
979 2242 117127523
2912 2003 285016767
246 152 160197836
2209 1611 903363302
217 205 452929779
2225 1605 273884081
2081 1576 582838394
891 2018 534120964
765 1843 972653735
684 2150 319276488
143 1759 961757819
1994 1646 940250373
419 311 748551327
2680 862 778606786
1777 1759 7919315
1542 862 976356956
709 1364 150155864
630 2015 375620684
2765 1929 16074032
1008 2003 862537620
852 407 505772546
661 912 243443524
2273 1826 161528582
751 1576 693177275
355 326 976864457
2842 152 484873415
832 50 889330087
1311 2153 666301089
1092 966 942542566
2538 1611 296718777
1297 831 855428298
2317 46 48212874
2733 2105 38707604
1427 2003 482843551
417 2355 905608620
87 1016 96715819
532 90 335831492
416 694 530246322
191 2895 422600336
1449 728 657841869
2604 2611 109939775
2840 1401 136363479
2746 134 767973783
1357 862 360571872
1429 1910 111059233
1163 2030 71457904
276 1910 467390750
1369 2002 519018522
1834 1057 450085175
922 1071 159168717
29 1032 754325133
855 1759 526430773
349 862 631466792
331 144 350403615
2811 886 325107487
2255 2869 285958971
901 1929 977185528
1663 2384 363721321
1595 2719 845997889
931 326 345510528
682 668 855321630
1705 205 715682064
425 2723 599988650
1235 134 954679336
1865 199 788995907
2238 2869 133909527
1502 1916 552296359
589 595 547836600
2796 242 152896625
2437 371 470258568
2020 2017 699591761
2133 1759 472170156
2244 2333 265219562
1554 2097 781598967
1800 199 388660315
2622 1071 116665328
421 141 29475883
1141 348 426045969
477 90 404030678
1376 2384 560123155
2669 711 819810454
2525 1364 66353454
2007 144 387975657
2397 905 158775592
2187 905 23002372
1963 2869 7279793
2520 1364 598395515
2162 1722 76163299
1426 479 915142276
2568 2859 692304306
2725 1605 276547121
853 2151 126652861
447 905 661808904
792 2220 357766438
1038 862 714406689
2223 2002 124107313
2478 2510 767683679
1607 1929 770615551
431 1013 965566055
401 2153 662597187
78 90 249068
531 2869 97771072
2862 152 278975594
2071 711 604740152
2513 2220 610650205
115 694 800360576
2641 50 77515499
2676 2719 367026577
1945 668 637135888
1288 134 370199940
2556 1929 333979613
1912 2895 895862146
1504 1888 965156390
731 348 407527782
1572 152 308318160
1125 2613 251650406
1396 1101 656398177
1671 52 302331673
315 2869 921185862
640 216 686405852
1803 2017 81162721
845 1611 722672212
194 656 296620699
576 872 434291399
1794 862 583092143
1824 2153 921779949
585 160 212950296
1924 1032 697451587
597 1605 738110189
1316 2355 202577427
2092 211 933436460
310 90 148502834
1284 2859 277177057
2558 668 394473953
2743 152 312460469
345 414 368577156
127 2018 739961490
1044 2017 185709551
1413 2719 739353722
2786 2723 348885297
292 2002 516651448
1731 912 314769018
2776 886 694086511
2732 2003 802182928
2461 1605 352948765
1361 52 978259547
2649 211 338849662
466 2721 411632546
551 886 816867577
1528 2153 474655866
1456 2271 617855195
2820 211 135709315
1521 2325 154134643
2809 2533 111589762
155 2002 553120563
1394 886 189809174
707 831 801923738
2331 966 134125717
5 711 45483505
621 2146 352858644
278 2333 541434316
163 905 928005317
2087 2003 564969951
1970 1820 260727259
1567 1722 50425830
494 2510 440982764
1885 2220 74765912
1066 1057 346068761
499 1057 300069189
1300 872 292757760
2499 966 865719906
2427 2003 743120757
2139 1759 659201795
1231 1910 847850973
899 2105 599791510
546 905 883040267
221 52 172806310
2179 1101 199378611
2802 2242 863636226
370 1401 252796485
10 1013 30682256
2379 1057 39334179
86 152 64398940
1105 199 113566662
2368 2030 257200683
2898 1364 903498282
960 2613 637426160
2751 1013 142693867
2405 1576 681360805
1273 1032 692529416
1343 2613 437266146
2463 755 292122284
652 134 236466894
266 2242 75279767
871 2220 165123871
2546 52 297035411
968 50 498745809
2555 1576 92394234
439 1910 717397069
1746 108 868555314
737 2451 218753413
196 2017 108538390
643 1576 953462897
2 144 173303145
1329 311 220082262
2337 2721 696874012
1988 90 346379348
2143 108 67643894
2176 1910 58722796
2204 1032 41798025
1548 2003 642641550
2359 2869 914586609
126 694 18377654
534 199 909742360
2488 211 766128104
957 2018 972461738
916 205 256024551
1428 46 682667918
1247 2533 809764527
1706 2030 126160812
1903 52 644987516
1909 1032 925142060
2491 1233 930061360
1948 872 429464978
318 755 699929799
1512 1722 275044531
1741 2719 249636312
409 479 927640730
974 134 402075072
1036 2097 725930920
458 216 749376466
497 2003 914201064
514 1032 206162155
2036 1057 643377305
794 1233 955553009
79 595 103522805
329 1000 176133322
1062 2355 69577107
2588 2425 145002635
1534 2325 680353555
1509 1888 519997129
1804 311 57297687
1574 205 986461404
915 371 832942363
1562 2859 591737267
2070 2146 484589551
286 2869 889080069
2515 2895 690030066
1664 134 400444540
2521 2220 769597911
2181 831 742885392
814 862 850058652
2631 1611 685257946
1162 2242 640006866
1833 2895 852493034
861 656 552567906
2492 141 908547318
1351 1576 878694235
733 160 3817498
1500 1071 318823318
500 711 680324417
2320 479 587702704
2797 2514 953010660
2744 1013 526053303
153 52 776157563
2747 2721 377743134
2164 2859 792804907
2576 479 757741092
942 199 755382580
1388 711 831072006
1735 479 697059863
2431 2153 418671853
1990 1071 247593840
2829 50 109015326
685 1364 185532560
2423 1364 910511394
2736 219 837931570
251 46 39645845
48 216 891918422
1503 886 923791296
200 805 877152085
2688 1576 87677290
2025 1843 166238375
2494 216 396359298
121 1759 368961090
339 694 976918234
2247 2869 647856094
296 805 493129523
1315 90 122916223
404 2355 401388179
1108 1071 267224028
2319 144 203542705
646 134 789556145
2224 1071 14236473
82 1611 740379258
527 580 77741917
763 144 84113582
663 2018 891933103
1846 2151 31352704
1967 152 310947235
34 1576 182976226
776 50 824239093
523 1929 978058192
2621 1826 457939208
1222 2723 576696114
2764 144 618913527
1439 348 494430276
1609 2271 677520132
688 2613 717389313
542 1576 620094038
21 2451 465817087
478 2146 359067769
445 755 8209000
2228 795 438446373
520 160 380264959
1251 711 736151510
2358 2895 211855684
2120 141 415858141
1613 2719 366505367
2346 2030 255914516
112 2861 26198813
2166 2015 458399245
1490 1113 215423420
53 2002 872141887
255 479 706285187
324 711 543874334
2865 2105 216473847
575 2278 740172616
548 199 831059804
1133 1888 827388924
129 1233 540998892
1689 755 738813293
475 1929 983846696
697 2869 918522496
700 2150 424727389
1960 1401 128924440
109 2451 360586077
1274 1057 598691172
1097 242 472832527
1065 141 595788260
1419 805 325072084
2104 205 940554704
2447 2146 472402646
282 52 497203441
774 2895 17698885
1042 1113 64738253
2681 1646 474986594
1166 2325 484456265
423 795 515343811
835 2325 105801675
2694 242 441950447
1318 152 138428724
2292 216 826901467
1494 1929 431298797
2742 2030 912443937
131 219 731933251
289 2153 437512037
2642 1101 577929987
2807 872 347490820
169 2719 672519498
1897 46 553962690
2259 199 798540563
558 2017 64666435
2874 1916 274514915
2262 1910 320828152
662 805 497715883
625 2242 142518179
1124 242 526245785
2230 831 474782892
918 52 31547620
2660 242 88998220
2501 1113 310405586
1538 1000 192351640
902 2242 189230134
908 2510 556621576
2137 1843 961152854
674 1000 804159129
984 912 69843056
2332 966 503573729
88 1888 893857403
1818 1016 959533046
2125 1820 3247240
616 966 591248437
1278 90 128096949
2279 2611 38068983
677 134 793816292
1314 2333 549462135
2722 1364 467662548
2142 966 457527364
1069 2151 924370560
2054 2017 984114382
344 2097 989541590
1438 152 184179429
1029 46 851647375
1514 805 583680017
2294 1611 789162689
1617 2271 441308336
2534 1611 568898018
1564 595 406105563
2700 2721 175600097
118 1032 9397197
800 2003 779024695
2190 711 867889367
1977 311 529459551
1461 1820 489600155
85 2003 881182231
2201 2355 3337222
1035 831 866817341
2889 831 398534645
491 160 589748191
30 199 798995232
1460 46 499045788
2308 2723 79662308
162 1364 378615919
7 2721 686464366
592 2859 778567197
1153 728 22551608
2847 2278 501313566
2298 2721 428536274
2879 2030 348310539
32 668 512583588
1907 1722 886588282
1443 479 346120196
790 2510 123005408
1294 144 118843928
1863 52 105551911
507 2015 381043838
2454 2895 192244217
2301 1401 226449680
2079 407 469273550
1049 522 704555972
2900 1843 415439904
1737 211 665665190
1875 795 592180341
543 242 927427524
2754 2150 342982672
1792 2097 503573838
1147 2153 953234873
2579 1646 92205619
2769 711 800210545
2730 1605 710142200
1899 1843 662483865
1935 1364 985433543
1312 595 471357517
1914 862 112449454
2474 831 642361330
2582 1401 684853707
2716 2003 41594443
2441 1820 839712838
2823 2242 310070961
1007 905 17075359
449 2105 362345656
2377 50 435583725
693 2425 441125034
887 1759 349312949
1252 1646 605515332
240 2003 88211264
1761 108 157586072
2759 2510 327011277
1347 1916 489477841
612 1032 367642881
2034 1113 507366099
1275 912 674925019
1052 2425 935216366
766 2859 118823542
2263 2003 551202133
2864 2097 125403372
2824 1843 325524473
424 1101 249616627
451 144 117540187
1183 1101 259650149
2487 2510 77331531
2819 414 409979626
1972 755 138875656
1648 2153 780631867
982 1071 688023816
1667 2861 822061601
1610 52 282249456
1832 2869 5098191
2382 966 48049623
474 2018 565730504
2500 668 998886269
1464 580 738325177
1657 242 54161743
1507 90 289201533
165 728 543687050
2529 371 214671875
2111 1016 959806353
1422 2384 997244327
1771 2003 228514989
1025 2017 149069880
1686 905 923651615
2475 905 975500559
964 2151 635039430
2372 2151 777602595
2614 831 784893886
2684 2242 422861020
1670 1364 104844419
2760 2015 44726617
117 2721 310610785
2481 1016 573236601
955 371 81650797
2571 1757 382895578
2256 1820 293702860
327 1843 423196336
2261 966 750740472
1591 1843 683243649
44 160 947608264
351 2719 124026907
2817 2105 886341746
1871 755 146524997
2908 2611 765129216
319 1016 156305056
2428 414 498781898
2766 1000 490331671
1470 1722 838355677
1204 2153 659013662
2527 242 129342576
1003 831 85707867
1285 2425 487330937
1625 2271 336466068
1167 872 524828764
2890 886 486403478
1386 211 77309708
1404 862 101044097
721 1929 211416757
2248 2097 199972520
13 1910 997994028
1291 108 752570
1599 2384 590580326
971 2030 385130150
2149 311 101669423
1189 805 362667009
2892 1929 436806092
2154 711 518579270
252 2510 728572909
2537 2510 311098025
2381 2514 975834055
553 414 371053555
599 216 422903598
1687 1401 941680068
1738 2097 878736140
1839 1759 358092677
1959 1826 781036147
415 2030 247160361
2774 966 864611106
2356 2003 59713480
2264 2721 912677265
2074 2721 51752088
2253 2018 107881113
174 2018 60125160
2161 1013 387811539
1407 407 922128126
469 52 148954484
1126 1071 280346067
2799 656 390832216
2472 2017 63015318
2088 1071 782048041
1775 2151 826556586
2624 479 88232211
619 2017 487418926
1151 2613 145980481
830 755 781117612
1584 2271 105833155
628 2613 214793273
2905 108 450874600
1194 2030 517718031
2210 595 988218140
1675 694 684916487
2299 2451 198751488
1764 2869 641173191
2352 205 621060342
340 1113 729611326
649 966 722606832
434 872 338880843
2448 1605 66242729
1616 1605 149702058
1964 1013 28177032
588 912 172104172
2782 1757 58037405
804 2333 981817647
381 2451 435502770
930 199 295746203
145 1826 714451091
2831 2425 877136792
1362 205 262783072
549 2721 728151862
770 2242 960803264
377 1113 402770028
181 2611 215592379
2868 2869 957867991
639 1646 300231628
603 199 993731479
1293 711 822687621
2083 595 776530821
874 205 2048392
2808 152 758391150
2597 1101 452834596
986 1401 680553690
1188 872 489040648
784 479 634005068
1807 407 583209955
1631 1057 827623093
201 905 213683304
471 242 642054517
2303 2384 399478402
1082 1605 122863031
2763 2514 983019526
2530 522 558678806
718 1916 622102681
1690 1576 648317649
689 1929 820747501
1091 912 928943379
2822 46 50191680
1119 2242 71032482
177 134 334464493
2770 1759 962346773
1485 656 628963734
2144 1722 36653708
1930 2859 980155483
2330 2105 220034469
837 1757 393088348
2376 2105 2377658
2082 755 322147437
1699 795 844967812
120 862 714816358
411 311 758720059
391 668 615860320
1760 522 7006866
1743 311 271333301
568 1888 70836641
1623 2861 953358181
2708 2030 326870426
2127 522 583831690
2526 522 330531105
277 1233 696508846
1848 728 848751903
1589 2018 759982467
849 711 35352137
2643 1722 21262869
1923 2146 110810672
223 862 162982783
2697 371 568124916
224 2151 256007238
1978 831 28383043
317 348 324182112
470 805 392656155
1073 311 641439542
696 728 249259395
1258 2271 344712436
2049 414 397549884
947 2611 681754709
2367 2153 971122831
1573 205 414096645
2658 2721 883905785
249 326 962277819
1295 2271 187337548
2114 1722 886946412
1077 2030 892686863
462 2451 753259245
1059 2151 402449123
1896 2533 7723867
537 2613 284363243
218 2451 403324238
1933 1000 34080938
2116 211 5537085
1951 141 668590839
1563 1401 635617377
1381 728 900219173
1135 2451 13756790
1348 2425 253195114
920 1611 842666463
2497 2030 114881395
2866 1757 543397897
2366 2097 185553188
703 795 1927008
2134 134 213747928
2203 1826 934145833
303 2861 146219254
822 2510 324750964
1371 2153 281815598
2815 1576 819521301
1815 90 487733073
337 1576 788695373
961 152 648238438
353 1071 422601915
1270 414 348119209
1961 2514 841862893
2213 1233 231906745
773 144 198063540
2563 52 391885421
1874 2451 465622063
241 905 209764467
2646 46 522834989
1772 2151 26953629
2724 2003 608846333
132 144 715606926
1053 407 879160718
2380 1401 831043549
235 108 19895040
2239 522 665595248
2131 1722 748223717
384 2895 321940558
93 2220 307337977
1703 160 67434762
1358 144 804778835
911 755 403070057
2616 407 775670963
302 219 41272274
2470 656 839720026
226 728 700043993
1906 1646 508964072
1955 216 209153715
220 414 374375851
797 656 104162956
2906 1113 972631629
2113 219 408795467
1072 1722 909927381
1090 966 837000057
2825 2015 652805029
437 50 132477464
2469 2271 997371735
658 108 559862463
771 2018 169964721
2668 52 512251942
336 1910 367056715
335 2859 268483144
1223 2015 418494752
1486 311 151909312
1186 2859 101556510
1382 862 391162693
1641 2355 54143499
2118 211 896822089
1889 2859 814964215
2090 1113 402322935
1148 1888 811765452
57 2017 92710906
824 1605 362630420
2465 216 966547779
1893 371 524873335
2667 2869 948087897
761 831 84031746
846 311 553442118
372 1611 147176545
1720 2613 678241720
1976 1916 461596366
1159 2105 440829702
787 656 562767966
750 211 656711869
1796 479 443610054
1790 872 559923121
2833 2278 68756023
2834 1113 939721050
1373 199 761110964
2314 1611 407493084
1881 1000 562677443
1465 2002 790669250
2286 1826 106976893
623 805 787341547
2274 407 705521848
1170 407 102289519
1477 2150 356775655
1736 1916 265875896
270 144 275639734
2692 1611 44444495
2623 862 53250124
358 1888 385593356
1081 199 88021904
2753 50 520415546
1083 219 36416314
2911 152 445512787
1883 1071 120896175
1644 2510 126970952
2446 216 388377344
1236 2613 76158854
2677 216 50261721
1043 1071 159837949
264 2611 143662238
1158 205 403809688
998 1013 312001169
123 2611 565479238
2887 199 949192999
116 2105 835461817
2806 2002 772314866
695 479 764626187
1668 1057 379809620
607 216 182614421
2251 1605 936916506
443 108 602822710
1658 2514 814722911
2147 2015 69789781
1527 2514 780770370
847 1101 19554878
2652 656 39480137
40 2271 269800367
2055 311 209581768
1117 1820 466342576
2099 216 8639728
432 348 246058332
2194 2146 716771365
1780 2425 465844550
456 1826 338666552
2124 311 116855986
2715 205 837483612
2703 1820 523380409
2414 2611 41178866
1482 134 542068434
2160 2242 478870345
2648 2002 824569050
2047 1057 287581139
1213 211 385763285
1172 905 361127430
1768 2514 587197785
941 872 392622168
2788 2017 363937537
58 1071 462799409
2350 211 419591355
744 2514 761943701
140 728 641241582
1352 2611 809415781
1965 1576 34591507
67 211 963864634
2595 694 490047495
2250 2015 378608388
1171 2220 805959724
602 1013 70183098
2016 795 858744263
561 656 65475647
1558 1929 638428040
866 2514 710125007
2106 2723 880375789
1335 2613 882380658
713 1605 301147811
1867 755 101064983
2080 1364 39885202
1051 479 311212512
1064 219 758297725
659 912 549991273
1561 966 587429879
1367 728 387392841
56 205 420986015
833 2719 351121863
312 216 524034389
1870 407 532443318
2354 2721 90802957
1134 1057 306877559
1363 211 505337343
1345 1016 722576013
2348 1888 867838848
1755 50 107236757
299 2355 470209993
2627 414 618181786
566 242 114740197
2403 1364 481455785
2214 348 886166242
1568 912 777918142
2897 2333 182502421
1753 966 897589691
430 2018 191300874
176 1013 915390192
698 160 694125701
2846 755 545363244
2386 152 341898396
498 966 25432078
827 2859 323069750
66 1057 284688536
1078 2355 894088804
96 1576 638780150
1866 2861 239346163
2860 1826 782588521
1435 144 398007502
346 1605 624355202
825 348 510227787
1974 219 617289565
1995 414 553029031
1715 1364 33308555
1781 1910 864806799
934 2017 19349198
2901 2002 1612814
570 905 680815184
1390 912 845061680
969 1016 967434537
2313 348 168615282
1145 211 563489407
2884 242 924910771
739 905 168848946
1212 1071 172490435
422 144 2638704
1047 1757 676121968
2737 2723 487579327
928 152 502903196
1359 2514 771960465
2430 656 879780979
1374 1757 907119417
1454 1759 41041140
2738 1364 115361762
2479 311 351438597
879 1910 331022586
1395 872 89357780
2107 1820 597135895
1195 216 392710045
1637 711 496019463
2013 1843 423991095
1495 1910 44498089
496 2869 554634967
798 90 849460639
946 1401 143295766
1012 1888 308254657
1547 2220 519892206
1695 2150 302413285
1525 2514 482976696
2596 2533 194337117
1719 862 500214009
2653 831 879027598
1070 912 252337035
608 46 28666224
2307 2859 120705351
354 2425 136783944
2043 2003 619373536
1031 141 184559958
672 1013 268385372
1137 580 345515961
1549 2514 116469423
614 407 627447094
343 2859 974799888
665 886 835032215
1165 52 989217448
76 2325 330472649
1205 656 248557699
712 1032 328999708
720 1113 513111791
598 2719 803558559
2084 966 782555589
617 479 646665447
1762 1722 304544294
2544 966 135269408
433 1843 631179362
518 2451 821061118
722 2146 525840835
2645 2613 288067598
332 242 752121181
1645 912 824382109
2484 886 678466948
2551 2611 685025887
868 1759 142004815
2012 414 232867187
2410 108 403350554
1115 580 694272288
1476 595 66005586
1936 1605 465894665
2536 326 137282954
574 2721 223654930
900 242 1786052
62 795 763357913
1551 1826 180672782
2909 52 379394265
2913 1013 602207345
2351 141 861697253
2048 2150 289852188
486 407 13303319
1654 1032 200838589
564 595 819104606
680 1364 36738449
2803 2097 114659175
1497 656 292685984
1229 711 648611824
687 1101 599064029
2052 580 452679237
781 2105 19200966
2364 1071 529235444
2065 1605 40757734
898 1032 891786203
1985 2425 164859040
293 580 458631594
2141 1611 707693181
877 2723 457946010
1033 1826 328953316
2640 1722 19224101
1590 52 970781296
1299 1646 97409905
1277 2895 654509064
1037 2611 39798836
1215 2861 237622765
593 348 37243271
288 1032 54876935
2464 2153 103935541
102 2278 750522500
1355 2325 627963361
1539 134 749829047
664 1929 907200229
1473 862 411952690
863 1759 652486972
2392 1910 362626910
940 2105 415937686
2339 1013 573179997
1742 2721 848438532
1400 311 439800051
1535 1916 762464009
2342 108 505983074
1457 755 625039229
2628 2451 519395918
1890 2271 305962064
2039 831 677651975
2856 2721 131948138
2729 522 979223655
1545 2425 348936723
2586 46 833936509
1221 831 2639827
294 886 960706550
2728 1929 527872277
441 694 275266823
1336 1929 175266647
2334 2721 262494066
2096 216 989403955
2189 2895 492577734
1173 711 701360179
2507 2510 597711059
307 1916 194049239
2420 134 468770960
1922 144 372924745
1932 1820 610766723
1324 2719 90544357
1966 1032 99141854
1075 1401 277227135
2675 141 882321698
4 2220 823909111
2132 205 281423675
1017 1071 36248133
239 2278 450114662
2693 912 80235381
1193 2721 77773404
1653 2611 68666166
2168 311 944091511
1261 2151 57038076
1629 326 237808940
2383 2017 934534901
1337 1820 173207186
1085 1910 99379431
2324 2017 820798216
2108 2384 347304570
390 1888 89706474
400 1757 105706600
38 886 298110765
263 242 988992543
2014 108 159362775
843 2721 636051481
1098 242 368333662
1634 1576 219872370
505 199 108915500
2854 1057 114959682
2574 1101 606974924
1510 2220 730255614
2599 1576 474301048
1519 831 766865544
1474 2220 9855896
1515 348 478108490
342 1916 926119404
195 326 792450849
481 862 859606727
1601 862 515585062
2872 1916 570709981
1187 2030 718142111
1128 2721 384118161
2444 2153 344062776
2531 2003 964093241
2362 831 112892860
757 2278 233578960
1202 2859 191730453
166 152 785595959
60 2150 658601094
1522 2153 193903653
753 371 620696851
81 1016 10197438
94 199 177813759
2768 1057 40738466
1810 219 533069269
1934 50 382344048
1809 2533 203824698
2816 912 417285412
2040 152 923145215
1915 2278 783069869
2373 1364 563400053
1425 912 440400299
889 2278 408307538
2805 2719 883786957
1902 479 8512092
2655 1826 866446886
2306 2017 22138687
627 862 582810765
1344 2151 553753520
660 2384 684656477
604 1057 872103148
2590 656 613537910
1901 152 861754851
1310 2030 314219022
1211 90 900761544
103 219 730196864
1111 905 250208759
37 2150 889923258
2800 755 32105131
1319 1820 106361370
2069 2015 885470068
27 580 867745540
2832 886 43473412
95 522 316792275
2401 1000 559027697
1630 2002 857721846
69 2895 131904819
1190 2015 402001233
1987 2271 519955118
2698 1722 935240209
547 2003 76423459
2432 1071 595956619
2109 2514 605159254
526 805 37265231
2302 2153 777484513
1632 2017 2815083
933 1032 807243763
635 2220 241732861
818 2723 495249299
1432 2271 832336748
2257 1032 472083109
1895 1888 512664879
1776 211 634749656
1642 2611 344306484
1327 2869 780322507
73 2146 201206738
1747 862 810227664
25 595 132132595
808 52 215664278
1268 1013 631414003
1854 755 529952398
228 2859 720731570
193 348 925781332
1925 1013 653677234
2001 905 821696756
1203 1364 601430495
1406 2146 756524317
515 219 839944917
2748 831 433539402
923 656 962559568
187 656 159555557
1120 656 367277386
2910 886 188104678
647 2611 452364870
473 1611 871476002
2495 242 338708379
1717 144 535340952
2290 2861 747306578
1368 242 444730804
68 90 594462810
948 755 901014561
306 966 506984066
1683 2719 882237876
1116 694 523692448
110 2514 668074721
740 905 881810850
914 348 933398740
225 728 637986146
26 1916 195224240
892 205 996586648
1436 831 967971240
741 2017 772073153
1157 2153 271248484
2757 2097 798847024
1633 711 680496433
16 152 24146842
2060 414 747456999
1508 1722 485887231
2818 1910 903813431
550 219 105080951
562 2514 573274524
821 219 215096762
1219 2278 453322239
910 580 452000144
1973 1113 902980925
2519 2030 202856458
269 2018 206461940
314 1401 92828541
2821 580 896416527
1798 2146 476399787
1692 160 307469687
1837 199 667457414
759 160 849266671
1819 2533 86281508
2221 2002 657256587
2835 2220 604674699
1789 905 145610046
1829 2271 409347247
2548 2859 425133263
1677 2510 456139376
1333 1032 929672809
1882 2030 462426245
1587 1364 146039067
1323 595 171728759
1982 1364 395293689
146 2003 919252809
1276 1929 726501548
2167 2514 522133383
1869 1888 50790826
1458 1929 881436930
1635 1071 128081018
747 242 580251402
2584 862 686000890
1483 2002 237825856
1830 2723 265448636
2344 2097 786320336
1748 2325 463682318
1328 2533 645031615
1484 1611 46277482
2570 2861 93184113
2038 52 61980350
743 2611 981956540
1179 2151 3259886
1280 52 973036088
71 1910 900800195
338 1820 941146893
210 1820 666792193
373 407 227970055
2687 905 121065015
1026 1843 258979730
1306 1401 658919917
2663 152 104682181
298 2325 794760797
463 2333 103664872
1691 2533 294780914
2110 905 651799629
1146 2719 944300119
1526 2613 562959641
1710 371 318973788
2777 872 31042149
1971 2869 73351504
59 1605 24473203
1569 2018 933291237
2321 50 126595757
949 1013 212616099
2511 1722 66706484
2843 2003 527812521
508 2150 921133917
2033 1757 952548331
1998 2425 653370117
1785 2859 153755344
149 1611 479110035
1501 1032 215744252
2517 2146 339143161
786 805 473062483
2439 160 50587161
919 580 315607477
929 108 529955931
2398 1032 545784125
732 1013 761461344
2024 1722 295906386
1488 2861 387751098
265 728 663325888
309 52 292824204
2005 2105 547172354
1716 2333 618129728
1685 1401 946337518
1005 1013 113857150
179 134 135622418
485 1826 511834291
460 2220 721578247
756 2150 109714439
1989 311 707559814
2117 1910 780110637
482 52 123399487
147 1929 235684016
2424 711 65434993
1050 2869 58026194
1325 242 530220141
1034 52 711215065
1918 479 956806131
347 2003 848935672
1238 108 536215459
2311 1888 380273888
2583 46 109725580
245 2514 215352575
2121 2333 447141323
357 479 172000104
305 1576 471156657
1067 2510 562193996
1063 2425 254251748
1132 1722 21337715
2740 2220 186904114
1339 1646 650745440
2893 152 807742243
1463 755 837975237
2518 2613 230561353
2056 371 191038925
1431 2723 199289609
529 2271 661594957
135 2153 316443496
615 2510 263524168
1309 795 241417803
925 728 620375560
519 1013 481066557
1234 2611 406276930
1859 2018 141458104
2411 2613 705887525
1414 1722 978784133
799 90 351797058
2023 1611 796349727
2418 2721 149926481
2240 479 137864717
503 219 202678641
2528 1576 573673132
2284 326 575340761
1602 160 283041499
1030 966 275839237
524 2242 672188294
92 2859 742669564
654 966 771733365
745 595 16731095
1565 2151 559046687
1046 2869 210266420
1984 795 456366386
1201 108 460564580
705 1016 635335531
450 728 723768940
2195 2859 801113225
2029 2425 144299661
749 1101 677567549
207 2146 323641416
2231 831 77600943
2067 1013 441186065
334 2510 503229982
1825 2333 898342090
1303 2150 662031185
1799 242 63156447
1346 728 308028528
2456 2384 16841209
2267 46 26929523
2466 1364 872456796
1614 1826 348005474
736 1401 779545028
2349 1057 991835619
978 522 850450437
2235 795 612335394
1805 1101 625873587
1531 2146 436473796
2506 795 58857241
1197 1013 231745328
1262 668 532922205
2547 141 876015150
368 348 553259045
229 160 52836511
1061 2018 170696234
1713 2384 136115644
873 1071 349868477
1749 371 469047495
1898 795 895103346
2406 2355 112634849
945 216 205995580
2422 595 366217037
1232 694 196798533
388 205 139752869
2219 656 794033637
1271 2719 367485517
1269 2220 904610626
1168 2242 671962535
396 46 149036166
2206 2146 923957076
1758 219 572357704
11 1757 155534319
313 2151 645405137
864 522 801671900
723 522 291181868
2565 2325 28399464
387 1916 245896813
2199 805 638628015
1953 1722 320776231
2202 1016 989257254
1952 755 726621033
2670 831 881624835
215 479 551191455
735 755 861395952
2651 728 35383845
2363 862 48207063
2881 2097 467664745
708 479 702085237
850 831 5232863
386 1611 753015116
2417 2105 952706571
1144 966 39839954
1338 2030 746608594
1023 1113 326214102
2068 2015 111849367
844 2015 739487369
1656 1605 399371274
937 1820 542098005
1615 2719 742479292
47 2451 675996723
2370 2242 340546911
2592 912 294625924
1612 872 728049381
1292 2325 17462988
283 711 192826360
2605 2451 401344283
2612 414 452662805
1430 1929 495702053
939 595 29100538
788 52 135127861
1393 2146 364047938
257 805 931766160
935 2017 529268865
648 2533 501800713
1981 2017 42385847
2635 2451 172097127
9 2105 995450058
2490 1910 117656087
1849 656 655333405
1452 1888 332606349
1733 595 720564935
2855 134 6940010
2101 216 260989393
2212 479 834502557
8 2030 963936131
1544 2869 978101409
1216 2278 891152967
2050 141 670259102
557 872 105870111
1927 2384 725621875
308 211 24224190
2285 1032 902672837
555 2861 413250106
1006 2514 547327171
1041 656 497971045
1039 52 80688231
472 2355 6407529
1182 108 229368756
2606 905 151598330
1596 1757 456463725
2085 2613 492601019
2504 831 964431228
2252 580 318539870
642 90 146441712
2287 755 46119492
192 1929 811006172
2051 2719 639556190
539 656 432532490
2460 2510 340166832
1378 242 870205440
1228 2003 837379494
2756 348 704984133
280 219 387306782
2877 728 797374049
587 805 964972229
2035 886 492222225
1021 2153 707660709
2280 595 358521005
2169 242 327487897
1750 2719 49317426
1926 199 152274169
186 348 26638769
1217 90 949345716
2882 1826 64136729
1260 2017 935808633
1143 2721 148349764
2886 2018 238314704
2098 1071 819743786
467 1101 163669678
2129 219 987839722
1326 407 393269652
1118 1843 955729365
171 2003 631848428
2553 2097 165155789
2419 1888 58665940
468 2384 467502734
1536 2017 643805485
301 1576 690825456
1586 1605 284409469
119 1364 761732310
2790 2723 767096148
2707 711 567292141
2275 2151 553197415
1660 1101 900215371
1996 348 108343599
2894 755 316998057
2310 2150 480750407
2657 2150 532743460
965 1364 41997325
681 2003 253136346
1732 1759 597388094
2215 199 406460914
1342 2723 612745741
378 205 576477208
2561 311 678721478
605 2861 735922222
362 2510 723586754
2391 216 18143877
1028 2017 698791952
356 2003 124532524
613 522 71196525
379 1605 724320558
1608 1611 303041546
1468 2514 562536133
2061 2015 368771177
159 872 33875852
2076 1000 152177799
2907 211 98807057
1944 2220 971999655
2021 1071 61073829
2876 219 548635225
1694 1910 745352064
464 580 949425261
42 211 432348609
190 1757 185970795
2122 2146 628805876
1121 108 135919023
2741 326 467369821
2691 1757 178220084
1154 1929 852151903
256 108 561918707
2608 90 619145610
2523 1820 308677966
752 912 133799758
2845 2002 690793172
1734 1233 895073293
1606 2510 821541273
1763 134 464114620
1583 2151 702666153
2686 1820 761694010
1884 216 519741305
2234 216 683542744
206 2613 245340495
1027 805 810530343
842 2242 823883675
1578 52 367762333
995 1013 435456130
1397 2220 133703078
2617 2097 315807737
322 912 92041437
1114 1113 287981694
35 668 152597866
952 1364 410522027
2634 728 403850889
83 912 471806514
1112 522 365935262
1370 407 366652348
360 90 902877981
1379 2097 436267144
2476 216 838464181
567 134 312958465
138 160 449374334
1828 2355 851329421
1009 872 55626322
1444 1888 509808920
1341 216 640660124
2602 479 667357095
2580 1916 832766134
528 1843 120098686
1442 905 16661872
1872 2533 760584519
1450 2278 158695229
1123 205 51725627
758 311 910064677
2673 656 622771681
2044 2859 981415413
1150 2002 640163931
2473 2220 700758951
495 2015 901975834
488 2510 24361828
2664 1843 990804498
1662 1401 115330636
412 1057 463069221
28 52 271879789
1466 1888 270030908
876 2150 229566268
1385 2719 598443154
895 1910 377443184
2184 1826 48373239
1550 2105 125338017
168 414 25731103
2136 134 387205611
1954 407 145870782
1418 479 563112428
1331 108 581733724
2010 912 942168728
2564 90 963141547
2305 711 278538957
154 966 276429945
2157 1646 562607674
2516 711 392690090
17 580 137393125
1940 862 113096722
1560 414 317715423
2072 2333 86124437
2188 2861 13655615
856 242 873917827
1817 1057 52122862
1256 728 528825388
489 1888 899000803
271 2003 293100172
2233 211 861708545
2632 1233 714812635
158 1013 901382958
1220 2723 836706292
1451 755 460720163
1856 2451 261146886
2780 2613 962044136
1445 805 811401957
2093 134 989041742
1701 2278 522684312
1058 134 289001549
857 2097 308191077
590 348 198651583
1405 2030 528341724
970 160 258454908
2524 2220 388046711
854 1057 331534980
754 199 961767057
624 2015 51493269
1403 1646 429254358
1808 1032 837095419
650 242 105920330
2243 414 120714256
291 2861 191737075
926 2719 124205456
262 755 633294073
2871 2510 311307756
653 872 545513790
2794 795 584314472
2838 50 906395247
1566 580 815816658
2585 656 954718925
233 912 742103934
2793 2017 594677523
1109 795 811794770
2666 2242 795225303
1265 479 638369998
1199 1820 271359606
333 2425 67618378
1864 242 899556637
2609 348 75746676
444 1113 710872022
785 1843 367177890
2205 862 50303809
418 371 41855464
512 872 647502083
1380 50 180221075
1774 1722 835328805
622 134 481277924
807 1013 698080235
1127 2425 577393691
2426 2105 630935576
2695 1929 751341505
1816 966 156270385
2745 2451 344396134
1226 46 486484384
1103 2018 802029067
1104 2278 817829678
427 152 257307641
1579 2271 38358798
1861 2355 146751812
2123 2613 782196040
990 2105 526466769
148 1910 2857826
2683 134 135575947
1214 1611 585871976
15 52 40374329
838 242 792184593
954 2723 100094486
1585 2869 400956010
1365 2150 601626311
1836 755 556594139
810 2861 227381571
1259 348 692512401
2329 152 689572697
815 108 10592628
1161 1646 277373585
1254 1576 78427512
204 1759 290326724
2200 144 772016819
870 2719 768634922
1721 479 82412408
865 2611 735259123
710 1759 933964682
2276 2150 134858464
1801 2533 248156203
560 2721 980496479
675 694 948268297
2883 711 509402424
300 1757 95358757
1553 1646 540667012
363 242 269929746
435 46 461499240
54 966 905553294
2073 134 925385530
188 152 172403323
924 2719 555231327
1879 1016 231275222
1180 371 103008331
2637 2869 111086061
1708 2510 111523018
2011 1000 10754461
2402 1071 368514459
554 2278 393271155
448 414 324357971
2674 2153 139084906
1320 1016 738594730
538 479 40833800
987 2153 696802125
1592 2271 30749310
1377 755 644058381
1850 2150 371500691
2326 1820 40797085
2455 311 763706697
268 90 331259771
655 905 763518943
1640 2153 264311329
1304 2002 970982965
762 2271 448380114
2867 2384 765017792
783 1000 214498970
1831 656 402868992
1700 1605 790438752
2246 1646 935269804
1842 2015 792590519
203 2271 233060563
632 160 995692711
840 1646 630202870
2295 2533 570616200
2672 1233 801637252
2226 795 630429929
1516 2514 96345454
666 2002 904353010
985 2869 75438050
1853 2514 707048495
1698 1101 790599938
725 862 204246192
610 414 389060817
325 2015 45875665
702 371 124411040
350 2333 885917360
885 2151 271197300
2783 711 460387302
2752 2030 961305260
2810 2278 563164862
2633 2146 446537894
906 371 208745954
287 2150 468716725
880 2278 124102021
1593 2723 365245030
1858 905 991859322
1533 2384 448640725
2572 2869 818787709
2505 2895 504531325
22 144 551570795
883 1916 483100294
1391 348 303636580
2762 872 309445555
2028 52 918079748
1099 2861 713599769
2340 1826 694583637
1080 872 257524707
1661 2719 929161325
2543 1016 429537776
2539 755 587203139
1408 2510 339591495
1287 1611 952679643
714 2003 237558437
1886 52 804646367
2610 2451 419488993
151 2015 135491131
111 2384 602929966
1672 711 235231909
2138 694 952345496
2229 371 615716236
1496 862 660442799
2638 211 583966676
1068 2150 374763045
2503 152 601103131
932 407 17742937
669 2514 538599433
1372 90 64408610
1714 711 231021837
41 1000 610747568
1241 966 253748509
2798 160 924522039
1891 1101 683006202
1626 2611 922714740
938 479 519654449
2059 2017 217876929
1060 2384 665904661
1877 2242 654264286
2258 2721 402719578
764 2510 252506434
1852 1888 706767347
376 2018 136790544
563 2018 554711293
1756 886 400129507
2554 522 1734072
2562 2333 595765524
988 656 787086784
907 2384 56807614
1264 656 368171889
1208 1016 626947805
2739 2869 98121002
552 755 220488907
2713 1233 424218981
1968 2097 365641871
972 1759 20072492
101 2451 987580900
212 2723 463997352
1782 1826 840025360
1693 2333 322175820
2661 50 743322602
525 2425 902741446
1647 242 51170442
994 595 770596165
2682 205 805941163
1618 1826 413870232
2710 152 761079124
406 371 71847896
2480 134 310748431
178 872 880340016
267 1843 482553129
1679 1233 734061223
869 2030 166769072
2896 108 807521111
2581 2355 754609293
1674 1888 922985426
2837 2384 833222945
2309 2895 788493489
198 371 506855102
909 1605 544404974
323 805 667472032
393 371 524884162
227 2869 580435422
124 50 625203123
2341 1646 85834457
2429 108 319991040
1913 108 616602607
365 2278 667341339
2477 1646 459994163
2852 242 47883822
133 2002 136778049
2183 795 43359116
374 2097 892682318
748 2869 47251163
1704 2355 695713754
1999 2105 966750006
440 2533 160589919
2283 1016 887013539
997 2015 739356157
1434 580 471779927
2241 2723 993313969
2709 905 456796995
1851 805 977340525
651 1722 333931421
1814 905 493188138
1302 1233 984332878
1730 2333 87438853
2630 1910 496273201
533 2895 416874066
890 2533 684829165
793 795 166974489
2789 2895 94838270
1149 414 884080144
1950 46 197961084
1603 1101 476366332
1084 2611 673353939
1728 141 238963852
2535 479 254646611
2008 2220 307651347
2545 134 480261703
2603 216 517931451
1942 2719 996395861
2347 1101 690101982
380 2510 215933532
541 1646 153967157
170 216 90885073
2678 2723 64646635
1651 216 83406016
1876 1826 258527149
487 1071 319285396
1931 52 103878445
80 2002 588753383
197 326 586911303
1619 966 702648399
2784 1401 694370494
2773 2153 875276990
1340 2030 61106137
2567 1057 907220094
2550 805 524538261
1286 144 567951828
1095 2859 539230243
2726 912 949667595
2249 1757 120972770
2297 2153 404752504
2175 728 104143131
125 2451 956684427
2557 2723 69694419
2171 912 593949512
1652 656 692425964
295 160 532228352
559 912 827252860
274 1605 127002886
1669 134 811317993
2899 134 229742480
426 2002 323723804
2211 2105 988317019
1174 407 482656334
1957 219 634325683
633 2721 811043842
6 795 642013898
1383 912 359500974
1227 108 402122105
1835 1605 10363748
2236 2451 394135100
2903 46 997749030
1962 728 366269762
369 1722 161959289
297 2719 736846561
1411 219 185125024
958 1233 664439566
582 728 617906427
1207 2002 635184438
2844 2384 239986199
1459 2355 337256140
1453 2533 192736900
1707 1605 455395753
1308 1722 62371908
726 2017 981044769
848 905 551982941
1313 52 15177132
897 694 789243897
775 2002 73208841
1812 1233 559039360
366 211 120397040
2813 728 573305049
1089 205 592209935
2792 580 630787501
2598 1646 47881998
480 219 170809231
410 2146 178042799
2512 2611 875830311
1087 160 254918501
1433 1101 507682485
1423 1057 62251593
2767 2611 946485603
1920 2719 463913619
729 728 66659813
2394 108 711013109
442 205 38898124
2102 219 674549292
1571 886 959722413
2387 1757 854029949
993 2895 619859100
1191 862 578634038
2589 46 665695309
829 141 482478599
2858 2153 400562464
476 1759 639770988
2772 2384 108590721
806 728 749851766
2569 2719 110798940
258 2150 650196448
1196 2451 827729591
504 1820 843676782
1094 46 214223855
2801 1013 282538512
1389 1611 795471803
72 1032 319880053
1622 216 230903862
1791 1888 699537815
1860 371 469310376
2445 311 61995425
1979 1820 687761983
2192 219 739570704
2019 2859 384408198
2078 1071 406587169
202 414 539403228
1991 1071 756776135
1142 141 770658213
1246 656 155714998
535 1820 104186332
1249 1611 124589222
1102 152 652300059
1088 2017 59243318
782 1757 334485580
2289 152 638466047
2185 134 158302723
185 205 487373393
884 2861 369794731
20 2723 786077564
2378 1826 685728560
1354 1401 374038038
2734 1646 120939953
157 2333 783786585
461 2278 252222982
455 219 56794510
2269 134 338758890
238 2355 557938958
1002 242 116974901
573 2151 31739312
2755 1916 543915322
139 2895 854557103
2196 1113 361447665
2468 144 244008832
516 2719 218906642
2086 1032 134936138
936 2514 890323356
2485 872 217716131
596 160 697487214
2689 1759 528389411
367 1233 15486085
2335 1113 765283717
2148 134 460391397
250 1888 545864225
1688 912 343692046
2371 211 725212584
1138 52 572202119
130 46 489032407
1532 2384 558897480
645 1759 996167333
1919 1605 215272627
2272 2869 963685792
1447 522 413499035
1209 1646 68711254
2785 694 779479448
1462 407 979506425
2357 371 932781616
2566 886 924372643
691 211 537925130
2409 2721 81710912
1894 2017 521048491
2502 479 778018259
2727 160 55273944
2828 2017 209245636
1588 694 16921274
389 1910 652024564
1011 2859 595752654
2095 711 393423089
1546 311 98606901
1983 872 776396688
2587 2097 714348488
2849 1016 961907092
1106 2425 135366912
2291 160 30366750
1638 1057 496781511
405 90 917136410
2559 50 215365056
114 141 164750454
1131 2002 44029207
823 2533 144054291
2140 2721 502366683
2626 2425 357888061
1788 2611 256807860
1729 2325 751532627
841 216 396311577
1938 694 900099315
100 90 789055507
2390 1401 190309207
1019 371 925053821
1559 668 134149710
820 242 996711764
1093 1032 658324444
644 711 502131830
1472 1611 175294890
234 1605 767248865
2282 2611 482288795
232 2003 169542826
1225 1000 71061258
517 1611 584942700
261 905 460972235
253 905 384455307
683 134 671965383
2636 2242 267273998
1409 2220 141562331
304 728 761382377
2375 326 671196033
992 1843 440456229
1505 1576 886711441
1307 311 432014791
1793 2719 854940127
1263 2869 426120791
2413 2721 855743970
1523 1843 301986842
2365 580 126396905
484 886 892801769
1680 2451 769847785
1140 2859 68429467
565 1013 74069121
2532 152 927374282
2591 2721 889779424
2316 1722 89614535
1892 46 492572757
802 1401 655660664
1993 1401 174332825
701 152 936169685
273 668 490559039
2735 216 55196334
2718 966 735164738
2787 2018 924258737
1697 1722 806442015
1356 2613 181368926
230 711 731110040
1575 2278 627351172
730 966 128649774
2891 1757 903815972
851 1057 428290428
55 311 636766547
247 580 811108609
2177 1016 27107672
1911 1401 826890220
1 1929 202985359
2620 1826 544275179
2006 711 125359551
2779 216 646114117
2293 311 537538511
2103 966 436880036
2549 2002 239336314
812 2015 784705648
1136 2869 238096727
1529 656 633840557
742 694 603376846
1360 912 827032836
1350 795 711329274
989 2146 262309993
2615 2278 658672269
858 2719 784177398
2601 2533 710293071
2671 580 864702683
963 1000 896001478
1366 2146 317239631
2130 2895 145156226
2618 2723 134138321
584 2003 261906488
1384 1826 32488871
1410 755 880650477
1415 2613 286915352
1556 1071 484701897
1237 1910 994002672
1421 595 388698407
1802 216 532863776
2522 2003 69822802
327845 729925055 113641 360483 972628 213196 886412 181957 477651 108394 134334 280912 487464710 955477 227310 994881 435254 428149 431813 196444 903712 389058543 786753519 793471 44432 714725 80094 426049 191878 381419 566195 801278 154645 852496 693388 335636 406950 296593 153782 392453 858523 211457 925487 403403 244303 26462 564322 480862 960631105 935026 535208 903910 180959 453231 848742 849374 253771 305470 600824 513358 101109814 441910 193440 45266 384361 353988154 919561 623279 487787 560917 203425 687249 146333 205771 471470 28054802 868994 803325 316179 735692 697219 803880 782383 852031 326411 681492 10548109 77367 4667 49897 923808 242510 658316 93634 54437 604990 70686 209155 586511 851229 713181 90857 756052 281189110 245525 274026 622470 230414 77520 637204 397889 43055 950781 585032 469432 265247 317495259 570843191 514084 281113 16888584 684289 979054 674803 573390 273432 563679 452706 127238 517145 16029 572423 385787 330355 624413 904103 310409 916635 830276 949939033 729437 304859 266099 562722551 342078 239287809 241542 77649 295916 152612 797362 732094 433401 519784 632300 131212 236340 841940 41702 910146112 542991 605020 638993 817425 108341666 861042 180463 436882 511089 613341942 96161 120957905 902867 378437 131647 34900 223032 486548 502390 529768 366134 887976072 739933144 609952 668786 568139 612197 470345 325327 942963 905074 107202 77477014 908861869 359910 604962 190558 931723 108870 888348 700582 265717 270102 243228 728888 36267 549963 348893 270652 378549 724891 558535 213462 159227 98299 256316 79938 889507 566808 656130 960448 318884 708501 795899 815417 153245 120484007 972562 666857 519997 611539 214446 323431 194882247 630798 314486 768751 72367468 795435 341661 934825536 29116 444674 150962 703518 486715 780905 503244 422991 887874 450956 4080 655471 68832 531058 94325 463436 63771 798192 661926 974890 28367 881890 941317 700322 652073 31290 517185 620669043 640961 528800 202029016 969656124 43038 734587 955001 167000 419877565 234122 601901 968946 854304 393963 409505163 24100 28659 842634 114331 687231 513839 953096 417671 914466 844583 43503 947129 471817 337047058 616547 285021 914973 594677 171419 931419 366699 419186 765633 797018 220786 546061 44991 771803 882705 173121 578819 206615 588534154 28581 11118 342397 89304119 32035 583776 428636 858712 202640 487723 579901 69089 15316 374471 253699 412683 266374 836681 259458 964268068 100182 416304 152471 109423 765526 831625 503728 744666404 513797 67951 329890376 522188 300717 954704 410892 523078 445675 196766 631503 79501 937286 81229 51359 866658 776367 157556 176791511 808507 291158 936297 561025 756276 307382579 705212 907824 216772 692973 504719 852634 890415 398724745 879274254 850713 558083771 58263504 877786 438379394 441686 582102 284912 539699182 161747 546389 608857 574168481 749427 230009 77188 726044 546931 38078 396076 252509 344883 721938 39259 964168 233023 303187 75041 902977 12440 906976 878180 821347 97119 343623 515074 72510 542591 43153 425195 480245 233823 376093 474223 467012 61585 156858 795522 131663 797695 437016520 378675166 653422 685425243 432637 431830 364548915 719245 108546 330635 121571 396563 136716 6339 2244831 209731 357722 962259 43769 12310882 194682563 549298 279162 1321 812725 348869192 796874 619433 74935 995270 971787 695123 845312 18647 362180690 24563 204061 323704 596539 428401 380128 201827415 836533 295084 462390 208734 158512 999843 912718619 14930 122495 23787 579978 508210 365770 99925 841913 905274 140052 871637 802967 679754 121247 411844 827409 500526 121530 109370 637620 951263 98745 213923 11139 323688 59357 321875090 9788 881790 726251 772795 283312 665901 846593 986582 212642 889396 93396 210163 931500 588724 973004 318670 797918 996725 275593 964230 879823 14828256 32033 11641 744024 134252 662769 138047 343639 295814 849410 319729 757755 256441 971302 922181 853539 655354730 252031 786162 816029116 694389 235680 672589 102145 262626 459757 59828 675734 571139 337534 493980 809454 352994 537558 654471 479475 898142 982772 202866 74640 729548 705342 342797 907823 120040 606653 69655 148395 224502 30792 819518 48497 914267 191611 250618 275841 294379 121610 366607 325165 614528 124759 709561 437304 285311 13405 87100 345104 844004 769782 193529 186141 140591 504898 112081 907205841 323680 675859857 503367 581270 475966 841493 460173 843208 746962 726016 845176 490422 688461 22576 771444 527823 617019 686798 313386 551682 370604 996629 402750 602783 540294 836441 180863 945303 416286 172694 1004 224678 771490 562398 82744 285496 330116 766189 203780117 377097 649760 491357744 908578 552491 605302 655060 13946 540230101 318045 936336 142890 983900 116116 774956 440787 875200 290176 341654 350970 659483 382775 207191 273952 586325 622149 648172 833865 281323 97886 621431 776549 454450 902001 682894 553586 349490 316271 244283 132645833 526698 535548220 658550 88160 530266 428561 727370 557341 825412 196682 711123 330360 460037314 505674 950953 106386 790292 61563 803195 228304 64519 629118430 547070 95965 948962 2398 194826 56806 62412605 315655 261942 632050 320907 623404 615466 929036 268133 402411 212217 41254 31615 708993 943031 267020238 64435 230835 991040 512967 427932 247720 19549 295795 719459 195535 336603 353412 245870 655767 364278 521236 732025 823657 947486 748736 345860 845748 872506 414536 295339 400511 650649 579208 846641 376676 177621 582645 6791 93847 148536 477649 153540 633884 481423 421118 397661 63498 196042 855566 573264 646845 280798 546757 377226663 249330 889675 77596 483482 800923 856520 35526231 16652 802670 234700 139956195 879345 229584 378695 46032 391835 192125 98299 388176 109908 296832 979270 382088 51331 164409 654987 23519 30091963 37155 238339 740234 921184862 955592 369672 958171 986849 95136 226483 59958 272033 441709 669431 799440 65837 167250 837756 195442 92134 322080 821521 629530 549260 965980 699000 55356 591935 612459 282782 661595 957267 974011944 706593 82834 305169 87260 228170 129352023 201296 30688 835190 907643 825905 8784618 398039 942091 741487 665512731 675619951 312956 629795 270387 268678 532890905 37064 68516 991739 796002 412778 558823 636632 298397 124095 231749 440415 85450 936898205 521860 422702 555032 400064 983074 867060 790386 987591 346579 266656 484481 607186 150719 9076 565328 342650 217501 923764 606687 406496 254331871 799027 824244 95645 472604 641180493 361012 651903 609448 511041 267034 738041 439406 848478774 729692 926612 877512 455793664 354171466 543068 295119 246275 950099 643691 823444 166753 770000 626754 144006191 309955121 834670 263254 822789725 291003 193475 371498 287404 222976343 541664 119763 311881 232539 700924 288260 189833 345144 736443 631628 877705 88872 134847 488062 477526213 784178 920463 977799 195524 75406 147088 774438 291812 293057 335874 831003 466649 132822 565069 505092 961970 284540 940443 215402 724229 543220 993165 362866 901112 944300 708711 161142 271550 945192 118010 460225 360293 772535 771912 849877 320614 165187 490522 159497 64888 358104 759735 390654 750379 429741 750325 641300 148997 305405 342185355 654479339 831927071 983158 587660 9457 962753642 501843 349103 177084 94511588 176052 72655 482505304 355185045 979017 923228 461124 432755 92793 713789 906047 46304 687145 240560 99179 484768 98155 490040 948548 662972 996170 78400 173290 61219667 523695517 806699 669449 907789 704653 473644 331867 153298 665125 835614 105741 504348 649330405 925276 108194 845442 54509 904636 62382 202313 27685 710681 497338 994542 829313 675894 146180 977032 88114 920587 265553 476747 201203793 908787 991424 534193 850906 645515 511434 841698 704738 927183 369244 431665 835575 441605 73085 747986 587341 193310 288468 580673 57501 502307 565231 899801 732706 383839 724332 978535 980073417 159454 93376 601425 25141 964234 44487 721759 212288 930357 399243 410549415 483425 967863 284906 187869 663576 311283 95353 57194 768065 99995 661920 820977 832933 125434 463581363 431113 406636 786393 219496 149371 307990 878196 191940 323976 972509 319962606 377663 129948 931571 568372 219371 252960 956190 446495 475575 557000 97874 634833 944793 81123 203570 55431 857449 612814 493881143 339350 474948 399825 859683 50955 559998 653763 434010 423444 973946 4253 363897004 598407 120366 185319 216699 119096 914809 770393 886224 626646 789132 683146 883293 305962 928967 68888 73301436 808282264 860163325 172951 100284 541606 232946 179361 197573 5490 957022736 545783 821568 801160 972007164 915475 865156 820380 771832 936768 142562 404099 940166 322140 363052 939980 113165920 504530 711433 772074 341532 305819 646536 329252 152422 13235 844657 980751 545905 277519545 454649 528883 951764 780082 874054 326354 970094 787798 929184 529082 928386 869857 462991 105106 199206 33429 989970 442754 731302 531679 887324 432598 276417 526689 709479 299887 730391 923132 579601 255139039 898198 587603 522498 737292 556224 236947 890681 626150 831669473 136591104 635461 620221 497688 967092 708011 262927 526718 29760 943544 677525 734717224 788876 321126 911851 699306 576635 743032 557044 208132 528008 763441394 766395 431422 750639 498854 711431 775427 558316 324660 502689 777364 386246 731781 609048 42518 283288 711555 759010 493274 406142 294141 748190 290090911 432729441 583255 184876 19276 378680 909759 325986 837148 814994 733103 497309 346411 613883 352678 832647 50690 396947 808733 667491 967895 620658 652702 588123 9872072 186658 20773 747018 732716 194679 13142 428610 930406 972218 961945 154057 691848 610473 782567 228631 592825 488242 929458 323041 818229 864398 624293 492214 460659 686535 638304 737812 27560 981482 373798 110132 696775497 922060 23722 436783 461624 575061 975397 204642 191758436 650427 926829 396077 888165 743069 310230 542397 376302 289851 943398 730493 220810 439623 531595 540735 677274 279631 356663 792095 471420 328215 101566 278222 727886 437711 279460624 597915 919558 804637609 663646 932464 764769 600185 993700 907477 3166521 427766 858032 620867 287265 67446 390141 57067 657621 199344 729389 9617 559023 407112 910301 808903 562567 733384 773220 172212 616067 768059953 959494 799558 235313 258506 585714 712188 377802 844275 138982 713190 320528 173250 571908 759575 572507516 242036 596081 372101 918190 390450 800890 343572 180934 475792840 823547 47237146 34170 22486 400366 679426 809553 74121219 895124 109506 846962263 341733 72031 910333801 822464 664386 239535 879596 907426 536570 962970 617306 986138 675750482 212191 847785 421409 142158912 621586866 550846 30979 576455 221698 650944125 914231 467447 248622 266586 739582 492515 264765 607882 828958 727902 350050 953624 313997 434332 519883 191685 276172 75801 693431 993509 276281 606233 510153 947603 460483 36300 789703 351919 192705 479997 130164883 923257 445446 133009 807865 706288208 82142 511251 654063 38965 889549 955466 887017 409189 818656 455387 31473 957172 485898 166309 791154 53408 987275 45197984 285728611 153984 74981 130633 68906 650097 556984 739401 653574 892132829 37377 395612 655137 312192 231270 298213 460578 949013 391746 201557 728561 238036 45298 765718 215843 634401 521127 175505 540818 651541 563807 797872 650299 253913 277184293 466028800 258625 44799 989831 982688 370314 397717 775002 479630 669608 450388 573098 880991 230586 195278 776799 227534 564582 536305 697692 152082 780353 34021254 890243 567487 705100 181878 78100 918089 690198 488434 295951 58830 215622 761422 932642 76896 757828 842557 267701 381566 895607 747937 923279 467927 138364 780409 165241 797575919 909451 129738 93254 935380 550373 905599724 150087554 890636 126607 256988774 932746 859448 478495599 476921 749471 28540 66565 214127 986398 507568 100078 900055 720361 11364 59715 305824 479043 201794 368119 714879 74177 22490 753264 60047 626690 370281 401287 69200 51620548 770227 417028708 764862 948193849 662499 927891 18207 376905 237654 156600 331390 968346 691293 693618 25009 575704 751092 47947 897416 383986 442310 58277 606721 251877 504739 209600 865787964 177269 425213081 507853 854130 661982 881456 631043 370261 728640 788099 124620065 626890 73589 489161 465663 736078 879277 165747 764677 268360 484387 523971 219920 466456 512631 768097 526446 298951217 256545 803310 307642 595278 143955 629632 651012989 747840 762733 409639 299792 546813 632982 80224 525740 106128 548893994 14982 282883 415998 439654 538651 853036 426512 328349 503699 217923 179336 695571 85323 25094 487064 106078 533084 298629 400420 800417 982089 830900 294492 380611 206194 750146 533889 626091 944172 302778 935438 404838 802201 570554 132278 130776 413175 528376 406039998 436769 518486 187601 571170 37853 725122 999243 652918 84112 284128 606523 993061 806975 545445 551658 630339 647265 420596 462034 209185 421938 70240 479253 684356 200199 165021 636123 275851 119814 837340 346034 997475 933129 942142 112563 521940 756079 332988058 97964 303672 491620524 533745 584783 464694 194747 830910 374208 258458 445813 112354 915746 126788 99504 287212 219219 879484322 356834 876081678 267915 50862558 713125 38391 22184 347010 822469 437058 469898 880098 724188 138903 452020 629112 248250 5622 802843 740412 165125 539096 576751819 37838 571236 227830 279337 466155 429567 433820 447755 818829 743110 174765 932088 281165 473829 402216 913531 881929 119935866 162549 460391 788642 902252 20039 814182 526406 897589 584622 934219 319207 100634 120484 469678 109376 826619 800640 631733 392492 648749 536696 45323 799134 929660 133562 245276 185757 235119 409993 96688 476981 97855 957621 425468 979179 823834 240561 535604 902572830 135036 997545 482489 895361 817039704 456701 534729 180936 982453 10792 364282 81092 565800 313156 548475 972243691 729038 407325 934777 618367 558580 294296 677242 1386 62714 313783 851155 85111285 656711 282347 721868 840557 656617 350149 791053 858211 157738 65504217 882236 393023 598923 45428 100744700 404252 950828 697482 112500 442001 337150 891741 848702 69503 619044 218693 228655 270393 762281 743592 401342 912687 236064 403447 218955 274648 447226 590081 314897 679107 226963 600515 297530834 801769 78606 19299 493708 403594 399947 656215 293520 599211 650876 184080 9254 1819 285720 402086 823815 425105 76383933 687415513 369228 652793 769324 671796 898564 808473 698019 944030 330251 40734 659763 756948 849782 522143 743717 255538 924723 271764 700448 513703 613878 669120 926314 784948 332244 219777 602478947 460789 878334 523829 509452 171234 468960 5445 993747 519913 635016 818459 305398 716481146 321294 398581 889 130618 549734 655827 951319 677923 998649 715834 110426496 6582 493372 731005 233253 428928 276163 435369 716428 600950 709583 293550 558885 774912 288022 220620540 8609 145864 200093 120315 76549 584348 459887 593497 824781 496721 226435 600464 847628474 659312 587483 596686 420154 601026 782094 457468 142418 951578 647874 724383634 216215 253219781 292672 334488642 265696 51572 945709 889066 38718969 364937 404807163 470543 232810 637120 297304 836381 892374 429364 55323 130415 59683 993865 69801935 406108 122624 162645 534470 92561 668290 612251928 44462 467973 458313 177347 207976 767864 178260 855207 290594 280010 698718 710527592 353645 115729 792718 864980 945233 810645 113139 25641 465366 88372208 685324 275558 207445918 553723 109969 864287 536254 949585 556608 898467 954874 486514 619178879 262409 196581 699715 196123 611095 1584 412355 782487 547744 299258 164681096 984164 70666 49197 28330 604132 637718 817401 630350 158891453 416730 229649 792548 519936 60446 891070 603273092 68768 840309 583340 339810 103357348 805395 509564 763206 824179 528006 854358 371525 334824 465691 660798 74681 84771 303148 116756 572422 977283 270212 80638 183419 539389 102443 497923 84841 881222 651069 616234 585894 59236120 223026 632973 242544 116150 788125 563868 328983 715155 353830 772436 208298 918206 745592 552482 130707 762815 249100 997676 95905 605718 635767 89256 872874 37656 62291114 16906 434848 390144 765295 669291576 725116 923030 10838 677567286 483966 565830 249451 208748 277329 924554 477991 365720 104816 875575615 71470 935449 967424433 662479 784549 295109 908146 384199 108432 958584019 137466 198642 753431 417619 111591355 641205 255597 290123 920691 758371 232499 82884 83056 289272 437380307 430771 19097 841306 818726 337009 652750 359432 827265 121877 153650 486032 627833 180087872 571429 513942380 248012 221327 865860370 673325228 841341 940419 669452 110810 190276083 392489 74291 736212662 228758 246804 629267 82887 267483871 748325 87591 747297 134799 942447 292730 96963 870528536 953246 832055 464161 394793 405889 452692 39765 109154 681176 473255 975066 556034 798623 59738 799873 334433 755253471 827447 324680 55526 742202 476732 17032 725597 997764 772821 980150 756413 756781 773901 636832 355624 926964 527460 677159 749716 497445 959548 361764 630999 428472 7527 75952 30489 317546 187411 893273 852011 293754 247447 466080 629520 961092 651156 417333 333949 680518 250834 596999 661883505 358643 775391 268287 717896819 458407 793846 656193 259617 842006 961286 416283 129196 709233 636668 807192 262103 822125 352333 267955 753931 370505 246727 898113 245746 585709 285861 913259739 957047592 9430 18882162 57350 387090 593639 359349 519683 769322 960934 748559 853501 997476 686941 979598 227162 511011 318522 846297 1398 857134 232683 443183 546808 127269245 787313 880384 333475 605242 536397 180845 917864 831858 957675 644902 472931 278751 137031 822679 65030893 183144 439147 344900 669317 835324 211091 64005 356923 915035 813993 862586 168672 688316 257969 665237899 847208 324326 500279 575936 747410 635863 346540 437887 217764 32487 234057 707370 854765 598558 556866 262683 636936 828837159 97521 836643 742062 528006 58662 472041 510144 381064 825250 186491 839539 913816 558637 24893 324981 104290 474944 458095 952449 729178 795980 148680 720658 454727436 311818 974276818 479051 585704507 195473 65723 779393 588137215 768638 212048 734222043 278479 115124 674889 818298 586226 468311 225215 108290 904804 76801375 992124 841446 802082 597890 538154 305914 646143 521230 612680 828479 500966 629964 691823 11258 417475 154206 42153 663548 306667 773701 602655 336685 335048 554921 934224 680859 818702 318250 504087 470567909 659071889 501380 894944 849610 498266 770107 650613 198496 834892242 826096 777860 724425 327128 718666 251897 634856 859437 453460 436220 110669 686871 296656 437788 139966 281015 894331342 594553 28769 738136 801714 615904928 262484 903437 495608 261627 514950 931484 396145 866849 977267 845655 988661 272327 254099 328748 804687 291516 518268 841770 413539 103642 81047 777375 300836 716688 784220 93893 999692 701370 319368 975559191 72275 970642 950781 549782 987294 629004 265144 764862 92099 33024 922333 2398 204263 350772 566008 828358 687795 44394 413749 896504 258494 967822 628266 116399 719168 44498395 832418 229726 350333 22238 152629 368964 830652 409004 884909 102490 665572 31025721 23761 253479 353378641 130803 779224151 378641 338471 498409 842828 15364 5141 179528 767866 488061 138178 972018 506266 742544 505997 724471 604253 254134 993038 172139 635070 677369 728711 820621 838079 343123 802989 373868 43673001 500009 204110343 8361 409865549 391530 260787 350040 345637 641863 29601 248614 257673 964501 698434 390880 549993 283218 371297 378126 92833 803645 332694 472191 125433 494920 585091 11238142 63842 116746 987620 868651 725282 398599 54171 912062 885151 204085 650024912 891039 651014 966093 571891 393920 112129 720773 444806 897715 428747 976861 796642 262795 486014 296985 269832 653495 592835 219334 623211 31079 521178 94402 50743 501635 616726 964754 535405 336589567 325454 654762 814897 40065 818026 538680 711088 356704 258216 987791 786863 568577 306131 205716409 386919 48027 129069 542484 345061 745759 612062022 402571 464437 99304532 194077 837110 593242 88393 228704 646788636 111526 781967570 685898 88123824 191874 544994 77671 398512 237478 57294 400303 994617 893950 490868 44375 875470 478521 558206 309878 529796270 211584 839793 938470 447385 27436827 750948 54716 716403 580686 691867 190574 504170 157489 945822 173693 610196 91909815 568321 589163 510340 245559 271062 92257 279246 448791 678910 293908 836364 990342867 929300 10300 874594 795023 794746338 517155 639018 170278713 943168 60652 980487 452346 168644 814264 626131743 379820 691313 617925471 626415 809081 979358 425491 505662 701639 441205 837301 557894 454711 438999 53481 217440 39066779 321558 959800 994838 738266 859622 21967 580393 342819 910467 791313 527601 686702 122254 361430 131759 963649 873325 463573 817432411 658956 975153 254552 75881 672115 749636384 314761 14076 648376 428411 552443 761582299 473992646 592484 831077 854725 255641 445865 798540 583607 365958 941928 357668 320457 93379 692070 491536 177205 763785 925604 333567580 804748651 533143 69983 77119923 863327 107238 587621 