2925 2925
1999 40 89536418
1539 1999 713651895
2480 1539 332232198
2721 40 739932936
318 40 801341310
507 2480 272297444
1108 40 96088039
2472 40 925516922
308 40 574969685
1636 1999 753798808
2274 2721 920454190
321 318 400616704
2665 507 245373343
643 1999 247720387
425 2472 678381799
1323 1999 565122940
1563 2274 28473575
1229 2665 130729345
1250 1563 37141284
2404 425 672948370
269 1636 890347687
1156 643 192640085
2313 643 525907820
2174 2472 631064635
2516 1636 37834727
503 2274 831124318
2860 321 724609217
115 1229 485487867
1306 1323 35256615
2883 1229 556578
2451 425 700889557
1051 2665 803456743
2296 1563 398879453
2124 2174 434153374
1786 115 952772672
993 1636 555641304
1469 2451 252297608
756 2313 667404332
144 2472 42758930
2487 1469 476558825
2319 1108 436539235
1406 1108 44031977
1034 1406 452352453
1136 1108 310751619
339 1156 7137913
2234 1563 354907325
215 1051 680876098
1969 1563 642761409
2475 507 498185931
93 1034 162735958
593 2313 279928555
748 2665 321240999
157 2296 74470867
1841 2665 20303511
487 1786 545577285
2523 269 183200558
2105 487 334916207
353 1136 964461717
2110 144 754869419
2383 144 994796436
2622 1786 569860723
820 1539 388293724
272 339 979909745
1831 1406 10699456
1808 115 516933991
2012 308 511151849
1065 1229 662547195
1215 1034 403852885
146 507 582368658
2863 1306 342373580
1382 1250 433798981
228 2234 193716019
2269 269 838848199
1855 269 902435682
326 643 94766376
1983 1831 971453041
866 40 891643438
1769 425 406364761
1913 1108 224885694
1444 1306 20852409
560 2105 228584347
364 866 792750742
2650 40 719261974
1885 2883 456891715
2065 2860 882739614
1211 228 338707281
2171 272 758417085
139 2110 802190462
171 1885 311990280
1447 2860 296851659
2594 2234 341235797
2590 1108 975137620
1287 507 545238524
2853 2269 761458442
2667 2404 375280889
1363 2105 156315310
2176 993 6262405
1863 1136 345311867
2633 326 179223326
2095 2319 342719866
762 308 192630016
287 866 798524626
1991 1563 630557093
1994 215 284394346
1663 144 213225259
1787 2633 230902000
1085 866 664377896
2544 364 387651555
2756 2472 281305218
1244 2863 173771935
182 2860 396536475
805 2594 289577262
973 144 160833326
2422 139 596520927
899 560 418142642
2688 643 53067277
659 93 9391229
728 1469 84170127
12 326 761595960
890 2383 134289032
2875 1447 42840644
537 364 864811702
366 2383 117215198
2592 1831 571821174
2546 643 225397738
2577 593 635300459
1565 2665 622804891
2043 2234 729200660
1825 2065 505207817
723 1913 428042736
2261 364 812167748
2520 1913 156814174
986 1563 913912570
817 326 846849808
241 748 154791929
1414 353 185629872
1407 1841 5486813
2720 425 174394392
1818 2171 105331223
1866 1863 297839948
2555 1034 133989463
1320 593 158241445
309 1469 424213107
2554 326 591970470
1633 1323 577416291
2656 1841 972447420
1948 326 33090048
1590 1563 830621552
1404 40 718406102
1745 503 712022360
1345 272 837713937
2160 272 694060644
952 2176 541370893
389 2863 241765994
2760 1786 781298043
1526 318 704095742
2691 1382 142416122
1020 2650 205315700
1316 2721 465562203
2131 171 278767759
2155 1156 696763248
2779 2124 955591446
2809 157 882851773
2215 144 121935237
1153 560 251169314
1916 40 747818861
2775 748 637836176
2337 157 827943224
980 503 848424121
1309 93 341469216
2329 146 211484156
1055 2622 112173623
2639 1469 159848091
740 2269 487478111
1653 1229 734446059
75 1215 573249790
1828 1287 677829748
10 364 321563247
130 487 173066563
1330 1229 825393778
1364 2269 484814695
442 2313 125966920
1995 353 610681881
1418 2110 241602611
919 487 222496369
250 2633 647328257
2458 2176 974488332
935 2523 246875150
234 1999 462411411
57 1855 84241817
2356 2313 108962184
459 1769 231961796
58 1636 558018675
2894 2110 37927907
757 1136 128351750
1830 1108 63567376
669 2296 23304910
1510 1323 4727499
1742 2853 855060842
906 487 896049530
1333 2721 586708732
1664 364 765743350
2067 1215 875995602
2709 2594 167971468
418 2171 66581825
1581 748 534997686
670 228 684695427
1906 321 815306086
475 2883 287683493
2029 1065 125267839
198 2665 917272519
1873 321 85516197
1420 2171 57021965
2527 2665 534759101
262 1034 734554026
376 353 301046810
1884 228 654252974
1640 1969 631819536
1477 1841 784900303
2503 2012 49175330
1505 1065 146878203
398 1636 24480298
2610 425 186984652
806 1999 401467634
2195 2274 108159288
1293 2234 58750426
702 1136 894384469
2429 2110 339598506
289 2480 973809868
1489 1885 788206466
527 2883 87143981
540 1636 74590572
2391 2234 724816371
1626 820 137271699
2552 2516 239103439
2294 2475 709252585
760 1469 725291628
2021 1841 114899994
1862 1306 902441959
54 2650 520946652
1635 1065 625479224
1416 2269 912579211
299 1786 788698199
2500 993 525611642
98 1034 800932332
1095 2110 683211364
373 643 293795282
2879 2383 224900077
1279 1211 266098691
445 144 859461321
1518 1913 103750079
814 820 711890354
1676 2383 75421028
2255 2633 649963256
1519 2383 89942627
1022 1215 448500603
2364 425 565801888
2434 2633 29185199
1849 1250 284813005
1149 1841 523627543
855 1885 513978675
600 2475 651338829
2645 2105 315670601
220 157 150393366
1461 2487 288182530
572 993 511493748
2644 2590 345410707
1934 1323 313887105
317 2176 752352468
2010 2319 799761958
378 228 32379848
1936 93 53196365
2257 2176 5013245
1026 1808 40673020
74 2451 66491575
617 93 681622154
1119 2860 292977629
746 2472 768766705
724 593 406208539
1950 2065 395908228
1111 2523 225624492
2209 2012 77045055
2415 2883 852512675
2341 318 53478062
1224 353 139136046
2199 2863 107660575
2649 866 510967173
1296 228 549713456
2293 1156 295995172
1842 1136 481325341
1755 2633 459215183
1036 2633 748027818
2213 139 340137620
790 503 714321993
627 1363 84222720
2826 2012 821929245
2344 2451 68943353
2258 866 97732193
1989 2480 875945741
1399 2480 407749475
2433 308 556859950
905 1447 439402550
7 1215 54603093
1430 1913 772978785
388 1156 826871992
1907 1156 304746648
978 2383 35746213
2427 643 794126908
2112 866 293305687
452 146 771830969
1912 1444 112875181
1003 2516 269081974
2494 2721 632114314
2398 318 839649881
2181 1382 262447526
1394 2475 531961680
1118 2451 282925383
2034 593 42333723
1872 1065 976560164
2707 1156 257691175
140 756 77920748
1307 1885 306266303
1381 1034 197339249
15 1323 596263258
1076 756 564819195
1264 507 326330448
426 1306 31084394
288 1885 167531370
949 1323 561605717
1649 593 701132727
2295 2110 328000505
887 1211 933444116
1232 2065 363966438
2489 2523 692785802
1441 2863 535448029
571 2480 866602636
253 593 724854435
2333 2404 149962155
864 487 350781475
633 215 920368168
870 2269 602984008
176 93 823739161
386 1913 21735740
1957 2622 941451600
1498 2012 128888576
512 1983 574687562
872 2124 115088933
101 2480 420118796
2453 1211 899534154
2361 643 665126807
2842 2650 752074654
244 1999 916766450
1292 2622 217247773
304 2269 803865234
1259 1306 940185636
999 272 815031581
2886 1841 515178992
1126 1136 796835546
2657 1108 408029204
2914 2234 340203468
533 215 864955751
2912 1983 87076145
1887 2404 566670184
2891 1885 219202374
676 2590 483928378
688 2404 985832274
1704 146 131696369
2002 1983 122409174
857 1885 67657292
1532 1469 410730574
1599 2234 437365815
793 2480 475966544
988 593 663927080
1303 93 51360554
2616 1999 152359571
2331 507 46342244
2619 1051 799821276
1938 2274 324257176
542 507 121174262
1865 1841 521063408
971 2594 481585950
699 1136 215744697
1301 1444 993082373
2851 215 506728740
802 1156 70708416
2350 2176 176848019
2796 1983 727475356
1265 503 298620742
255 353 11332142
1500 2105 344224288
1761 2313 10843157
2092 2274 824249752
1909 228 824936475
375 2110 62519409
1591 364 206373790
2737 2065 254546340
2660 2667 856565412
1794 1136 287912425
2855 1808 927016596
2192 1108 894660129
2521 2721 570245456
824 1323 482641040
1042 1287 313402686
2405 1065 976631034
50 2313 440092394
881 1983 785360800
1871 2296 548181061
1219 1999 97997412
1455 1969 828615423
2481 820 862907128
526 1108 68302731
2170 1969 557796060
2039 1382 959822243
2432 2404 361369054
68 171 470231915
2838 866 275420807
1114 1447 544347879
1300 1913 842056409
237 1229 995486719
1662 1447 363824071
2565 339 426777962
2865 1136 800274532
2723 2124 642563145
2573 139 852655410
223 1211 548591786
2430 1382 966829816
614 1831 48634736
409 269 422077719
804 1051 490883347
2072 993 384870801
1385 1363 343662390
2278 1636 638044276
1931 1051 615709028
950 2863 264246662
1902 1287 86900040
1541 1469 726281698
77 353 385331308
1837 2176 859265895
95 2124 28947918
1579 146 94112360
1272 339 242140209
2570 1769 401865441
1771 1769 181061623
1056 1539 9584636
1620 40 159467057
1319 643 153461328
649 866 660264679
743 115 940671900
1446 353 553637170
105 2853 80221209
31 157 616924300
2585 1306 790792347
621 2105 100014978
2564 2313 92548946
2142 40 421773591
2716 215 94547335
1557 171 875725611
2145 321 762594729
111 321 189002253
2774 2313 821899266
761 2274 679532841
2279 1306 370973582
1782 2124 780765167
880 2269 224432829
1273 1051 697393112
2636 115 696132050
2054 1051 556873423
2369 215 8895493
1558 1156 51966508
2628 593 633268196
1956 820 615562509
1445 507 184991134
2903 1136 485776321
781 2590 844279332
775 1306 315966498
2455 593 438553406
914 1786 709449465
2454 144 868384826
1217 326 273490592
1024 2383 551954751
370 144 182151727
221 1306 619934075
1421 2667 286644316
214 1229 813643381
2915 2124 877965957
1976 560 131724255
2643 1808 921266998
432 1786 883696311
100 2274 954331563
853 1051 487372986
2211 560 538426502
172 1287 238600329
38 1215 591670719
1353 2472 805232593
2539 748 772529962
2818 1215 28016311
357 756 149820220
2653 2853 44853680
596 2404 533287306
2794 326 991997108
1269 146 953546683
1570 1969 66376392
2682 2319 265126376
78 353 548169235
2662 425 250999747
2252 2296 72039471
1503 1913 809509428
1299 1306 376220557
2363 2171 922740325
89 272 133313416
844 1469 385094942
1103 1831 26405105
2402 2721 474634616
1726 1863 775212816
465 2516 573900221
786 272 58216532
647 2650 580733123
2859 2110 598536490
6 1382 863489747
314 2480 136306895
1905 1444 834437940
268 115 49260222
2697 2622 13419886
451 756 879551397
1019 228 281969909
1100 2622 359164539
20 2012 192908424
706 1136 599263180
1543 2383 464887506
642 2863 101053648
2442 1969 298546532
2156 1447 139542491
1542 1065 980770505
1708 2269 664673310
2601 1229 131782847
2562 2883 199462928
1705 171 691630402
1007 2721 978187830
384 2594 804568867
848 2174 328269711
2747 1065 88992891
1929 40 126903844
2518 1831 39329410
662 1215 121072887
1387 2171 478830828
28 1215 81819681
1954 487 963151252
2366 1363 931324397
2648 215 800798431
1756 1136 981791703
1018 866 834479191
2207 1983 908793565
2473 2176 477406570
928 2296 717323727
1836 1156 391384656
2057 2650 380834078
1405 144 9423015
2471 339 673499466
1120 272 626801438
1903 228 749511273
1582 820 400950429
2887 2472 796741433
1452 2472 685216353
2905 2622 311720218
2163 2516 112272508
798 1051 121155262
2017 1250 545136260
2839 1769 684547137
1927 215 475822843
2272 1229 69007823
2620 115 980693212
680 1250 844508905
2812 115 488881734
1278 353 54974217
1346 2319 526963345
1692 1539 816900502
1615 2650 170686084
160 272 412387166
1160 2860 625835898
2318 1382 225270314
2382 487 245722658
2187 2860 962392368
164 2404 81518178
2630 1136 113756687
2569 321 719183245
1474 643 126661345
2037 1211 509547304
1946 1469 283438456
1886 2065 140875916
1073 1563 238768869
1735 425 83407923
226 2274 667316634
1612 507 717490637
606 993 159451891
1035 364 360402048
1150 364 321121416
2045 2475 391528124
1641 2296 793812917
1690 820 377595202
1718 2721 923301742
2551 228 352962758
765 2296 725722930
2198 2472 437903505
147 2650 31909789
1247 318 124011634
245 1229 961217958
1216 2124 310994546
2113 339 366562188
2553 1769 421881171
620 503 51070907
1688 2622 538741347
179 425 699421871
1945 2665 191530926
877 318 990539628
2303 1769 59950391
137 2650 427867986
1506 171 582727615
1373 1444 443787428
232 1863 801744946
2388 2234 266404015
2083 1211 91464418
2097 1786 754660506
524 2480 78936902
1545 1769 281621298
1675 2863 745550189
1549 1382 105728519
66 593 665699740
48 2650 976868370
1856 2472 277919292
947 1382 157743142
921 1636 114023199
337 2105 7590897
2357 215 850999143
2120 1563 141709517
1659 144 912886611
2374 1863 446063176
2129 2012 35792199
697 326 97063620
603 643 976459227
2103 2633 326319422
2890 1808 301010531
2452 2853 389122648
1531 2174 514462937
1487 2667 580703323
2030 228 117670869
1540 2174 876401790
1502 93 620483434
2532 2860 268642110
1947 1406 95345000
1829 1250 96394553
2759 2860 103218260
1106 2487 923104289
1473 144 850461096
831 593 612867987
2830 1363 146251111
277 339 95859815
1449 866 348262275
2765 2883 214795906
2055 643 100791523
1596 2234 671125476
1251 1636 158413335
2447 2174 933505719
1733 2667 424428117
2597 353 914202869
1315 2274 823067235
1252 157 315916789
2729 2594 648799102
1767 2313 922462980
332 1469 791815301
1699 2516 85772179
2864 643 562604223
397 2124 953037626
1048 115 495981185
1803 2487 33484607
2715 1983 278866356
2078 1444 535662304
1181 2853 300656057
611 1215 24682350
1097 2174 444699100
450 560 598594733
1429 643 559907582
967 1108 55254838
1331 1885 336413391
1249 2480 180717902
913 2171 938566116
1922 1885 880580113
2028 425 664298884
199 487 775441112
742 866 156820738
2139 1841 219965411
1963 2523 339983935
2 1636 314474548
2646 748 364475906
1879 1108 845493640
661 503 727623313
1378 503 874575011
707 2234 355368029
396 643 896738473
26 215 223006376
193 1863 628339884
1914 1769 152059250
1514 503 171072283
1040 1808 262036369
2205 2269 460907382
2089 269 129239628
462 269 170095330
213 2451 489533838
324 993 29424554
363 2721 105230432
1262 1406 239713329
2670 2404 355522471
1013 1808 462722515
2424 171 661280973
2048 1831 957370392
1080 820 282038384
1081 1447 756751791
1559 2650 350863862
185 272 423287595
2107 1539 870001625
2869 2667 225371167
584 1636 944959598
2598 2274 19179689
2699 2269 443029006
39 1287 214449605
2595 2174 446395929
908 139 497306065
1988 1969 109390881
138 2633 339834907
2280 560 477867315
2675 2174 407983196
25 157 124548983
583 560 75503272
780 1363 844473101
194 1636 761731110
328 1211 880446625
109 2622 946070158
1466 2860 521916901
1876 1539 611216005
1562 643 287216629
2790 2472 140409
1132 1323 293432703
469 593 153147467
2462 2269 46111386
1867 308 767612915
2797 139 271608667
2694 593 35940207
2806 487 900916863
1270 2383 65418574
2177 425 211148023
1639 1469 928448843
405 2650 28293809
1099 1215 499641411
694 272 974188188
768 2274 131167619
1031 1065 345742824
104 756 461325231
644 2883 965428680
2245 2487 951927141
696 40 921428129
850 2667 962766785
1993 2313 237921209
825 318 825528306
878 1306 249170893
1643 364 914068807
604 321 231456231
345 2853 191180419
1450 2065 104974246
1521 115 224323138
2605 1136 30805134
1598 2622 949387696
365 2105 224895028
926 2721 381034258
752 1136 692510470
553 1769 181538633
1071 2313 406677753
1897 503 279725478
1295 321 989702857
1121 866 537287380
1908 2383 695128765
2216 1323 856556513
2345 157 20053979
2440 1250 51244571
2311 2269 163633273
1554 1999 417770818
797 1786 564781349
735 2012 689529540
247 866 112968800
2134 171 448599179
1980 2650 206972496
1041 1363 177710557
2090 2516 12854518
2658 1444 748423490
1814 171 935477271
1669 748 471443020
1799 2174 416166086
313 993 645068220
1719 2319 21343686
1436 2174 453069468
884 2171 790656651
865 2622 910967052
1965 144 666746506
489 1769 921371885
132 1983 85783667
1098 2472 744222491
645 2633 477561984
2913 1287 502114695
222 2110 764217625
1935 2667 254355422
1894 2451 247734112
689 1250 339158558
2075 2523 646947669
2270 1406 390889010
657 1211 713197219
2726 1563 138566599
975 321 759957399
841 1469 146476435
2873 2171 480797581
1789 1108 145125904
416 1447 957918496
2739 2105 120509435
1827 487 986046512
1163 146 87011115
2776 2475 413733437
1172 318 754502757
2880 2523 598030672
1092 2383 342946694
1170 1913 381720528
1094 1999 869684967
1358 115 28634845
2509 1363 436226154
2492 1786 193103981
970 1382 630474039
751 2383 48019844
1978 2176 626259515
76 2475 559325361
1802 2475 839568415
961 2269 645623704
1793 1215 115168956
1199 1913 511015251
1084 503 550154585
595 2451 409968703
1129 228 115304444
1196 139 46347079
2922 2487 817528483
2306 1250 707530636
546 2065 214507669
1182 1108 437271295
2559 1808 951314660
2358 1983 999205590
2025 1863 103718204
1344 2475 331528667
895 2105 912512415
2524 215 819278309
280 1808 587509376
1680 2516 846184810
1456 2475 389643668
466 1229 406038781
505 1051 771477240
1939 1999 312869305
2813 2404 506115958
1881 171 356723042
2041 269 600012836
942 215 486314752
619 40 88213414
1046 2176 457795813
1485 40 332308266
135 1108 838194671
2201 2296 838438687
1004 2523 168974882
273 2451 197369299
1713 1363 30044696
2530 93 5214314
1151 1065 59309588
2483 2487 542411757
2535 2863 740471862
1551 2633 517767847
1152 1034 82295318
1940 2124 742003770
2669 1786 28013000
1768 2622 118886529
355 2472 735435651
924 2667 579400291
2617 425 105422388
1479 2383 525891879
162 2451 528556620
966 139 117267718
2777 2590 55181599
1090 1563 648651561
2322 2523 242036158
2740 1406 64727831
406 1382 401507292
1165 139 680062548
682 2383 603911499
2757 2480 317327852
2572 2860 675080935
2251 40 579238015
2000 1469 9117487
2135 1034 415808247
2603 2590 67322286
51 1444 196266185
2621 2176 849471344
867 1406 624408512
2149 308 276778930
1700 866 437271702
541 1841 828891219
491 2667 947449877
1142 1108 612908433
165 115 598652535
2127 993 251846519
1058 2633 93137554
2638 1983 112650221
1838 1913 177309714
2053 115 424880850
573 269 905839636
955 866 956294642
2810 144 303167229
23 1211 387742132
1634 2234 623164146
331 643 197175364
1133 1323 943396877
1691 2404 698579738
2479 748 405913979
359 1885 344015625
2189 2012 607227028
2001 1229 15139978
1266 2523 234090286
2431 1136 633011873
180 503 505306900
2840 2667 697509858
1694 2860 875874962
979 1363 284299878
995 2176 904045548
1205 1136 149899986
322 269 204671685
2410 1444 997884284
1670 503 323260068
624 1999 986879406
1816 1136 232132883
2924 2451 6370535
882 2622 489228210
2079 2012 775476250
2214 2383 323328214
654 1287 87778419
434 756 55324518
1398 2860 609303544
480 2171 132923324
774 2594 748202395
2133 1034 894105031
2380 269 830249214
708 756 112361048
2836 1808 95792460
1850 2721 82945647
2132 643 435100789
2464 2480 668867199
62 503 577906154
1006 2516 490236555
1016 2594 569104762
1428 2516 533255665
3 2863 569349855
1057 1229 206232423
1764 2383 823279647
2275 2472 207892340
2011 308 88940345
341 2234 154191744
1910 1539 377418834
1600 1885 912720015
1062 2404 351442126
1207 1983 311835534
2743 2594 913433580
2755 1363 432326232
594 560 472105441
1561 1969 628928103
1569 339 447903119
2885 144 298623438
2310 2274 35678687
1652 2622 270440340
2872 2174 371960769
1350 2269 493813338
1721 1831 455181367
2249 2451 83823299
2031 1382 628437068
1904 2234 764955532
2239 2176 497355748
383 228 147466042
2703 2516 623658277
439 228 741849361
646 1539 983618692
2764 272 347619302
721 2633 734324195
2679 2313 504314045
2283 1363 94478270
493 1913 836130028
2114 1034 358891635
788 1983 291346468
1367 269 821824258
1001 1229 671652556
1274 2451 707688141
4 1539 612094175
1673 2313 971165688
202 1406 800867268
548 2319 942912915
909 144 972388774
2044 1156 33728994
1979 2860 401265800
2752 321 3521795
2260 308 92446471
181 866 716196070
206 228 598167783
1671 643 822878706
2612 2622 684919360
1236 215 22483204
575 487 45534799
2507 2475 10829693
1711 1108 540563484
2265 269 662766
346 157 161501724
2468 1769 811811075
2772 866 4106786
455 2269 81129380
188 157 731719115
525 1563 63963056
779 2319 495033404
1524 2590 544223262
2397 171 100663483
2392 1156 46516847
2488 2234 476992277
2614 1108 558872954
601 353 852639653
1941 1855 168419809
2736 2296 360702434
1625 2480 659990193
1235 144 355081659
2906 1786 22903097
1792 1969 89805286
1025 2667 969594239
2166 171 550886333
1438 171 178062056
2478 2594 145141387
2647 2594 446030498
514 1969 84334069
1684 1539 76184788
876 756 371417865
2632 1913 334281833
2753 1841 603251534
1869 1831 455922867
1812 272 630140844
348 1065 889303943
1661 115 195363167
415 326 942814745
2733 2667 246907354
1342 2124 274038264
763 2171 162573015
2362 115 16112817
1614 1539 272083821
2805 269 995190065
519 1051 975833175
1389 593 512639128
2403 756 59276178
2106 1808 149734635
821 2721 9073420
2018 1444 88460400
1715 503 291235753
1221 326 260027211
2062 593 396475321
1174 2124 876394459
809 643 560728462
1997 1636 333562285
2477 2667 476959643
1917 2667 96499765
458 507 90578833
896 93 361775246
298 593 467736936
653 2404 1533480
1362 2065 670905014
2098 171 259243737
2119 1034 983462562
1210 1539 771632482
2609 215 311207273
1511 269 73324123
2396 228 214321878
1681 1808 745105166
1717 228 849822270
2506 1885 193573593
1070 1969 384836094
64 272 896861332
784 1913 81104621
436 1769 685765933
1194 2313 564706048
678 2721 45820895
2814 2176 966055140
578 1855 164609902
1201 1229 33499106
2175 2472 45536463
1795 1539 213501453
2071 308 176087968
1603 487 812861107
1619 1469 392033181
2484 1034 341334574
316 215 582779401
822 993 560153070
1758 2269 643307702
1352 353 828789222
2529 171 171846294
2651 748 837203910
1630 2487 50119220
1781 157 501657360
2664 643 669257375
2582 1215 154860984
52 318 955732020
1074 1447 478965614
990 560 94708489
300 146 539729898
421 1983 745103430
2623 643 548772122
1169 1841 914517480
958 2590 245891232
1329 171 85846382
1751 1863 22013340
2047 1999 645094257
1218 820 46742788
1088 2665 959197745
1932 1065 299795098
675 2590 733423342
616 2523 968550932
2919 1215 73771225
1227 1831 102233286
2457 2475 625775102
1288 40 384420363
2769 866 725782333
1926 2665 871602537
2109 2665 563587135
712 139 448043148
1486 228 55011678
212 2665 317590110
837 2650 110377859
1482 1444 885715923
1507 487 93175506
1195 2319 40379746
369 2487 180759462
599 1841 326573367
1760 93 648629358
267 1382 468745202
2799 2472 153534742
946 1382 672815370
2861 308 580340504
2602 272 96625751
107 2516 965786087
43 2860 577981726
190 507 139813544
407 1287 765529460
2583 1382 155016546
187 2234 737893799
2426 1999 121284247
2197 2622 828913306
531 157 587850123
2522 2721 169455805
2416 2110 93443490
1371 2480 82216284
497 820 917367083
902 2313 225715961
1923 1563 136777374
1361 93 222088531
204 2480 250381263
615 2124 327182912
1722 2124 478118604
636 215 61255438
767 115 6724863
816 1469 974178753
1415 2516 970006806
1731 2523 402297865
295 1983 470982460
1525 1983 51542888
1839 1469 685321316
2449 1885 125423697
1463 2176 653586773
925 2523 288615915
278 2622 144713029
1368 2594 404091834
637 2665 456260027
2147 2475 748964638
1360 2883 360152703
859 1808 707641514
1255 272 101527254
846 487 989986971
2305 144 943928220
2866 1215 433491830
875 1156 276457590
1015 2313 973469051
581 40 742697564
1765 1863 104001995
1068 146 629077910
528 318 450848305
301 1983 323510239
1351 353 308257554
2302 1108 432827031
1012 1999 238902662
63 2065 837869153
2100 993 958043457
2829 2721 944212446
1796 1444 124792812
2316 2883 131710785
2202 2487 773378274
2300 2176 833686438
1629 1287 48575635
941 2105 523114641
969 2667 495736526
667 507 884258823
470 93 786354439
2210 1136 662899013
1944 1913 640535819
597 144 642401104
714 2274 158344507
1586 2296 231199738
750 269 777543095
2635 1831 873879797
21 1250 595542179
862 1769 180269425
207 1051 105340550
1107 272 199766062
225 1306 904300427
2846 993 604913604
2117 2475 798450189
2287 2383 828032156
1658 321 18090688
665 2665 186027659
461 1999 314032344
2708 425 901121814
1341 1444 613414341
918 2487 849015964
59 1382 6648814
1928 1406 800508105
1130 425 30236639
522 326 123347484
1741 171 653007474
1037 1841 731195679
1397 1108 491100340
2444 2174 512543773
1657 1108 881526656
2461 1108 869653927
1082 1287 260256874
330 2065 976413612
1678 1444 680732377
67 1444 930428054
1123 1306 572123800
1725 2451 110378231
684 269 26705125
1093 2665 757259524
2490 2296 149918157
2340 1831 61367425
1501 1034 948462248
2088 1287 460292936
2291 1969 808982265
2393 339 753292851
2332 339 913261753
2618 2174 109889318
2749 215 850277711
634 1250 626166338
2538 2171 644299015
230 2176 378297056
2267 115 436545002
2652 146 135791974
791 115 833104216
2130 2472 620170610
1443 1306 39771260
1763 1983 32642820
2409 318 593349990
44 1769 658889204
1290 1108 128820454
1860 2863 341943932
1063 2176 704895550
2228 2516 511351836
183 487 91382517
974 2523 109922071
1096 1065 477706238
2141 2234 153312697
1607 2650 282850229
544 215 545791484
227 1863 99701465
1784 2176 774033961
479 1841 82081733
1192 144 503120780
2104 1983 382125665
994 2110 805732353
320 593 229514698
2745 2105 935089147
2193 1306 104722933
1508 1769 114936107
2923 1636 313940553
2893 2883 207766677
1544 1786 983894570
632 2234 789064416
726 139 137267979
1072 1051 731006059
1432 1769 639913263
625 2174 984634480
2324 2633 677067144
1587 1287 852342576
166 2633 386386695
567 2176 162218963
495 2065 468741317
639 2475 821232049
2414 425 296978949
2094 2516 721890809
2390 2667 747963923
266 2863 428407055
2321 269 755383044
1654 1229 395277400
417 2472 626958268
1322 507 743711168
883 2012 551519827
2881 2313 541612983
2786 2012 136026328
1638 2065 417602231
1924 507 702989193
473 507 149206049
2180 2863 878479612
710 2860 61616415
392 1913 786898636
2111 1808 541266149
874 40 844842516
701 157 159678614
1740 1215 95999503
1275 1444 56163664
656 321 109711062
83 2065 417726577
2285 643 905749826
832 2622 969299053
658 2860 646122102
2550 1447 273184460
1937 1250 24620851
1263 115 496179825
2339 2124 522347269
2889 2274 428826440
1611 144 223922458
265 1215 123393186
1375 2174 342602209
390 318 563189727
1709 308 708102922
1240 1885 728999435
1318 2487 716269826
1402 93 698522569
586 2883 289587804
1411 2622 182864456
342 2853 842883329
121 1323 44232934
2101 1855 87017374
733 321 265354326
1148 171 752084795
1621 2594 326366054
285 2860 832430516
387 115 307504859
2888 1323 966113837
1833 1808 229809994
149 2296 230355812
1778 2622 876116968
2624 1913 117429126
22 1287 404539957
502 2665 150886207
885 2667 434625699
930 139 807255448
2288 1382 80788368
2334 2296 762846852
1695 1136 491212245
2052 2883 277578752
823 1051 261071306
294 1306 475821940
2791 1636 455232341
1698 1382 75442523
1115 756 626339242
1832 2863 992343757
1961 364 378797803
1225 144 109951299
1027 318 208950823
1712 503 992627403
70 215 416052467
1702 2383 885103335
1308 1563 424602625
1314 993 442009600
443 40 881090805
2372 503 901529610
1490 326 67251888
1674 2650 408953527
1069 1983 878868909
2304 2404 73137937
1775 2404 599792749
1310 1287 197095995
1647 1831 734521730
2223 272 264912543
86 308 122270512
293 40 481091940
1157 1444 465859506
174 2523 609855034
962 2475 779004840
2436 2451 910535075
2878 1215 59143438
1083 215 97785581
1891 1108 414401445
161 326 404608052
478 487 865340849
2273 993 42076654
1509 2404 34044356
2073 1250 34014673
1622 1287 18393461
2074 1363 710116496
2698 2594 582866051
2547 1406 439669638
484 2721 457128088
2684 1065 868849254
1014 1808 630846339
150 2633 748817509
2848 2174 737331921
2346 146 173838104
1164 318 33946161
2137 339 307249436
1682 560 930532707
1033 1382 291796258
412 2721 695788389
1746 593 554601520
2625 1065 81096726
1030 1250 326525503
1955 2383 57214906
158 2860 346596771
371 2863 977973541
427 269 226106706
2882 2721 26344533
1592 2475 441195551
1750 157 23546519
1190 2296 417339528
46 2472 767494271
474 1444 561126284
1334 1215 767448054
2783 748 130576984
766 2012 380614011
81 1469 679453816
2738 2594 280439458
1028 2234 914105997
2534 2171 175530020
1573 2475 499373410
1609 2487 481154544
2800 2269 938852754
810 2012 762124201
184 2860 685984692
671 2296 378690590
482 2622 574936995
485 2480 906751081
695 643 642529023
1146 228 253343311
1212 1885 710414259
901 1563 96992949
1797 339 482530249
897 2296 441340311
1010 2667 991605933
1817 487 968220418
613 1855 83906535
1147 820 812816083
787 269 988373641
49 2319 815154782
551 1999 607112560
368 2404 487319160
2719 1769 397652828
1134 1808 858018513
2823 2171 798880651
488 2451 939585979
2545 1863 295926236
8 146 124257963
927 1229 624023337
1077 1539 389398653
1271 2472 760982022
1383 1563 948865587
1859 2594 435984879
1736 2176 554126338
1242 321 392146415
9 560 951971437
1723 2622 171098651
1122 503 899061414
456 2176 894796871
122 1065 805165798
1578 2404 474926207
2857 2883 483907583
2179 1065 89110423
1075 748 78920122
1973 2110 372357580
1757 139 226861260
61 1363 897900588
1920 2124 319918855
1359 308 536127006
2811 2105 998533961
598 1447 812536583
2896 2650 534218900
2693 1786 309979488
745 1539 353367966
1951 1323 273072087
2298 2860 38402085
2307 272 756978002
1256 1156 12338274
1159 2472 307558442
2801 820 589014686
2058 339 974517583
1267 507 906386674
1173 1444 154218062
2508 1363 66011801
1468 2012 658573158
1577 318 77331754
2411 1108 319491375
1246 1983 868388862
1693 425 808659708
1032 353 288706695
916 1306 226070498
2548 339 605881730
1921 215 20329820
2299 1306 815949070
1616 2594 481021329
1901 2234 157637065
734 2883 545397432
1238 1841 352714610
1127 2594 381058196
2901 1563 837554600
2248 1211 474276650
1933 318 818678462
1580 2451 312562992
236 1306 969760657
2874 2234 143850909
1967 1999 212128444
1277 1287 686447009
2591 139 314919006
2837 364 356502489
252 2633 379508833
498 993 675826298
892 1999 599769366
764 1406 320953688
2641 1287 378139579
2116 2860 470921409
1747 2883 46292988
1650 1444 489497175
2020 1447 303205924
1213 993 493934331
937 1250 505193916
2732 2721 65637868
2904 339 699256471
1239 2863 427130927
325 1211 270129648
141 1808 906361363
1942 2667 738003812
1523 560 466864107
1254 272 525861906
2312 353 775406581
186 364 254651109
585 144 806440822
592 2012 48797964
1144 215 358347799
2191 2667 333288391
2798 2404 653047002
1604 2633 304600182
1191 2472 154909581
2136 2523 449693358
2212 1786 675683200
2642 1563 506242343
1253 1406 127096618
2659 364 198344941
2377 1156 896445247
2687 503 545243428
1644 2523 871185843
2218 1885 124212350
2146 2269 334412821
1601 93 443105037
1029 1156 426303883
2006 1636 493502644
518 326 157553828
700 1863 512956703
103 2863 30763944
2470 1863 261458092
284 2171 921120743
210 269 372166409
1623 272 881888523
2208 2633 404768000
2271 643 886807893
1870 2883 608075943
1189 1323 852496496
2084 321 1519439
1660 146 568512038
2761 560 320501428
110 2622 711650609
1774 2883 921158823
2782 1786 230084943
713 1065 258432707
2125 1156 76518923
79 1786 320160048
552 321 716298098
41 1051 789659042
776 487 149392703
114 2313 882841600
2389 272 234408311
2282 2174 161492162
532 1636 755394188
834 1808 160294027
1520 507 133064804
1779 2883 61758279
257 2622 436204909
818 2863 228211176
163 146 15680372
2713 756 664591977
1593 1382 693929878
2834 2594 58847108
2793 487 439277524
1413 1051 98751309
385 2860 488665591
1952 2622 401467061
1687 1969 155831307
521 2721 41342298
591 228 891471840
251 1786 120141838
1822 1108 748530234
1968 1306 571957591
338 321 125548938
510 1306 383199257
1297 2313 981100077
934 1831 209403417
1000 2487 208576081
1716 1051 214205284
433 1034 894569826
372 1855 42946447
1710 2590 875622196
819 1363 437849152
263 2124 407321401
2204 321 623939411
2588 2269 680026385
1883 2171 321470265
1305 115 710625003
1471 2012 853781354
1766 2176 713607163
838 1229 284464469
2093 171 936670331
641 269 805059124
2206 1563 755580677
1813 1444 686975582
2541 171 763698137
468 1034 603611726
920 2487 315070472
264 1885 306159689
2194 1363 38476360
691 1855 137410927
2705 139 100572616
1442 1831 812171087
1762 2475 87625353
467 1065 662606391
2277 1382 764198441
2467 2319 165290293
557 1229 411648201
2540 1786 691037083
1289 1969 268833316
1744 1786 344324572
982 1786 367411437
685 1211 85319879
2007 2665 518053664
741 1636 28597996
209 1444 160883543
1258 2650 460039152
758 1211 569750126
538 2472 923166220
395 171 627949695
732 1808 796911487
956 1539 650108161
1137 1363 6646590
992 2487 695415209
424 318 165475653
1517 40 122177545
842 1034 134728775
940 1306 513991498
1343 1769 208254384
1171 272 201776611
379 2451 375812484
216 1306 706262164
2385 2296 56889534
869 2863 649106
2741 2319 605433898
2845 2012 295554256
2567 2863 386579360
2908 144 25693379
704 2622 887339827
1495 2105 470485948
1403 171 811981742
1440 2296 122485007
2758 2269 633609251
2668 1885 859622615
945 2383 773373829
2868 2319 945405737
492 2633 999804606
1423 1215 284624919
2286 308 795571819
2360 1211 60328434
1724 593 412243061
116 2124 853951152
91 1863 143176136
566 2124 681079957
2349 756 626029352
1294 1983 307156002
1228 866 558488824
1347 756 752640055
812 2883 310228059
1059 2516 144403365
2456 2516 270219514
2678 2475 253672446
983 326 840013412
297 1211 268706133
1494 1287 578533559
2153 1969 248721753
2787 866 538677981
759 2523 598884009
628 1447 544770564
2459 1539 98131448
260 1156 347227876
296 1229 793482561
965 1983 182684959
1184 1108 223431934
725 1215 360094968
1888 1863 346459366
529 2065 256715019
2042 2665 155521069
2266 2171 348444957
2399 1786 935963
27 1808 16246329
145 2234 408048296
1451 2721 932774758
1890 2110 33834675
1188 1969 760167987
2871 2269 426799674
2354 308 563535160
1396 1444 296853299
2654 144 300666933
2911 2313 824869383
113 2472 295684106
430 993 633540536
2608 1841 760031697
402 1447 552280249
576 215 433113724
2574 2174 547096851
755 1287 12449179
2014 1065 104247548
1666 1406 344912616
2510 2475 176466733
1583 1983 871880938
126 2319 78086418
1125 2383 191963618
674 507 350679734
205 1841 743027029
1222 1786 438189922
2165 321 790559250
29 93 150412796
92 1051 223631819
344 2174 810171070
2519 1382 141306435
1845 1786 681551943
1898 425 11551369
1998 2296 671105918
886 756 731479695
549 157 270045286
2032 1885 718540634
24 2665 125309700
1610 2633 513123706
2126 560 604744623
1008 2174 776398304
2537 2860 652497021
1141 487 511337696
151 272 294520624
1972 272 115738482
1197 2269 964221945
195 139 607846523
242 2234 831735407
2315 2590 107596848
1576 560 40165453
1155 2590 805790676
792 40 775446171
2712 2274 117578937
2876 326 355596432
2401 2012 57111491
85 1769 441098646
1186 1051 474536260
2314 215 416835335
1226 1769 843544388
351 1469 747741463
534 2721 179021308
1481 2667 732780190
1589 487 683437192
2580 364 906425029
638 1885 776032173
2069 993 977806898
985 139 752335466
2076 308 374227988
1050 2650 27213509
2511 820 121230897
904 139 570505706
2351 1563 80224886
394 1769 649053271
117 2472 517956379
1484 1215 573731198
1737 1382 367455761
2378 318 907789133
471 2274 836054504
1465 1831 947285653
2515 2594 665833618
2008 1539 998550429
2768 1211 656707978
37 272 967497024
2336 115 440590148
1759 157 340359620
1038 1323 272362878
836 2313 509749593
2746 2622 136172281
2469 2516 601904084
1546 2721 35481263
845 228 614734486
2795 1841 361021421
2578 1841 797083041
419 1250 357976936
410 2176 686852805
1321 353 650008618
1665 353 308607605
16 1447 575154066
849 1786 54345113
1568 2234 357390
2229 1034 947839992
454 326 991436131
811 748 658062933
1286 318 419381502
1166 1211 819492634
1971 1229 457175776
536 1831 720532711
915 2313 804581882
224 2105 111469921
1233 748 863527216
197 866 129406090
1480 1969 876941161
664 1563 391691880
1548 171 802717814
2173 2472 345036866
464 2171 417429479
2417 2480 197448260
1101 1913 296909022
2533 2234 405577085
1810 353 77861573
483 318 75040663
1311 2480 793885768
1365 228 185512683
2138 2234 322612894
1560 1215 492956557
2395 215 683158594
789 1885 290986726
1977 2523 97548041
1504 425 136600670
2355 1136 427311132
177 1855 504492595
274 2105 477245991
648 115 817206524
275 1863 555201270
1776 507 39515279
2188 2105 334683223
1454 2012 327117086
1393 93 580682705
2140 1841 7281181
148 2110 533527631
1338 2174 156893890
972 2234 95622471
504 2590 925458834
2844 1136 127232585
1624 1382 536510047
1552 1363 122394061
2822 2667 657685638
1117 2319 543536047
13 2404 272460861
1370 2863 684599866
2909 1406 63568362
2085 2234 301254547
282 503 900987792
839 820 481233517
1605 2105 702694468
1433 2065 310830917
2439 364 318894636
2327 993 599610517
559 1136 6845533
1078 2105 800126470
1533 1211 128521693
2817 2171 105170493
446 1969 288984813
2485 318 587521227
2091 1855 838281216
2183 2296 969331496
2637 1051 95647458
356 2176 513302426
1703 1539 937656179
1488 2105 268659221
315 1885 38168573
2476 2667 862790459
2081 40 612668051
2600 2721 995724989
929 2296 949902398
437 144 816998677
717 2472 990871994
2663 1563 564047770
335 171 696104828
1515 820 244666315
2128 215 618411395
1608 1913 983363999
523 2313 180108895
2770 1447 117913764
2064 2171 18548866
1180 593 324369668
795 2296 476112267
2227 1786 57913349
256 993 563063781
2217 993 218647158
650 425 617756684
2815 643 729801413
1575 820 168072479
2735 1363 50747653
754 1215 829596518
2899 171 514638210
1970 1983 551688821
1325 866 164011092
2497 1885 534031844
1953 1913 635626068
2235 560 870154779
2335 1447 258299706
2242 2665 329502964
2196 1786 539831637
1683 171 498590882
14 272 103742985
2593 820 808173833
1528 1444 5524557
201 2383 606423034
2833 1287 902326296
976 1831 13509813
677 1287 998547366
1044 1306 150079461
1248 756 101810369
327 2853 3302476
2731 228 301182162
1985 2480 245884686
2557 228 532842037
1206 507 517704302
563 2860 505291822
2491 40 873174142
1045 2650 730792433
125 1808 788247781
118 2404 363736226
589 503 11242814
1689 1841 509049380
1537 2721 138347068
129 2012 129871913
2505 820 432328203
520 643 180839962
2408 1323 826924600
2441 2313 57705597
2571 1863 581240044
991 507 66877438
2499 503 448272836
2474 593 558598008
2792 1447 464543208
2330 593 843646969
951 2404 105333386
801 2665 246556569
1815 1444 173967736
1257 2174 414241005
1851 2594 995697057
279 2124 861054035
933 2110 338328157
2013 2274 695499971
843 2860 549577076
2024 2860 682421410
2263 157 145385207
2543 2176 104423694
1730 115 571841102
1128 1250 680640163
731 1306 763464564
1925 643 199585951
556 1363 18856272
2185 1841 66015981
2158 2174 23610768
910 2274 824850796
413 269 90055990
2121 866 838884424
840 2105 780340700
422 2633 865594354
1011 308 938057547
2297 1469 176478446
1124 146 11027156
30 2383 425209125
2004 2516 108545561
1340 1034 623645358
2884 593 269253056
1655 144 88099585
2831 2487 580962144
582 1469 592791046
1237 1065 792608622
1877 115 781813194
2051 2853 188468533
1326 318 124960712
1467 993 116674992
2326 2516 111525192
1369 40 356011079
630 144 787433954
2421 1469 275462064
2586 2274 648837691
233 1913 781569239
2220 1447 436965447
2061 425 488315240
1283 2650 956344971
693 2269 512742054
1959 1841 91609444
5 269 770887170
981 1999 491006446
1377 1306 47280919
1707 643 583353894
1167 2234 525224261
2308 1051 404287728
561 866 278065005
2566 2860 492643640
1268 2650 105035306
1889 2269 143010886
1110 1636 53064804
360 2863 719165575
800 1136 425518474
610 318 43340374
1530 1034 431884148
686 2124 167724798
2413 1983 675622081
2224 157 824514826
448 487 480249440
1574 1156 176594936
778 1065 108447341
1627 1323 319064610
1175 2404 101236407
1023 2174 475701272
2060 40 836285135
156 1156 387265028
1843 2451 716483777
2352 1034 126588871
2443 1323 544734876
1597 1563 212084534
1996 1363 449847471
2850 2650 59635928
2256 2590 217725024
290 756 854280267
2854 2523 546071933
2087 171 333014852
1701 1136 907509572
954 593 460983631
2576 2296 317133313
1324 643 963875514
1425 993 406685539
977 2650 977279127
34 171 864776929
782 364 550999932
1412 487 783566566
2118 2487 81411844
2428 2065 443896203
1464 2721 8675836
2711 1406 886096514
679 1808 934095160
2825 2110 636983000
506 2472 966906841
769 171 737677091
254 1382 479066907
33 2665 325313083
2917 2853 597986601
2448 1831 833903123
1585 2590 306632058
1738 353 174344332
11 1539 852477361
1697 321 652276295
2847 1855 172560034
1374 1913 555706778
323 425 66034205
259 93 67194222
2309 2472 805945167
2240 1065 693706326
2250 1539 610043992
1241 2176 385717940
312 272 245549738
1534 115 794882782
1732 593 389160466
306 487 16469945
231 2594 261318487
2154 1287 842192293
143 560 602389079
2631 2853 180733282
873 2665 546039784
1223 353 749568815
414 171 22579249
2233 146 309037634
2200 1863 511394523
2496 215 12908871
703 2171 651003387
517 2853 66786319
481 2274 286804834
673 1363 699933482
2167 1913 595287216
2247 2065 384287054
2655 2012 58752874
1943 2404 315367277
2482 1051 850355955
2673 1841 402316276
457 2665 400987676
1388 1382 865989714
1847 2863 369832977
1958 2516 347610459
2005 2721 15602235
2827 2105 325942971
1594 269 646155961
1104 321 645217650
2387 2383 820586281
612 2174 19953554
570 2590 798507686
2504 2274 949790602
564 2404 802153222
169 2622 157115017
1453 272 266075784
1419 2319 389349624
2184 2451 115952771
2683 144 440945045
1143 1786 171956010
1376 1983 828070395
2320 1863 111097536
2671 2105 142095518
2784 1108 494080713
2376 93 358474799
1017 748 161643222
2122 308 592885732
1749 2110 438796660
2435 2853 720643893
1426 593 75768335
1335 1323 97711152
2099 1306 677333246
1790 269 695405414
2023 425 172066924
737 1863 21482817
1990 2472 523518085
2762 2883 970929420
2780 2883 13133638
1086 820 165412496
1584 139 33832041
381 1287 828814912
2437 1211 34215524
283 2650 649079468
2748 993 87193060
352 1885 200253495
1435 228 208739823
42 1983 618965019
2892 272 69303231
136 820 707733194
1595 507 339990584
1109 272 772949407
2495 425 560293052
2751 2622 170530765
1853 171 526905364
2627 1406 563652112
796 2487 698803487
1667 2516 502790577
715 326 299018432
668 2176 866820505
2423 2313 110403990
501 1323 607251542
1285 353 513368075
2581 2472 50638729
2049 2633 523095953
2384 2860 640002362
912 2012 229274300
1298 2622 109218730
1089 1051 836337437
45 2065 409864559
1348 1469 562705165
550 487 744300216
2763 487 541921185
153 2665 6968452
736 1034 710799341
496 157 203535697
722 560 462337547
856 2296 764568791
1400 139 49813357
2066 643 633119321
2077 40 885316749
569 2274 990215956
438 2065 478393133
2254 1229 131926066
1858 321 462721257
1538 560 917168995
1553 1831 853870942
1556 1136 281864849
2718 1863 277593473
565 364 101638353
2400 364 471745544
2348 2480 7952078
401 2012 804070165
1357 2313 594366217
2108 1250 822088822
1158 2269 256670050
1483 339 239045931
2281 1444 933920275
2661 2383 26613258
1021 2665 891042079
2035 560 200082166
239 146 371839462
2579 1065 954010178
705 2594 632270574
1672 1841 423337190
2371 139 942881782
2221 1406 887867843
2690 2065 172225329
911 1323 948914549
1491 2523 723299826
1571 93 204848185
2700 364 709452680
772 40 519736976
587 2721 469520952
411 2853 468042941
2696 2274 185523723
435 1841 244219132
1895 1156 210294844
311 2105 481898001
152 1323 787424442
249 820 34179905
2692 139 865605256
509 139 486869275
2237 1156 903674917
683 146 139486438
1408 2594 448787446
1628 2594 584178703
1987 2633 716790387
1492 2475 711461832
720 748 429511818
785 2176 690760533
134 2065 710473007
1047 157 121525613
1844 2110 682624136
1354 1287 930275103
1336 1287 480218526
2394 272 911428694
2022 339 514353650
2238 2863 955248142
2328 2622 123758245
1327 2665 104213677
72 2319 302436097
32 339 543023846
2750 2523 818644791
894 157 564295200
719 748 756340565
1162 93 156586393
2744 993 524693583
2406 318 285148184
393 2590 458458669
618 353 103037043
1458 1250 448776773
1986 1211 253861511
1291 2012 221301744
334 1999 292566617
2807 560 636129399
2370 1306 775151129
2501 1983 724010762
1105 1841 95916129
698 820 343955267
1339 139 471725499
2584 1211 902719314
2262 272 67954219
1304 2234 209243816
1284 2176 300909685
2123 1382 176882486
175 1786 677385305
2898 1563 351513241
123 425 333530951
2525 560 226525826
218 93 106410772
987 2012 255498535
2725 2296 216507470
513 2863 583204754
243 1539 758015607
2386 2721 751673400
35 2633 387062578
1805 353 250536293
444 93 303683304
2514 1841 376753446
2161 139 975078947
1054 1969 595728978
2563 1250 527615545
1846 593 987796137
1460 2516 120099917
2714 1786 348325371
2512 215 918588068
2925 1636 128067022
217 1306 766176421
305 1306 496860045
2353 1136 352623088
2804 2860 539426919
2536 1108 609719925
1835 1034 750425599
2375 1229 434106690
88 2863 124260145
1780 215 249985766
1772 2124 837267223
2033 1469 49869225
1067 2274 968637314
1857 364 608339381
1427 1382 921903918
258 1382 587274885
2722 2863 140391898
893 171 161339157
2575 139 209948679
423 820 390133446
1949 2319 9469477
2016 2863 681859203
128 1382 577242245
1231 425 978596326
2040 866 438827692
871 93 240927697
989 2269 350829026
1555 2860 291821751
622 144 992543784
2781 1539 302746592
1550 115 957807558
773 353 141826138
477 1539 506133791
863 364 13160230
2734 93 954907981
310 215 966278935
2169 2622 912718107
543 2475 195869152
1161 1539 605355694
1234 1913 42917418
2347 2480 590324548
440 1287 821702577
2301 318 876008861
1646 1885 855483542
2323 2171 299275365
2373 364 736657164
1522 756 101080939
1785 1769 33400735
1422 425 488019114
1754 2480 808517567
579 2110 39140649
1261 228 994849694
429 1786 269688920
1777 2516 218890573
898 269 258066688
2466 353 68355793
858 339 18573584
2629 1323 36251114
1392 2124 455403030
2902 1885 575694657
2920 1108 357013809
1861 1885 552094451
631 1382 205394930
1187 2622 495133010
1915 2665 212871315
1198 487 43546265
1409 1034 893307920
2843 1983 418454916
119 425 815603406
1975 2451 685366521
729 269 378339017
2907 353 893118383
2343 2404 223760864
2050 1211 406474943
2056 215 216721309
577 1444 759333955
1900 2269 338761358
270 2269 584365858
1821 2274 944261556
1854 1323 565803613
1801 308 232155387
1431 1563 703914639
1788 993 524843956
1135 2274 124679082
428 1969 463413612
1140 215 802120593
1696 2633 709434227
753 93 703313565
1981 1539 99135012
1868 1983 367631586
2754 1539 530549019
238 2065 417824646
651 364 965015609
2203 2110 383481804
2019 1863 209091791
431 364 171576296
2292 2516 526356384
1193 1539 304631826
1243 1539 337765905
2284 2012 27128483
2724 1885 303995685
1878 2171 229102695
486 425 295870192
1204 2472 712229732
60 993 70117403
94 2451 914507703
826 318 322111789
770 321 731194719
2420 269 919366046
1328 2174 976361052
640 2319 566292893
1260 1287 524348241
173 1051 887810127
191 1406 133824303
2685 40 479909693
690 2633 980875810
80 507 744825183
1312 1841 301820671
963 2105 896146510
1875 1229 249685154
2802 2523 972416864
1824 115 90559008
1424 2012 493339438
2241 866 975446313
1052 326 719928738
2517 2475 595195492
1783 2171 582124215
1982 2650 831477866
2317 560 350385472
655 756 968521146
652 2883 207301500
1281 2633 468248108
968 1382 744915696
358 139 26211119
47 1913 986945677
2102 1999 110975670
2151 1999 273493533
1183 2174 671912637
2425 425 387502430
1706 756 24745011
303 820 610423868
196 1636 81094845
2463 2174 870155661
1918 1250 125891852
711 157 603461000
1974 503 30079367
2599 1999 651359292
1651 326 176915408
2766 2853 172008938
2259 1885 687676696
1209 2234 919766630
71 2319 644738684
1434 507 176208252
463 1229 635204681
211 2622 288545863
1588 2633 713347955
607 144 112983645
2236 2622 773576106
1459 1108 306797143
2246 2110 113418665
932 1444 128123184
336 1969 683940114
1632 820 413649969
17 1769 633352700
1984 339 171891589
959 487 2561063
2244 171 310380619
2365 2487 987054965
2159 144 274777433
1 2523 588280417
1743 2863 3603058
2828 2665 833536123
1686 1969 614609952
302 1885 420619182
18 228 315537267
889 1363 671130741
1602 1913 685855495
420 1786 638839879
888 364 708026268
602 1885 210328811
2178 1229 534972350
1337 1065 688921549
403 1999 552251820
1053 2174 639448878
1384 643 526773532
1896 272 531453661
2168 1808 997883104
623 2516 372543216
2727 1447 642274940
917 2487 987890073
813 2065 99612131
490 1406 109483191
1791 507 743686675
343 2853 775765481
1809 2451 159295130
1734 2487 119438080
1401 1136 524024867
1911 1831 40621025
2268 215 414955536
1919 2622 652521859
2222 2176 503256664
827 1108 798422828
1513 2296 311059314
1642 2480 650441965
2820 487 673997933
2276 40 642702622
1349 1051 331259463
400 2665 651748747
2626 756 931284489
2589 318 593053579
692 2110 919637486
1807 2296 228472496
2788 593 916662268
730 2174 335184936
2778 507 62654926
1116 308 994372675
709 2234 22715230
545 1913 40038135
399 1539 812674054
1960 2313 38369329
1208 756 756567847
189 1636 673476244
574 503 139850172
2568 2883 950068101
2640 1863 941043868
2702 2883 869113846
2910 157 655929272
2704 2124 986367672
1391 171 527416292
53 144 322857255
1753 593 757243330
472 1306 665599114
960 1306 184160986
106 643 424589700
609 1855 610245049
2870 507 98401770
340 1913 957286695
2086 1808 823179120
2460 560 302449881
460 1250 553426474
347 2269 50297201
2816 1855 12524682
860 1786 704323291
1852 308 459776529
1748 146 735032364
2549 756 100807811
998 1444 2121128
1448 643 959798099
108 1108 21011321
2897 272 630035407
500 560 392075239
1176 748 953678344
1892 2633 55511766
1535 1406 895996038
350 2594 916579817
2921 2234 510753937
984 1969 25008351
2063 2110 747288093
2841 2404 915712032
660 269 176832879
2172 1447 252256181
900 1065 127219886
2502 2853 328041662
2219 1323 859971970
380 115 456086209
362 2853 308634461
2450 1539 540433043
1512 2853 294746170
2359 487 538312678
2604 157 846444390
626 1563 32956611
891 425 643647374
133 1863 239724861
1214 1999 533122385
1714 1406 437060068
1112 2269 662038751
96 2622 738775616
2046 1885 720445575
739 1306 163241448
1679 1636 999751788
1819 1983 542461773
2412 2863 88241469
1039 487 557247167
851 353 654500521
2916 93 115315287
235 2523 90930505
90 2174 995235283
142 2590 55386728
1145 115 110184238
861 2110 330654808
19 1469 557176477
1899 2721 754361977
2182 2234 166666164
1356 364 462945880
852 321 46835379
953 507 77407524
333 993 820198164
1332 228 751853016
830 2174 74725907
2674 2383 143599699
738 2269 443389671
1547 487 61531667
1005 1287 707110034
794 2590 580400192
2528 2472 877571082
1820 272 698563653
1930 2176 81018891
1992 1034 436856309
349 2883 607554344
2150 321 434813579
2680 2667 214270708
568 339 961136879
2513 1065 711430921
1613 40 994285782
2407 2110 310654266
2730 1447 652270631
1282 269 219211205
1834 2883 261651204
168 2296 603982833
997 326 683210108
1840 2863 530468840
1064 748 791076858
539 1034 944286689
1220 2650 907960209
1811 139 745776884
879 171 2357526
1826 2383 553056595
938 269 128749450
2144 353 390934430
1113 146 352263679
1317 1831 106381210
2832 2269 816773456
2556 487 45675095
749 2296 359214276
1276 993 293706960
515 1769 86455227
2152 1841 998510380
155 144 126179662
1437 1065 431096585
2143 1539 584002222
1864 2124 666832721
1773 425 505313245
2560 2472 766087740
1478 272 69036126
663 507 366021556
178 2665 364175788
716 2475 824696651
192 1563 276699038
1677 560 510751689
2672 1863 368837497
361 308 573155135
580 2404 300614852
1049 2590 886772708
931 2523 607577604
476 2176 192436899
2695 2475 738088581
1729 1287 960710244
511 1156 810090041
2015 1855 654247238
2289 1831 384666949
499 272 741321381
131 2590 683195211
939 2863 880151005
2717 1885 170693753
1386 593 274840530
1496 2475 350090935
1618 1863 915053706
1739 1156 542264006
2190 321 57080763
2465 272 142997905
36 1808 810188189
203 1841 298857486
547 748 738530977
2230 215 72071503
2253 2451 167688502
2677 2480 576904867
672 318 358699937
1564 269 552665787
2852 560 531313465
666 593 533376827
835 1769 482877698
2225 1999 475309058
2728 2176 504708210
2325 1406 858171210
1087 1034 309788076
382 2622 16475095
453 1406 150532370
1770 1136 200483129
2009 269 205412611
2877 1636 49797126
2615 1769 642166204
2561 339 310583049
1200 1363 554606078
2706 1215 893752082
2232 1034 883047643
555 2665 663774543
608 318 698244508
923 643 779310989
240 1034 550027360
2059 321 26703051
1179 1808 760865738
1043 1215 369973047
2438 339 445052338
1372 2594 88200667
82 1382 284683319
319 1863 329224911
261 364 595781697
208 2863 657824508
2381 1469 49604005
2867 1211 924029059
159 1323 954505237
718 2480 337481613
1572 1156 429689564
2486 1786 871695986
2038 1563 426245931
590 1444 409087463
554 364 185705209
404 866 930709860
1668 2721 136417
2821 2523 716081142
102 318 91344932
1462 866 296662905
2789 1808 13004242
2290 171 651837043
803 2383 913462256
2096 364 575805642
1472 157 627505877
1798 503 187581788
1475 2124 152324345
1728 2622 75379396
2862 2883 904830369
2027 1287 901802998
936 228 963850650
200 2860 673548815
1617 318 688930341
1637 2650 375032975
2003 144 49417301
2082 2065 298508609
2607 2012 31260966
957 1215 375988457
1685 228 905943590
1804 115 762795369
2587 93 19406593
1631 364 333209259
681 1913 102036332
441 2667 441589061
1800 2451 864809534
777 1885 916877228
87 2516 193152044
408 2860 997058133
635 308 566176186
2856 2523 146201095
1410 144 342977493
1245 2319 445846995
2676 2313 435731295
1009 2650 413941962
2367 326 748756157
2819 2650 131294583
2606 1563 879051225
1390 308 293738029
154 2110 307368485
948 2404 715989579
447 93 134671921
276 2523 128452418
1439 1808 890302579
829 993 412362035
508 2650 138811174
286 2110 685402850
1648 2472 42684681
494 1156 415837765
2231 1136 679966535
1280 593 96481362
65 2176 950862110
167 157 914881333
2666 2475 311329362
2689 1563 85614784
1395 1156 151424712
847 2176 142316220
69 2383 89398530
2418 40 117188917
1091 2269 69290570
1720 93 362104188
2080 157 143157158
97 2622 73889083
747 364 184367741
868 2487 433857219
1230 2665 163873990
1499 2313 307802015
2849 1382 188623190
1060 560 4837462
73 326 724761876
1380 2313 1535620
1131 1769 529356749
943 1136 710568820
367 157 130167512
1079 1885 734186865
1656 756 427736707
2338 866 120350430
2858 2171 899024473
2157 1211 335271843
2368 144 827827517
1823 1363 710232491
449 1108 479839053
1962 866 756318848
2542 1215 371091589
2531 507 293379872
629 425 882288411
1536 2012 203881617
1470 2313 963824757
1154 157 159809328
1806 507 426428187
1002 1863 839617483
1497 2105 744858164
124 1855 825228931
1178 1539 884390449
808 1913 304546360
1457 1363 987977348
1727 1885 217635201
2498 2860 888378215
2900 1051 907220987
1752 748 237063354
1529 2171 191498756
1880 2594 400018169
2742 593 40229710
374 1156 725273395
2613 756 805372642
2379 1786 809282088
1185 2633 304270143
903 1382 425998989
1848 2665 448138862
2808 2516 958791225
2895 503 741592354
1645 2622 627446441
922 2110 771842281
996 1885 153914475
2493 2124 634117118
828 2516 863615620
771 1363 307403226
605 1469 264099730
291 2105 429036689
1874 866 479838200
2558 1444 90109695
1476 318 463105314
1138 1250 928404641
1527 2667 57924448
2526 40 276169833
1493 1065 301943449
2611 272 757895696
1302 2313 956146328
2186 2622 211215383
1313 866 731376350
2701 93 107198399
727 1065 259157737
815 1250 642821830
1379 215 898763712
1177 2105 117911886
2767 228 295836179
248 2860 176747126
562 1855 12720427
1966 157 167410975
833 318 127351788
2785 1363 82274243
112 2480 46307858
246 146 145157760
2686 2451 524203868
516 1447 186412332
2068 353 4011864
1964 339 976105167
329 820 117386614
744 1539 206013950
1566 1287 784084408
535 2667 122838361
558 1469 872475543
854 1211 252116177
944 157 256997066
120 2590 617959118
807 1229 890582379
2070 139 138715543
219 2853 421546388
99 866 976651372
1066 1563 729143153
2342 507 161725052
391 1885 785960694
127 364 63199720
292 2523 172711676
2115 2860 431305495
2918 507 777060762
1366 2234 527654850
783 503 45260870
1203 157 600166207
2419 2472 171886577
964 1831 209067523
907 2590 147778861
377 115 159886873
2226 1447 800764329
2446 308 721865937
2596 756 727596920
1417 2383 88700690
2026 1108 714238396
1567 2622 731580101
55 748 660697278
1606 2110 48494332
2681 643 875237678
799 1786 218837431
1202 487 271207009
1516 139 329649507
307 353 365648431
271 756 961359291
2445 2883 80794838
2243 2472 107792648
170 2472 372913761
687 1863 872829085
1102 2110 29720541
530 2274 711069407
2634 2633 316324112
2803 308 124928853
2835 1306 624603917
229 2065 289126474
2164 1215 46633800
1882 2487 438232992
588 1444 78950199
1355 2665 29653343
2036 2650 714077131
84 2110 872962490
2824 1636 474216722
1893 144 990253521
1168 228 184716395
2162 1211 994036114
281 364 262599547
56 171 531475542
1061 2451 874150787
354 993 248506032
2710 820 799829672
2264 2472 680215303
2148 144 395451984
2771 1108 567845525
1139 1885 974821515
2773 308 149221300
537820 448326 143896 659461 282069 280681 126910 300398 187181 704814452 520548 316957 403158 174106 726247 944996 978662 768256 69514 282642 964049 775712 349155 477332 591143 896742 206949 269547 415137 83558 47069 352466 563773 737632 980849 47193 251561 684302 648979 905510 260320 147616 79383 866850 88389 83084 637822 301648 825376 446599 767298 822722 989646 763682 752535 540874 74049 802442 482063 628553 259688 42907 956651 658545 441758 884772 746534 535872 359063 974586 909885 414960 138921144 830375 430630 312555 131270 67618 837603725 170311 988885 108853906 982350 15028 711702 427054 485453 467081 76783 852195 945994 888625 25622 429348 832393 388701 414512 935517715 749086 279221 69798 303048 471041 643086 187755 765241 611799 280333 482994 886320 110641 789622 122117 235814 896725 332840 754203 723814 641532 231570 291840 938244 759567 211269757 778557 41468 417569 283627 628331 153294894 56455656 678261 551013 526768 871053 84262 97983 550227 992587 881285 266122150 152481 611404 649319 681461 511970 295708 332718 115641740 296513 29083 800055 285742 549138 640692 759824 450517 401592 228667 240194 956127 949551 416474 748796 517511 887901 525221 727683 833337 450054 834525 230148 476195 871342 105778 786305 109641 817907503 146329 41483 997390 188333 856661473 45619 85765 876426 590728 17271 864838 393233 641191 501008 60845578 489247 170492959 726679 918835 422705 68065 521942 767246 549330 449979 969287 105482 17443 598571 587039 949721 982454 356224 961261 843908 139066 418511 646250 795921 343357 664909 874165 484781 964467 42285 147860 975136 383524 116536 697519 17054 899247 558357 762924 236755 3971602 823204 704024 667488 588622510 843547 687700 520643 379528 320185 197464 469059 141345 76827 102438 865165 106996 590904 282691 785458 485700 163378 77516 433109 63230 157776 759212 570289 925828 190404 204321 972820705 586044 727803 968965 695032 884743 713610 136790 661318 466820 780290 924664 671874 809683 262304 468542110 164749 691119 585442798 26509 873669 536448 296256 593564 774710 240177 962193 954116 829138 722040 632718 523460 843440 707149 383864 178338 268260 685708 70552 906700 749400 367699 137452 44982 918099 970699 487640 962599 805900 681194 120764470 667485 489570 499524 75295 214174 964941 568978 174543 848843414 694302 496354 255961 518409 17291 394991 621995 867092 214644 800941 94599 499690 757961 667920 891769 962587302 856462 363159 992829 396354 130887 30281 569879 487688035 230433 332383 36822 38516 949287 49023 604919 186573 743710 51376 813625 576121 811967 200010 824225 979525 423403 97525285 552152 402714 643499 506325 114500 238058417 844077 457199 907405 620282 139134 644982 51269 546787545 963918 88541 984527 198392 602699 244627 22391 610369 549371 960638 667761 568203 58198 132101 891132 747905 618187 7924 873511 696391675 307316193 387686 825228 695940 972302 742955 418724 405733 755120 964598 409145 859843085 312546 398434 749438 234238 57278 83045 555036 486505 828076 709541 731567 453132 16767 200938 136792 207086 705810 929251 315782534 419264 885066587 530921 177020 23805 652708 946872 838896375 255771 162088 73814 707143 177064 645498 973545148 741051 796468 165624 142240 908984 35332 700790 978083 148894496 620132 718346758 237227982 665144 189161489 157386 548245 727474 330698 420796 994927 857954 33901 936014 857743 194244 824038 614010 168541 334424353 240348 955370260 587854 631109237 982251 573906 970874 38217 457444 181077 782179488 273827 805489 651499 708560 866493 179260 836196 222094598 487836 46605 187935 602311 951748 633701 652326 349494 949249 493693 943033057 76053 405131 696906 834908 523487 581651 365657 16722 253558 997754 989647 17957 801291 786558 80773 958031 866282 588015 904805 668988 950974276 824399138 553504 468779 817995 891672 376284 710886 533000147 719466 622178 298931 447955 578797 802413 979644 226727 263591 240155 117627 633699 115435 102651 558443 390461 399713 38678075 486726 533158 139000067 967999 945911 791139 507107 895196 259022 563622 338168 744455 597864508 827731 977545 766115 661329 131971 379493 739044 144393559 466577 851557 864337 311641285 967394 943921 889176 661174 417191256 470710035 160881 978929 797729 498416013 202574 739754 346085 80950489 207764 278389 185156 117114335 525202 165407349 57529 943325 547360 175983 910552 226113 731545 10731 683634 730843 541783 212323 722297 289695 296728391 360066 165101 585131 838586 324806 693579 538026 738110 263455 907204368 93989 522694 224173 920314 253935 822363865 552402 938931 963371 488743 915083 686901 295786 13386 805892 719554 683254 992697 148946 827907 123513 785248 561123 142346 794658 336292 487985 566591 764912 776176 847821485 149091 680232 21596 898638 528883 358161 439209 545918 978285 657706 860916 399614 688903 593183 290916 244850 453426 21297072 664417 205979 409037 162034 826907 877156 80928 898856 443582 160802566 945370 278648 685594 493646 7015 716756 969811 413006 635930 667939 603577 82954835 759536 787933 432333 839083 907194 77995 131734986 786550 941809 796343 498834 497970 532192 137903482 52874 960432 961840 969163 611660 966157 195695 411490 782099 972287 476554 523536 988082 615650 259757 550962561 202894 564583 273017 970961 629387 473842 255542 630247 705548 359987430 316153 100854709 639027 385380 925847 576621 738955 450245 598323 28398 392165 570579 306681 41738 672625 889412 700506 810566 318584 959969 245338 811106 67507 406301 530872 804098 492866 804695 196466 70837 754044 357493 605201 821501 985255 63796 545186 314903 839648 362425 945072 72890 660575 178215 748170 877456 55029 493749 626289 272038 314377 280914 423546 775568 503776 929253701 765304 393711 97204 410949 685097 632790 496917 604358 818619 970777 242168 734350 793725 575360 852212 971927 340108 590394 467886 572218 973557656 360449 93978 724250 998626 150424 739719 177387 847259237 106779 415566 820665 570847 617196 535848 21953 653206 560611 587556 794460430 272974 192150 79741 152945 862628 185643 203134 919016 238209 602585 70849 601219 9182256 620703 874623 670454 606978 580455 390017 597952603 798510 524376 88671 614297 166786 384123 32232432 730973 7862 674047 478270 234112 475855 858555 936374 398240 901423 948362 668318766 220295 68846 73761 30683 546689 286241 903405 879520 361844 264338 257826 291553 809648 739982 526076 43036 687698 717563 890845007 689409 470079 281270 691920 730458 646997 807975 337013171 614016 716495 24572 388031 357730 698611 344720 449209 879875 743546 800561 799611450 782061 63846 194857 241673 697424 767038 150277 875957 632687 984913 365466 343526077 494439 558733 542165 367395 431594 59906 289351 580838 168573110 260594 404279 931916 135519 703449933 601936 319208 516411466 675684 631965 26313 396446 974242 572189 678374 984640 493004 288632045 876006 825798 773255 821501 15951 71154 283300 320707 507806 566390 115908 453615 836437 486334 243543 529124 507540 367318 855940 673407 526715 546924229 961981 400292 486363 126782 807742 83346 143498951 120382 957643 687775361 337968 346373 228354 825585 190932 352799 939610 876291 573926011 596580 786019 948893 641889 630336 889469 308421 363551 325519 163244 689048 171740 101689082 434817 370157 64587 244272 990009 177652 121587 470805 784856 71643 629656 807726 19115 27072179 777688 203371 397696 549382 343672 156280 899284 311797 997271 607588 884882 52856 782199 505080 513156 865790 687016 680309308 673310 388516 34131240 337801 349004 862610 696956 764718 472083 901805 904814 345782 679504 697677 688442 70519064 884106 458864 910675194 442150 543437613 970049 549091 617303 679511 953555 354948 48407 61039 601285 649653 398935 816392 455704 971238 815279 604802 177586 826286 447032 701367 298264 865877 989739 677941 509434 878729 607614 153530 110249 521380 935370 753802 704172 818833 856202 425768222 43864 146322 721820 538577 310565 892318 51683 981546 905385 87446 446277 771949 733535 765099 130402 780464 294300785 226034 759999 217107 337266 190689 926977 556723 697230 967053 264497 686611890 70878 470119388 807534 449614 889428 902271 577208 871912 490175960 16106 676589 683610 82679687 571975 967653 38258 640993 850610 812391 422336 408863 316794 376195 59452 270892 6503 806934 862025 910562 938301 164045 153522 319895 377364 46739 888096 890403 841743 13948 921279 530741162 12476 597843 735888 22660 708545 529005 329833 648016 211659 381073 783054 860290 265490 569405 284456 683556 755982 63396 645544 95534 965341 378057 207672799 177669 720016 575233 155191851 396835 510424 853520 971103 444694697 324314 149028 821761 194098 407897 302846 428868 871908 666616435 15554 425803217 493575 364559 273218 807092 519737 579430 250001 628264 429632 689324 21275 511455 131010 720101 989732 280956 211516 177656881 280299 583194 582147 356006 592523 523422003 576931 176379 398493 928231 297959 504132 401194 963391 665768 573428 959720 603529 254278 74968 144263 108150 262477 690914 895586 607133 742518 674157034 205755 670067 115011 248554 209083 209611 849836 195665 497123 119283 59420 74708 194137 235420 758328 544336 26127 940015 716171 280104 872334 264047 901895 240604 789994447 91512 785070 346488 252225 607982 97775170 133956 883318 232154 700646 534379 731600 472582 202713 578991 64956 897180 149550 984648 164340 232154 741246662 247351662 398430 564127 588623911 569026 253346 455723 18765 346417 317033 371212 868339 235859 591169 66160 199191600 495246995 757877 871853 31172 30458 967512 389860 445898 40105 789195 226940 726739 413716 804763 878662 536257 898290 869571 878762 875764 943415 216376 623424 798575 659784 552547 600610 910838 396422 998094 59453 757744 483021 707664 704221 917156433 765152 144116 285388 849198 314553 932879 590423 627378 65330 99860 88788 969292 984114 24348 725332 991147 720564 377492 405675 260305 666170 176602 232839 778834 203240 996206 924776 506216 747062 150810 529558 42323510 42720 767310 856857 174276 100164 33584 248174 227526 322772 353063 102505 882833497 55133 145754688 536816927 566925 836086 861970 950487 920799 996829 790981 586242 188218 839024 989777 476542 748354 901741 596123 741943 194052 846321540 315905 256413 370657 221090 670018 918358948 457762 949351 83533959 498454 550453 687414 392347 859025 168755 729290 154716 294254 9360 442408 398372 75639 374130 565081 956674 450565 820584 145924509 279793 573956 484577 566438 134200 495053 8455 584328 256530 896104 135224 14713 705507 730021891 630531 329639 795393 696717 427745 136511777 796267 458811 382686 592087 871403 837606 328503 274642 803685 185213 659134 78801 927806 375569 864716 118345 642493 201681 519848974 812320430 179582 69345 416135 756537 768588 503821809 341937723 820796 911449 79007 626125 695924 799641 863493 839789 423856 279600 250085 43620050 9702 874689543 232399 341613 966815 973062 988594 22758 107761 120905 706057 869189 267977 3193 912380 44159 983062 684002 166201 776900 426248441 490774 238093 555029 962892 294040 552184 809092 91694 353271 801350 832338 113898624 888315787 859308 859460 601283 155337 730349 239600 630883 465391093 107134 740440 120720 489151 494399 927338 819080 281869 289588 987972 543698928 379328 468589 187995 63087 645569 422971 953997 206792519 844601 136914 107557 735388 652369 595798 537268 501988 5931 267514 190157 818957 660661 62367 952001 232330 357714 409106 613535 570264900 808956 5111 404990 299612 723646 906965 267361648 805894 867396 850912 682820672 296088876 952518 310458 28054 521420649 755519 805741 703956 658541 691123 467700 224077 222389 321894 667604 167273 644352 541751 910662 683775 667161 291732 759718 783038409 467055 561340 972316 481089247 841035 622581 380445 252958 809420 846323 886892 927552 38816 805007 77019594 186129 604207 573771 448671 508929 476720 947422 528190 863166 735396 767764 618833 439314 854187 886640 461903 863806 291977 116532902 751797 949804 494555 383272 494292 921790 140846 132245 538188 555682402 579348 520957 231258 770817 601285 228605 903696 614479 514045 146949 622412 682599 469444 654084 243785 99790264 563912 444612 505703615 744753 24045 311839 652785 610405 408815 148800 874805 296968 891941 71211 226227 578843 722408 505141 483475 280007 524516 489242 186399 70347 278002 886384361 321581 190517 731460 386065748 973529 858930 227605 218245 447168 432355 7156 188658 93401 539134 418292 87004 399791 615080421 665369 465744 132293 887721 123122 668098 885340 167148 95165 253249 225730 421169 532405 920856 322631 807334 525394 632620 490226063 316920 863073 794490 918290 13888 691418 123201 424881 615740 847726 617741 138206 677307 968581 241518 505981 663342 504664 618532805 462884 496582 396174 80399345 847638 947492089 354425 401709 670084 880068 618420 443472 226903 672990 784185663 949365 410998464 18292 497968 961787 457758 858510296 160833 469163429 731337 191868 561476 243039 851174 547497 536014 639240036 589496 438429 731114 662280 514219 146546 507560 102742 775016 166961 269621 75558 630005 692924 749815 785842 234725 11850 116272966 799071 71281 669234 856653 404090 902048 529608 763771 667728 254473 967142 484697 278448834 284090 429945 927419028 846091 553076 609639339 910976 526862 489010727 353464 103685 830727 440493 292334 342795 793413 492451 547700 499075 788209 783222 856456 49106 250978 625654503 533682 290505 452279 530689 725792 327362 525951892 953259 485698 543178 753756 880348 777092 800448 473681 688755 539607 217322 384109 644606 296021 552529 865991 306714 88642 712040084 836089 259775 385015 876972 799958 868537 24685 817053 402851 318377 614441 958864 806086 786205 796682 892099 65706 904184 260042 750166 331133 604538 962522612 250835 847994 620849 284396 994640 517827 668026 531585 301613 699059002 102948 88812 413266 451575 808740 599398 74035 613568 556487 852724 191812953 715797 654767 405654 199028591 534621 834223306 867488 910940 556820 135828 262154 668856 711258 735601 165627 276620 544648 298077 112582 177194 241308 491945 894910 882795 800721 444636 374956 839506 371994 853609 370536 206526 529939 209050 468650 309253 182763 729115 23031 385062 40757 815802 421765 902836 609553 95314 114358 389463 739902 225789050 705797 27056 768993 953210 951265 437655 469733 921488 915430 739877 991186 409302 599338 191393 725820 941984 681301916 495382 57961 939394 129598 138353363 48243 310633 964606 81700 981286 211751 494914 300673 228251 457045 719703 171802145 816517003 869341 740810173 729126 137021 672918 787154 301610 193863 33750 209541 598568427 985402 605718 937257 133775 338509 8350 288010 261793 510609 304442 857196 540921 56356997 117319 968820 604775 811667 479584054 451809 789231 604707 109191 373063 157758 476489096 352358 929717 814383 826167 858331 939533 625538 671700 255306 365785 613098 490866614 52832 757932 358490 985631 555210 629553 305473 539796 437520 876872 828257 126176 628599 406831 891502 980508 258448 774690 9983 248205 699257 998437 375463237 360021 982947 951518 346034 588563434 895847 425952 29010 866541 963869285 119208 542049 52301 917406 548532916 141330740 531213 639256 917886 106812 559210 133405 81335 752384 775957 387082 267631 448688 275737 122705 303134 144673 889839 785402 865608 759618 403989 575365 874466238 458342 709708 903946015 159204 449684 3418 936364 216342975 963773 26248 72627 816936 935033 164188 252246 304272978 494945 893522 486847 800341 369972 354621 675562 719368 371191630 400949283 25969 345812 935556122 646102 576165 119250 431446 822844 67062387 654709 854042 10608 310724 320022 165830 459100 866149180 670006 793025 779555 137134 776280 361754 160981 527033 431706 292428 894737 106477 44317 61984 474364 709331 173574 932507580 131239 313572 110704720 775865 352437 558032 56033 867078 540327 483120 133373311 925481884 294720255 227497 745831 390183 430369 407557 435615 785037 972205 201851 921115 295352 740858 692000 758471 492794435 901737 39994 395147 903041 33157 61823 652478 768557 566090 810338 271240 631492 222325 918177 471028 573861 221693 714496 361366 397850 130540 23392 602135 593019 563558 237000 765392 987706 71303 893110 744416 433681 129918 249472 698009 551235 72517 214896 590828 572279 620639 136742 25408 243718 151456 982891 649155 103806 389586 372497 15626 529118 210128 891445 565638 668687 426482 269943 922159581 206996 170090 417543 306652884 709711 59936 44526 908091 654338 115253 459006 648112 359723 310400 145388 40299996 269442 751069 595787 492671 629868926 546867 188557 778749 13668 20227 54992 457243 299983 619730 641949 459072 56564 302383 765235527 105571 337957 828136 132694 263689 572503 888099 598269634 198612 873913 243191 132833 107737026 741816 569370439 86894 96709 278173 522165 369744 25476528 987914 21139 547192 902724 164677 906720632 143650 70143 99831 903598 35579 526976 714903 746831 962522 535297 593242 86443 979638867 613995 162032 969441 596892 713200 463219 905920 687954 565285 763663 831761 410407 940648 585355 181653 572410 833465 533685 331882733 35920301 902599 914533 324029 851438 584912 528322 350653 462296 528640 642300 856591187 242499895 607712 868480 654574973 138879 33360 70210 214641 516811 636352 100302696 762656 108371 119129 656943 915788 236984 434803 736395 900344214 831916 913468 793689 819688 152221 355925 784300 320695 182540 276326 353780 905487 171669 416864 555080 906836 77511 243416 842810 218175 93089 465536 213501 176496 203826 515309 644799 579526 576261 76858 128220 820388 652177 877200 341832 381386 890603 518846 737744 787792 387020 225457 389581 77929 298767 804004 737546 658962 941551 187713 659849 24726 990252 4984 833834 4042 108909 510184 278877 413941 290399 134687 272074 93337 553471 504402 582660 452282 72994 122494 691727 894785 691457 72148 487464 507285 321361 521101 308515 580856 505993 198078 141525 185110 717337 707184 592541 418442939 481533 60119 560015 68673 419164 359859 490417 304706 980488 164589 904222 122916 610955 900541 265129 754153204 740442 16229 78230 860400 63312 461625051 723366 115543 205742 947300 273754 305110 39061 971790 727015 733457 802755 684746 931753 81137 866315 198957 63740046 828530 777831 62584 706778815 161911 25497 903477 905966 425935 500988 213865 728563 690373 696585 236725 123737 999631 963629 982691 61168 974267 753817 907814 893751 574909 912180 48689 961415 46754 862075 414364 786073 112199 330346 897703 682250 116817 870925 244246 703826 641211 404442 785408 261717 614567 900891 335326 548994 696869 814054272 731624 612041 736561 615560 563727 4412 888140 634614 790978 696741 396366 53685 607864 65783 71840 698326 579887 238552 231222 410542 762359362 597108 977586 652069 87608 473444 749389 966565 179177489 947891 695441 824398 131019 484676263 455151 695553 73334 307996 134028 278646 729209 818078 876843 89417 823119749 800244 467108 985930008 248836 181685 553704 985701 623101 227138 825198 673603 718235 976265 460245 331447 669982 89443 50458 678766 823804 599211 166606 157863 938754 156376 182088 26767 854677 364687 949701 657884 82411 198802 497604 709313 413215 638859 425416 793262 311277 437226 398971 887024 110146 525434 206122 459535623 54717 293252 560324 889466 746070 282185882 653862 170373 167685 154620 992455088 111886 75033 67298 479824 172698 277332 847152 889273 578340 196915 279879 551483 574694 666429877 651141 947369 573961 337046 744937 378381 105088 324067 26337 317113840 336517 951016 165849 207123 123752 500642 897958 419109 782112121 698370 985005942 150328 186431 69637 216077 198393 963332 952030 31029 589910 135346299 428308 633632 616353 643181 568952 708352 30392 456360993 733198 756465 364871 32532 348436 941810 231808 67147 356402 243866 206495 241286 817306 107544 56895 487704 200906 679112 752988 112657260 147689 958389 21680 725832 102781 661100 190266 524961 354 608217 194256 779133 256338 3477 348339 148820 29507405 891801 705872 186318 902842 538716 160536 642492999 636622 888409 103096130 942480 210459 994252739 647049 857971 464946 50410 926862 663526 649470 165333 188456617 394505 121204 108996258 830593 638092 552210 889682 781294 518785 266202 71715 204529 904110 270661 433374 734775 32588 750548 183880 969641 297473308 666219 287350 634459 930892 486958 562547 146021 478961 582063 562804 234951 482365 960036 688267 79900 71880 893721582 513793 454661 3961 651167 913744554 735267 256900 840086 721229 237653 554584 502282326 202708 167971 187805 275520 322245 129667 91362 508725 973618 272103 392700671 938259 985879 926445 387684893 310438 714251 781866 419986 438388 749981 849195 40294 991264 165572 712713 903112030 990451 917 709200 28713 469585 5387 479470 71102 449798 354069 20156 530778 819564 924984 482495 568991 238733 597399 64956 243151 64665 916390 42725 571545 408283 613566 867094 564325 769941 624376 22009 261328 7757696 268568 639445 895862 234084 49260597 223391 846102 706257 204495 188107 593210 838310 404782 267908 750207 903034 210754 660226 282159 940946 425157 175304 270100 340790 541894 754574 415081 225814 480374 789474 675397887 349454 333064 131767 758896 128238 655722 580255 666483 