2975 2975
2689 1224 205580221
1970 2689 624218326
862 1224 905499784
2678 2689 346839782
937 862 847561254
933 2678 277160018
606 2678 153898308
429 862 356849708
700 1970 206817179
286 2678 556797624
1180 1970 97205681
921 2689 597539975
712 1970 419486853
256 1224 260158952
2084 862 33206915
472 1224 58069810
1871 2689 945098080
1100 862 216487679
1194 2689 739118967
1344 1224 172905452
2074 862 274165813
864 2678 188534927
324 1970 806372732
1656 1970 492283671
1433 2678 424503495
1144 1970 412405080
2263 2689 376132792
2658 862 531875776
1610 2678 143609804
2716 862 125238103
2861 1970 559589542
1390 2678 739308817
2717 1224 727338303
1714 862 869429998
1566 2678 141966956
909 862 792127725
2588 2678 248509905
2170 1224 736541116
731 2689 929562582
2204 2678 903417000
2633 1224 640730382
2190 862 291995180
1046 1224 678290771
273 2689 792220840
1109 2678 26407550
1593 862 54473260
580 1224 711838526
1620 2689 409590958
2791 1224 781272722
2869 2678 109588540
1797 2689 282057155
227 1970 625348283
1829 1970 47531118
1039 2678 752875301
1972 2678 847435503
2486 1970 976956760
635 862 728288185
2969 862 71196977
2569 2678 351998463
2306 862 691648679
2252 1224 175796279
588 1224 920080246
2325 1970 18539305
807 1224 47950461
67 1224 96346783
2002 862 652975630
2149 862 751700353
241 1970 237248821
1813 2678 819679479
2900 2689 261284047
506 2689 615101205
2943 2689 115346505
2077 2689 440856559
947 1224 177384199
688 2678 168860802
215 1970 81672123
1832 2689 451847998
2128 2678 867156625
2102 1224 233512106
2038 1970 990560813
2829 2689 15400196
743 2678 244603430
369 2678 356174024
797 2678 312270020
2595 1970 600657261
1213 862 513852073
986 2678 470450138
1869 1970 827481813
2574 862 750444314
108 1224 520872416
1792 1970 64160266
1071 2678 610720841
1497 1970 588202058
1532 1970 325820598
2416 1224 900053606
2922 2678 300373794
19 2678 276129021
2844 1224 646655555
1431 1970 248595730
152 1970 36239310
2025 1970 794292179
1591 1970 757397391
1356 2689 602149519
2404 1224 203537453
147 1970 119591526
2483 2689 267088259
2650 2689 181143589
50 2689 508388753
2079 2689 122841101
1822 862 146140215
1654 2689 920973610
769 2678 540629269
130 1970 968955857
2363 2678 341784997
248 1970 424888810
2661 862 371203676
2085 1224 684948577
1276 862 855211379
9 862 501009098
1694 1970 49109562
1331 862 228068461
196 2678 285815870
2401 1224 619131714
727 1224 16996362
968 862 52320857
2845 1224 806269772
1661 1970 846125924
55 1224 789056990
6 1970 248574731
2609 1224 674809379
141 2689 790697515
2967 2689 39155186
2291 2678 106337794
2450 1224 56113340
2794 1970 122397576
1586 862 415971304
1706 2678 48460506
91 1970 329305881
601 2689 853837223
779 1970 84834097
327 1970 505637737
1657 2678 591634374
708 1970 492362134
2471 1224 235035489
2247 1970 173606421
376 2678 274272953
2704 1224 144755006
1678 1970 448784246
960 1224 860798747
2262 2689 6225299
1559 2689 884026548
880 862 661934189
1107 2678 551565469
799 1970 538223321
1989 862 877115794
520 2678 177755912
2402 1224 96253325
1473 1970 557577081
2797 2678 664002405
2206 862 326869343
2579 862 972223999
1826 862 25223775
116 1970 778326303
2589 1224 187754825
1597 2689 17492179
313 862 677545651
2225 2678 245038816
1711 1224 635738532
922 1224 48509479
1448 862 827414931
118 2689 404480413
1828 1224 147738367
1400 2689 706213327
1112 862 116189755
1460 862 864853193
2057 2678 442051567
2422 1970 931696609
268 862 744044585
2391 862 242419601
1999 862 365130625
2075 862 96036419
829 862 414470924
1020 862 286505310
1746 1224 28854563
2211 1970 697365403
284 1970 4425752
1475 1224 869727918
2573 2678 303725945
1482 1970 184112080
443 1224 127472957
2328 2678 904528839
2322 862 868599740
1608 2689 423039603
361 862 696254916
417 2678 681005440
1950 862 171628684
902 862 84705243
1582 1970 291768083
883 1224 200221717
1432 1970 220904695
2807 1224 856846116
145 1224 51327630
498 1224 243246260
2741 862 166075302
1777 2689 637296299
466 2689 570965607
1691 2689 556955284
2324 1970 528177728
761 2678 536017406
2763 1224 124622651
1700 862 230945953
2958 2689 631753015
2478 1970 793394810
1900 2678 136161519
266 1970 27579120
499 2689 379005615
2408 1970 409085232
2354 2678 5539990
1992 1970 432428456
2636 2689 131096104
1480 1224 16813112
49 2689 658071868
788 1224 19917905
1573 2678 694159110
2818 2678 269127089
1128 1224 533485676
1987 862 835877099
1816 862 198243248
959 1970 476416234
424 2689 513460158
825 2689 169484087
585 1970 116921119
2690 1224 730896354
857 2689 231782244
1507 1970 897157030
1724 2678 460760385
2504 1224 139821395
375 862 160422272
654 862 136515114
1502 862 940373956
705 1970 10077812
76 1224 882842175
477 1970 913640650
939 2689 235883111
1812 2689 117103372
1008 862 278569121
1373 862 80000832
34 1224 826079312
831 2678 106617485
2451 2678 447853808
2036 2689 507563296
1817 862 783919666
1248 1970 618779553
1998 862 779779702
1631 1970 955850896
2195 1970 71010670
77 2689 626796683
1784 2678 542074799
532 862 193621989
942 2678 172169209
2892 2689 97466709
45 1970 25403485
1579 862 90103314
675 1970 253605154
290 2689 775062748
1372 1970 909276553
106 2678 59959517
2005 2678 577201979
1275 862 359027895
81 2689 581562184
2484 2678 507349975
765 1970 502318050
1839 2678 423941524
2499 2678 117034067
504 2678 938286050
805 1224 61954356
545 862 238798824
2559 2678 17111278
1964 2678 300420851
1626 2678 884792523
2398 1224 227259109
818 2689 479884226
2250 862 776415654
678 862 210350049
35 1224 757657865
1442 1970 275772216
1491 1224 773043987
952 862 861668220
1552 2678 888305863
1003 1224 612722813
1015 2689 464741411
2500 1224 981770278
858 1224 644496693
217 862 590325561
1142 1970 28946378
1472 1224 192403700
1825 862 394869148
517 2689 367986574
2906 1970 132272802
1955 2689 393753846
1793 862 218665682
2125 1970 886938371
2757 1224 742381656
929 1970 669591370
2516 2689 345375120
2166 1224 446122573
1504 2689 792741397
1633 862 790149491
2890 862 140174844
1952 1970 576872813
1572 862 887483267
785 2678 669026200
1060 1224 556727166
2752 1970 696727406
1105 862 929028312
529 862 676658513
2772 2678 550084241
1055 1224 488759496
2001 1970 81461398
975 1224 198322974
2673 1224 522636791
1967 2689 44963890
1946 2678 570939737
2396 1224 119467971
2507 2678 701810470
2039 2689 41108527
2318 2678 294963640
1190 2678 63627937
1421 2689 143538907
1263 1970 683573401
1570 2678 823398679
2881 862 87525064
515 2678 495109253
2342 2689 203294036
669 2689 461771168
287 2678 631619636
1583 1970 817497591
1963 862 554545221
1225 2689 97636972
2308 1970 428986065
495 2689 893263289
1677 2678 893026119
2064 2678 859013132
1069 862 937314562
1640 2689 84240236
2800 1224 615827186
1149 862 6817951
2223 2689 252957101
1653 2678 363966441
1033 2689 499324200
2857 2689 659996681
537 1224 756783789
2630 1970 174994391
2597 2678 161922173
2851 1224 214876362
221 862 94411765
673 2689 654017211
1738 2689 522541075
554 2689 49000128
294 1224 230275182
508 2689 164405992
906 1224 911520186
27 2689 167239658
1568 1970 60095138
1154 1224 126125010
1292 1970 496077386
2612 2678 448597202
2366 862 635360850
1230 1970 511460030
571 1970 351456208
178 1970 201832329
1110 1224 369981826
913 1970 74507688
766 1224 509614900
2349 2678 386410010
709 862 184982158
2021 1970 875794352
2525 1224 493089045
2626 2689 459716549
306 1970 925130095
633 2678 489842114
2229 2689 954519814
2632 862 157653267
1151 1224 372683288
744 2678 514040562
1210 862 128088169
1325 2689 176281489
2482 1224 532348586
664 1224 345817794
2801 1224 134049974
2527 1970 296245179
987 1970 367188882
914 862 139992199
2336 862 868734557
1630 2689 169218274
1894 2678 202070256
2698 2678 773129495
1380 862 12909656
955 1970 858857748
387 2678 91300038
1560 1970 533475563
1254 1224 12747617
1 862 948607753
2260 862 424047367
2765 2678 408354122
2562 2689 172527438
1345 862 296279711
2827 1224 589337546
730 2689 590533339
1818 1970 574993383
235 1224 87627450
2403 2689 755941975
2726 862 841604077
1768 862 817721966
2929 1970 97115257
1751 862 392280281
1628 1224 1721563
505 2689 313617653
565 1224 532414336
1693 2678 136786927
971 2678 975143262
2153 1224 323621956
2842 862 987018150
2375 2689 116471320
279 2678 254090808
63 862 102517021
2410 2678 866446079
2927 1224 472880995
380 1970 273427057
1644 2678 529596059
372 1224 127935684
2886 2678 359121334
226 862 621846299
1271 2678 38593926
840 2689 666474227
1977 1224 769978073
2576 862 189205072
402 1970 773147795
2433 1224 36496539
2369 1224 77458498
694 862 88342023
1864 862 919366171
1962 1224 434043228
722 1970 111611134
2888 1224 550306822
48 862 777602775
2700 862 314763315
918 2678 225170869
2603 2678 551355343
1996 2678 557114197
998 862 189211145
2316 862 62009565
2488 2678 268041183
427 1970 254851472
2007 2678 337075612
2362 2678 298433358
2655 2689 258508359
316 2678 862844045
1949 1970 284868049
2850 862 323310446
1890 862 379047658
283 1970 179998887
2129 2678 320713867
264 1970 493598066
24 1970 334221618
90 2678 94946669
1913 2689 800183620
2257 1970 290543226
146 1224 14308072
150 2678 879058195
1429 2678 611218537
2947 1970 725622856
2048 862 705376807
2583 2689 384264214
175 2678 925273401
232 2678 195331813
2619 1224 739976194
2176 1970 917487732
40 2689 699990801
1049 862 811002374
2587 2678 197771827
1636 862 502519269
1881 1224 560129216
1291 862 387114683
139 1224 731800840
2481 2678 255115485
1709 862 286716936
2670 1970 77277367
1399 862 87073040
1470 1224 104553
1879 862 993215990
2770 2678 519951494
334 1224 711302789
1391 2689 612145660
425 2678 867726245
1933 1224 721226207
1382 1224 150274070
2498 2689 73164573
2931 1970 167075351
2155 1224 312955250
2378 1224 762099497
2264 1970 47559917
1727 1224 826292817
101 2678 302282465
299 1970 870349322
317 2678 871183988
2916 862 470787432
2210 2689 191474371
2749 862 132963364
808 1970 155909272
1479 2689 387905539
2372 2678 951945037
193 1970 186684350
1198 1970 247003426
1270 2689 720349138
2677 862 742609794
2774 862 736298972
1600 2689 518264222
882 1970 655846966
1516 1224 973127500
1849 1224 29981217
155 2689 995831088
2276 2689 799729234
806 2678 58193423
1459 2689 981521170
1044 1970 89052623
901 1224 306040484
254 1970 10366104
1537 1970 114007680
1695 1224 694629786
2723 1970 542559523
2598 2689 832170581
1772 862 781016859
2941 2689 116045894
1765 862 862427042
2541 2689 926320183
982 2689 867916566
1511 1970 366576090
1932 2689 275206528
1183 2678 307537180
1939 1224 379061798
1954 2689 549131614
491 2689 680327296
2056 2678 281716822
713 2678 14391694
2945 1970 197393937
1601 1224 239510881
2617 1224 795629005
2629 862 309828199
1752 2678 284913285
1189 2678 290034773
2872 2678 116193639
1722 862 636725439
575 2689 687696311
2863 2678 741160594
624 862 928302400
1937 2689 295390352
2515 1224 37733257
1232 2689 74651142
2759 1224 472988009
2384 1224 830515896
1002 1970 622666314
1166 2689 596171145
1035 1224 794297894
1519 2678 480885021
2555 862 214945030
2578 862 54549550
617 2689 853004819
1673 862 318768168
1880 862 215825255
1995 862 241380113
1576 862 105968520
1669 1224 402844106
1843 862 218274022
430 2678 248701532
2558 2689 719198002
225 862 194815501
2514 862 496844999
1781 1224 782300718
2011 2678 951833757
2734 2689 813029865
687 1970 27984830
2897 862 506896238
190 862 937873358
1681 2689 631352804
492 2689 526007414
1778 1224 496637237
2901 1970 115524998
350 1224 716382586
2357 862 751519796
2495 1224 443595594
2686 2678 726656715
569 1224 928513421
910 1970 407041613
1300 1970 61530555
1308 862 991713227
1629 1224 469254734
1506 1224 835849401
2218 1970 825623115
1942 2689 680676025
2712 2689 857706912
2865 862 37351119
2490 2689 44059091
2239 1970 829334696
2710 862 469441668
2669 2689 561759932
2746 2678 616344801
736 2678 659519871
2711 862 682555205
2848 2678 551225023
630 862 331207624
674 2689 614591925
2708 1224 848445260
2828 2689 335624722
2956 1224 882155502
704 1970 714588782
448 1970 416502322
1827 2689 654647626
2293 2689 612658494
2955 2678 77886623
1844 2689 150752425
62 1970 518103044
874 1224 64538242
1451 1970 658844193
1703 862 691136038
71 1224 627142313
2183 2678 310272336
2253 2678 775343613
604 2678 316820930
1196 1970 107080221
407 2678 19577916
2790 862 539511721
2815 2678 759936335
205 2678 167108421
794 2689 872128549
1767 862 873503885
1774 1224 965734426
698 2678 138344535
513 862 615907308
1279 862 13588134
2143 862 112974166
2388 1224 595901970
2032 2689 778297548
1607 2689 517422464
1294 1970 287965002
1682 1970 238230084
1091 862 334621540
2193 2678 29167020
824 862 842401285
1208 2689 912020941
1745 2678 362073893
344 1970 205201649
112 862 896654480
381 2689 400426580
403 2689 369147289
1921 1224 502663621
1255 2689 135745341
2292 1224 817326709
563 2678 913259028
912 1224 692346010
854 1224 69727694
2307 1224 815233616
758 1224 238574085
994 862 198867424
853 2689 850667271
793 1224 700027731
1063 2678 220874917
1366 2689 605755681
1186 2689 665891440
1705 1970 770815600
2835 2678 51735544
1927 862 766101573
1234 1224 550840938
1848 1970 597326133
1809 862 87387616
2045 2689 956884322
966 1224 988340300
464 2678 28400410
753 2689 384713837
527 2689 326941020
2667 1224 991388895
1420 862 157877054
2088 862 412102148
2874 2689 75775410
884 2678 447546231
2414 862 574335287
410 2678 340472536
186 1970 613050282
1037 1224 82671395
2855 2689 859120893
2524 1970 88223698
2582 1224 444443851
1427 1970 793835034
2513 2678 364969170
2608 2678 675724995
834 1224 110167287
2949 2678 219663182
2086 2689 173102615
2769 2689 40952660
1856 2678 913365452
233 2689 525519865
526 862 769957683
1476 2689 384109211
2313 2678 243427778
2572 1224 239301426
1605 1970 892681432
699 2689 603502089
2659 2678 636793612
2782 1970 621840336
2577 1970 36157153
1170 1224 672948190
1861 2678 929585533
2882 1224 144862719
2050 1970 180220747
2747 2689 64595738
1358 862 497152196
1897 2678 941001395
993 862 621070310
267 1224 185628558
461 2689 809740484
1527 862 327969359
1443 862 443287427
1555 2678 483684727
989 2678 54347237
2477 1970 868817479
497 2678 19436115
32 2678 216039159
2412 862 121779580
672 1224 562723945
2285 2689 820876186
1133 862 176821884
2395 1224 66853816
1169 2678 183913789
1303 2689 880926799
1247 2689 391045671
561 862 708537507
437 2678 459613680
1988 2689 220714579
1581 2678 578139857
875 862 857772259
1405 1970 634096686
518 2689 374151610
2875 862 874104415
2761 2678 666451704
2756 2678 731261069
1841 2689 760951922
58 1970 486702574
1732 862 689782348
41 1224 214641740
653 862 938216533
1539 2689 963213785
2965 862 941375903
1824 2678 705969514
1398 2678 221105313
741 862 968777843
2386 1970 489233635
1580 1224 533498880
2754 2689 191574187
2671 1224 219469482
312 1970 129061412
1235 2678 330900193
2894 862 15641332
622 1970 898922477
965 2689 32961473
1469 1970 41370245
1064 1224 656006468
2146 1970 654240381
124 2678 212178116
1814 862 780149545
478 2678 949023939
2961 1970 411675033
74 1970 971179422
405 2678 325709589
262 2689 139144821
2356 2689 449227139
30 2678 976400569
280 1970 931134416
2862 862 918398401
269 1970 525560671
83 862 392687078
2666 2678 376284243
1542 862 597989434
2665 1224 324530706
455 862 611303230
1584 1970 79995980
2299 2678 152459558
811 2689 910541750
665 2678 651188698
16 1970 627718053
757 2678 137664
1387 1224 658070843
36 862 185653222
1031 2678 224464154
469 862 751833296
2830 862 277835262
2049 862 232545691
2160 862 345821913
487 2689 329861916
1867 1970 276806367
2392 862 432323158
2254 1970 18501898
1904 1970 216139351
1658 2678 502200820
2652 1970 936756778
1404 862 749252317
2580 1970 131825989
2052 2689 204945869
1477 2678 791771825
364 862 432253543
871 2678 365392915
56 1970 714876948
2940 1224 937237261
2607 1970 26316193
1351 2689 769315633
1440 2689 127736252
1575 862 110503586
1401 2678 18328394
2491 1224 600232810
1910 1224 863951473
187 1970 847455273
1450 862 114002545
2297 1224 561945300
1985 1970 1189675
1253 1970 563177444
2840 2678 604509485
1004 862 7880161
1096 2678 790477730
370 1970 94346094
2645 2678 651307725
1587 2689 634771369
2393 2689 695014041
486 2678 163285055
2846 2678 316737532
2248 1970 387957169
843 1224 130529008
1541 2689 535682124
2684 1970 18072171
795 2678 318195106
1872 2678 502815724
645 862 406441773
2202 862 758443979
2409 2678 354998288
367 2689 737406881
2662 2678 301691916
2628 2678 331240145
2706 862 264129183
2389 2678 389609582
2123 2689 884196791
428 2678 373639490
2786 1224 636243277
2720 862 287063466
345 2678 919528587
1362 2689 1711132
2174 1970 267953516
1938 2678 18695579
905 862 431524943
559 1224 214702768
70 1224 589611998
1075 862 532372060
2914 2689 129494358
2560 2678 68088607
1780 2678 523018785
892 1224 39926703
771 2689 373880690
749 2689 127741079
819 1970 680985451
1911 1224 246177747
346 1224 825522889
1267 862 394708146
835 2678 925960619
2718 2689 899731884
2310 2689 269741994
2777 2678 5933797
2480 1224 430179877
2444 862 438859858
1364 1224 9378773
2878 1970 874088003
770 2678 656713796
879 1224 727904942
170 862 18917219
908 1224 48346951
2819 1224 641027048
10 862 641751448
1302 1224 842711084
330 2678 498109411
507 862 615348091
1870 2678 653974958
2332 2689 208050927
500 1970 150169787
888 862 74291740
1924 2689 285489771
1078 1224 953904137
2962 2678 337621114
396 2678 112707153
2280 2689 772436731
342 1224 867267008
701 862 264098209
1147 2689 604867156
1948 1224 553780458
201 1224 320490860
963 1224 938345777
2459 862 72224671
412 1970 318141021
1428 1970 567830249
11 1224 962797521
2748 2689 238389894
544 1970 423915428
1375 2689 300025618
996 2689 605613647
244 1970 77054218
435 862 709293323
14 2678 70585365
1115 2689 867554253
2111 1970 926102782
445 1970 215368338
1346 2678 499007248
75 1970 609097391
1599 1970 23892501
2368 1224 333130428
1018 1970 243483252
454 1970 544247153
837 1970 613612577
1287 1970 461844055
2268 1224 40069755
546 1970 311648963
1043 1224 295435340
2273 1224 136649968
1561 2678 238635137
1498 1224 528996635
2136 2678 748865952
1295 2678 871833988
643 2689 90825702
2348 1970 234016335
2605 2689 130616691
1227 2689 32446878
1590 2678 897041972
2724 2678 335428817
2455 2678 895428874
214 2678 394605457
88 2678 525665767
2933 862 767909743
180 2678 560637416
388 2689 112843390
2812 2678 607882294
1381 1224 303529767
859 2678 156652553
307 862 574185767
1928 1970 455861561
974 2678 773708972
98 2689 410695618
2101 1970 1579926
751 2678 775704890
1707 2678 127264809
25 1224 317221195
2837 1970 676582407
2053 2689 123038788
566 2689 324758535
2502 1224 999971757
1786 2678 514497545
979 2678 541951419
2173 862 963804467
1799 1224 804282940
1347 1970 841173165
2870 862 618491975
803 1970 546004749
1659 862 318630432
2926 2678 405035765
1184 2678 713920610
1562 1224 376037821
2616 2689 509887172
1410 2689 319011469
1036 2678 205924980
1383 1224 694413613
1667 1224 574335650
1197 1224 705009884
558 862 90814735
1192 2678 975669811
29 2689 967270818
1613 1970 24631875
1595 1224 550867455
2571 2678 753862334
1895 2678 138266909
2622 862 448938407
2849 2689 26208514
2080 1970 269553034
1053 2689 399923161
2764 862 834181030
1634 1224 822924693
2119 2689 185559026
1974 2678 337204670
2637 1224 887977521
72 2689 30804418
2920 862 599895249
1137 862 16835224
1887 1970 964537458
1175 2678 899950717
2531 2689 181801196
441 862 410012169
2953 2678 669342378
374 862 326249457
1439 1970 911984520
657 862 610662765
1038 1224 826059462
1032 1970 119171867
2823 1224 173101723
1708 2689 715290586
426 2678 555723480
1646 1224 64963025
2646 2678 5263326
1666 862 192307913
1712 862 649442631
1489 862 417648442
2355 1970 933466686
57 2689 220722638
2679 862 288943129
2852 2678 437649448
1119 1224 380996153
1760 2678 504111997
1214 862 134512386
1284 2689 985053653
1676 862 532441145
89 862 45816784
159 2689 69420096
1984 2678 611854449
234 2678 864824175
2381 2678 336872795
2259 1970 762902076
1051 2689 687771999
1143 1224 142691441
153 2689 101736919
1456 1224 623291150
946 1970 754311369
73 2678 51230778
920 1224 248016565
2175 2689 435539410
209 1970 641752035
845 2689 816937427
945 862 550141735
1272 2689 341305935
353 1970 751154486
255 862 835790100
2234 1224 969075393
44 2678 478590340
768 862 347364639
2115 1970 626820206
208 1970 737422659
1466 1224 296428810
173 2678 139631404
2779 2689 756560689
958 862 409529810
2554 1224 516437779
2796 1224 926744864
1723 1970 431189470
304 862 845379710
2822 1224 112873617
143 1970 619969321
1929 1224 113070511
1755 1970 471381566
656 2678 321746375
1815 862 923571303
126 1224 523089071
1423 2678 129505637
2685 2678 731866665
1905 1224 436548796
748 1224 652410037
1850 862 366248516
311 2678 223143563
1883 2678 586266750
2167 2689 247597202
2928 2689 625871852
2543 2689 228196601
1749 2678 446844167
2946 2678 252827194
202 2689 727872451
79 2678 688974837
2133 862 735870760
941 2689 809528718
2235 1224 292683044
1329 1970 46640065
1453 2678 381951652
489 2678 256071182
2743 1970 618615826
2137 2678 103494438
1447 2689 953914332
2163 1224 908411403
216 2689 159221831
1958 2678 348243541
1145 1224 818966079
2063 1970 436884073
1054 1224 676832788
2896 2678 805778725
2244 1224 145974966
951 2678 764050469
2489 862 689568161
1604 2678 267265664
2836 1224 459456057
1493 862 803827999
2715 2689 537392001
1350 2689 20550969
1146 862 760413432
129 1224 367881989
2536 862 459971562
1120 1970 780439839
2317 1970 697559742
2428 2678 936098808
392 1970 526315089
1546 2678 81111038
2228 1224 536644785
2880 1224 134948567
2649 862 135676589
2147 1970 496397751
581 862 87652953
1073 862 336932604
2327 2678 490006066
2124 1970 780810063
2793 2678 262310443
1523 862 463573933
2730 862 978597903
2091 2689 88063630
2639 862 98494602
1114 2689 930892315
2141 2689 497477802
587 1224 390642926
2243 862 303715041
2615 2678 431573182
2070 1970 300049619
956 2689 387489664
2565 1970 138500128
1794 862 594757215
970 1970 23318009
2463 2678 965102397
400 1224 562937071
2081 1224 442143293
2418 2678 399317319
619 1224 686866230
934 2689 842940020
2681 2678 475817656
2744 1970 942873552
1244 1224 953456800
1269 1970 924449249
2728 1224 970378306
870 2678 432828654
1205 1970 215928034
242 1224 689574571
1094 2678 260534704
2008 1224 18760238
2551 862 278907078
1241 2678 748723327
320 1224 995539460
179 1224 939166760
2315 2678 31241078
1385 2689 48174413
2198 1224 650232650
1836 2678 436035209
1182 862 75541455
1726 1224 665517410
1281 2689 347199857
17 2678 15361445
2320 2689 62602416
817 2678 77818598
169 862 288440002
1835 2678 536235862
1092 2689 410928739
1896 1970 248819027
936 1970 303603746
663 2689 137647253
1438 2678 719406362
2221 2689 457548491
981 1970 100270879
298 862 532123674
2058 2689 44019015
2570 1224 69903152
2309 1224 894675054
321 1970 98486363
2399 1970 112927873
1503 2678 96656199
1223 862 811019175
1191 2689 877200147
646 1970 820091318
873 1224 100289816
1089 2678 581347856
1598 862 724701098
2856 1224 112405520
1662 2689 499590773
99 862 342999673
814 2689 222187929
2469 1970 33404978
644 862 87929875
132 862 876501426
2098 2689 510898704
745 2689 600893482
219 862 146634918
84 2678 626588622
1016 862 70572416
2447 1224 911840773
2676 2689 132831576
519 862 87558372
271 1224 843214601
596 2678 273184193
1330 2678 233477180
451 1224 71473057
1769 862 130621865
1167 862 573648395
2529 1224 709015383
878 1224 410327773
2915 1224 772069653
1313 2689 544480451
866 2678 624458836
2012 2678 503269822
1692 2678 11867744
867 1224 660440085
962 862 827525572
2660 2678 463528269
95 2689 864802628
2360 1970 521532661
199 2678 451191028
547 862 532185736
2534 2689 768955647
115 862 113126828
2938 862 336906645
1664 1224 653841158
1161 1224 673681944
2951 1224 33090737
1047 1970 362912167
1396 2678 676302605
2346 1970 435184839
509 1224 822127460
550 2689 955741351
1171 1224 770895206
239 2678 170021719
2950 1970 715313538
2725 2678 372663917
1959 862 712028077
2177 862 505918931
778 1224 565570752
2966 1224 734989424
1361 1970 980102786
1458 1224 50559083
2446 1224 488176498
2937 1224 80595174
2905 1970 423626216
431 2678 85215588
847 862 77774549
2145 1970 915350177
105 862 817950
728 862 400171533
983 2678 169548209
206 2678 48057127
2277 2689 709125476
1785 2689 850053026
459 2678 863941848
2939 2689 476193319
1540 2678 152280945
2156 1970 542262139
2917 862 145871534
2413 1970 39024611
1803 1224 762191904
536 862 587359010
1524 2689 762571277
1488 2689 514759780
2448 1224 872659168
1624 1224 570218323
2538 862 95469634
261 1970 130724792
640 1970 920220766
188 2689 22621317
1013 862 955549069
2581 2678 675468786
357 2689 631281464
2586 2689 111067202
2041 1970 774051792
1520 1970 433773578
53 2689 159619967
250 1224 68032340
2383 2678 181504658
1452 1224 65382174
2487 2689 34853747
2895 1970 444283398
2340 1970 670698172
2910 1224 571658902
2934 1224 868071514
292 1224 838600096
2301 2689 239386861
2114 1970 117377271
1641 2689 411081862
1672 1970 613216896
2564 2689 332100947
636 862 446283735
1141 2678 457900335
1378 2678 26620259
2883 2678 574667066
2473 2689 519657855
2936 2689 527340212
726 1224 633159028
2453 862 255863995
243 2678 242772156
682 1224 46634009
2802 1970 80366321
1418 862 149573346
2788 1970 616473937
189 1224 842429111
2755 1224 3748799
2839 2678 22818913
2051 2678 343581710
263 862 772630478
1915 2678 823859510
2971 862 302406484
447 1970 899951300
385 2678 730393817
471 862 638641290
1001 1970 878970808
1106 862 415365325
2485 862 507567879
2824 2678 209357254
2028 2678 665664610
2902 2678 205296679
1239 2678 61913469
1052 1224 710763053
2975 2678 410759590
167 1224 477392067
740 2689 843868779
1156 1970 450735871
2169 2689 406789507
2282 1970 5968978
2441 2678 334247653
2641 1970 309028027
1200 1970 126850881
855 862 310525308
1936 1224 378617173
2771 1970 702515904
1463 1970 871254393
2970 862 447813482
282 2678 950750624
2540 862 729800837
1536 862 394499562
1484 1224 356494583
2745 1224 32364424
1134 1224 3418307
164 1224 531387776
134 862 190872075
1416 2689 572189595
276 2689 960795513
549 2689 429785512
615 1224 921330469
2817 2678 609406342
2200 2678 282263073
420 1970 96089554
2152 862 516256389
2567 862 456517426
935 1970 606870107
2233 1224 504504419
2370 2678 862863995
523 2689 178944226
1274 1224 949549026
121 2689 598501754
2561 862 961865909
2185 1224 798519779
1454 1970 783972271
281 1970 636888377
1446 1970 417202808
2590 2678 275021794
1117 2678 415783133
1077 1224 417591541
1615 862 989274298
2022 2689 913610128
781 2678 876125677
828 862 539452158
2330 2689 742224377
1017 1224 272633482
2737 2689 270713552
1855 862 572571356
841 2689 459384462
2261 1970 194658223
1874 1224 648664786
2097 1970 29405002
511 862 719940362
2043 2689 300450017
721 1224 879067903
755 1224 252460356
502 862 493365759
1256 1970 666259336
1858 2678 279016144
1342 1970 89676841
1327 862 216078010
2430 1970 938863864
1127 1970 12343050
1042 1224 742530427
470 1224 52044731
2406 862 483128362
1612 862 650342623
789 2689 134172020
1512 1970 542418909
2015 2689 360217739
820 862 36830950
2767 1224 616374224
1315 1970 52248824
1766 862 829115279
366 2678 38032173
2164 2689 553890536
123 1224 385114255
2096 2678 279967840
1352 2678 782122651
1737 2689 447438515
1886 2678 630092398
2270 1224 180380970
1165 2689 75255418
1796 862 190608358
2323 2678 804735950
539 862 180381134
2419 862 133371063
1068 2678 7340845
600 2678 144561949
401 862 425076256
2942 2689 380771624
2643 862 550717613
1321 862 470180567
20 2689 401358818
1316 2678 279359710
2699 2689 483927366
1953 862 337881539
1651 2689 659859036
1207 862 902971324
1097 2678 891675677
2040 2689 635307881
2621 1970 125499491
2702 862 220890234
2613 2678 860284364
1538 1970 261497811
1415 1970 465430615
1569 2689 545573620
876 2678 216146474
725 2678 507014204
2691 2678 194815306
2281 2678 60334080
651 2689 125502182
1309 862 61580865
717 1970 12308176
1701 862 761177362
1360 862 94622336
2278 2678 198638945
2923 1970 212569189
2232 862 622689145
47 862 481584685
1698 2678 643334447
900 862 435576940
349 862 154423543
2352 2678 674580415
697 862 603531816
2733 1970 123180391
1776 2689 374312866
684 862 855671497
2269 1224 931343146
1787 862 160556902
801 1970 174044041
434 1224 514467748
772 862 521360478
2634 2689 814719396
1262 1970 556903211
760 1224 213563680
512 2689 908200966
590 2678 535959962
2104 1224 23712998
218 2689 427090246
683 1970 686037871
2799 2689 945819895
135 1224 216025845
1062 2678 786173118
2361 2678 545782641
666 2689 405576086
1877 2678 464964543
528 2689 884668433
2405 1224 423857114
158 862 889479735
1159 1224 257103771
1280 1224 957175418
1140 1970 86520037
2493 2678 833132176
1944 862 770690772
734 2678 160299831
382 1224 72202312
1337 1970 880980570
1005 862 811514082
692 2689 110912764
1268 862 13537285
940 2678 870584907
1500 2689 476918589
1783 2689 930182975
120 1224 56452477
2117 1224 674611994
1339 1224 972196198
611 862 477353893
723 862 743125488
1379 862 401308836
628 1224 821628426
954 1224 41116142
1577 1970 218682669
2203 2678 621747988
2952 1224 713385747
2072 2689 589536121
398 1970 159301435
530 1224 636598757
371 2678 41597740
2623 862 738648393
1526 2678 480232835
1257 2689 683763587
296 862 716388335
2144 2689 577334177
1736 1970 986912976
450 1224 898679851
1283 1224 629702202
2620 862 111918191
2517 1224 426473968
1135 862 682968367
2762 862 321952474
1739 2678 779881181
1847 862 451898262
2415 2689 573750075
1266 2689 36499301
2831 1224 587341975
460 2678 205776020
390 1970 489951715
1148 1970 493756226
2240 1224 71961675
711 2689 550432999
1702 1970 636358418
1589 2689 7168344
224 1970 148086899
2908 2689 497100574
2696 2689 355995486
2809 2678 126188816
2159 862 211793715
2138 2689 134760987
925 862 452356061
1545 2689 842998557
1969 862 893615046
718 1970 470582585
274 1224 571276460
393 2678 182910646
207 862 831814084
774 862 923516137
1679 2678 387284271
881 1970 133877315
1508 2689 481454730
1116 2678 540382
2065 1970 73445313
140 1970 42624831
59 1224 732996374
2120 1970 441576638
2775 2689 428133130
277 2689 54452556
662 1970 972524365
738 2689 796333004
2668 1224 35591562
715 1970 976047339
953 1224 381350406
1495 1224 312665885
1991 862 390150143
1994 862 728280494
1922 2689 660767611
2820 1224 835889113
915 2689 467238855
893 2678 617773680
556 862 177647771
2520 2689 315978775
2061 2689 896306079
964 1970 704784012
2954 2689 465553081
1882 1224 65450857
1419 2689 389274672
1544 1970 924360464
318 2689 661978976
142 1224 141829904
775 2689 352539009
391 2678 73645663
2344 1224 129157688
1764 1970 18277064
776 2678 73249062
1534 862 142670551
1328 862 56816334
78 1970 696526771
2841 1970 625890536
211 862 562084725
2373 862 753862139
1422 1224 972290868
696 2678 918774787
802 862 133580572
1365 1970 458698448
2492 2689 647313426
2496 862 36381944
1899 862 617954669
944 1224 432050327
1961 1970 41099562
230 1224 58170117
1943 1970 138688294
1564 1970 552766853
2575 1970 119845697
1158 1224 504847052
2353 1970 328234144
1791 1224 658537870
833 862 729431169
1997 1224 902680683
576 1970 737014942
2302 2689 687823363
584 2678 423640289
449 2678 896119386
411 1224 69076598
1461 2689 183210032
1851 1224 46673192
2739 862 894352217
2347 1224 952025578
2508 2689 518772501
1935 2678 373756959
2090 1224 679323207
1710 1224 299223931
2703 1970 814007246
2826 862 54595053
1637 2678 145973217
15 2689 610115600
1725 2678 722813028
1221 862 722275942
1675 1224 767625824
533 2689 826030568
1129 2678 953820309
2171 862 484884453
1800 1224 225676045
2020 1224 78364102
1513 1970 652925479
288 2689 700718219
1290 1970 632743448
830 2689 746184677
2186 1970 975898265
363 1224 387127699
2640 862 386441475
1690 862 658067012
65 2678 732824485
2295 2678 680687433
2207 2678 926034354
2267 1970 989311588
203 862 215883508
69 2678 143761764
2472 1970 886176771
2653 2689 207179134
339 862 888515091
13 2689 395887373
1040 2678 703441411
2214 2678 104396516
703 1224 980751158
2272 862 639367851
1919 2678 514419342
332 2678 168447566
297 2678 93746159
2371 2689 583746151
246 2689 458565460
1259 1224 403132434
1931 2689 767810043
593 862 999669463
1914 1224 69205503
2216 2678 926405931
2294 1224 361778785
2521 1224 65049581
1846 1970 634151200
510 1970 117369129
231 1224 559707799
804 862 116332714
1531 862 384560591
2568 1970 499290049
1652 2678 877311643
977 2678 65778688
538 862 1890652
2073 1970 753453186
2178 2689 191455394
1819 2678 132509464
2604 1224 18138668
2651 1970 815753430
2974 2689 905612284
1150 862 103119571
368 2678 26466531
1103 2678 496049259
2078 862 1728048
716 2689 795216494
87 862 779950661
2688 2678 62734348
2326 2678 956338013
1903 862 206737364
3 1224 500940697
1359 1970 836249976
2847 2689 877501416
440 1224 944789281
2108 862 536346404
2610 2689 881475961
1934 1224 24328955
162 1970 238635532
2968 1970 988893592
548 1224 591420916
2390 2678 89585320
2600 862 438180471
2029 2689 59405727
2042 1970 363490994
42 1970 70640941
2135 862 762145431
2341 862 793643046
2067 1970 96620950
2161 1224 254958845
305 2678 215181935
2376 1970 504944582
948 1970 512142622
2738 2678 719468560
632 2689 358739381
1211 1970 84363859
2436 2678 515590686
1264 862 540785440
2338 2689 60439688
295 2689 544132356
577 862 78516198
1019 1224 662787660
2095 1224 915690123
1930 2678 467525061
2351 2689 640055289
1368 2689 68720756
1889 2689 527538887
191 1970 294518436
826 1224 419432904
2139 862 673335411
2255 2689 44046360
2249 2678 740605720
2591 862 196840277
1940 1224 872933707
1029 1970 586029857
522 1970 748969694
2751 2689 974470227
2834 862 597077333
961 862 560504604
1123 862 360462648
597 862 867243471
943 2678 228096023
1729 2678 696934362
1338 1970 848161000
2287 1970 725871060
1445 1970 925130680
969 862 290826577
667 1224 117116601
792 1224 80714492
66 2689 524645119
2549 1224 957090449
1229 2678 189043287
333 1970 90804155
2924 1224 987823284
2172 1224 411431755
1041 2678 125140127
259 1970 631267806
475 862 885191482
1978 1970 894681724
1384 1224 457067095
763 1224 678648752
1806 862 450277987
984 1224 899760514
2439 862 575457981
1354 1224 584544292
1494 2678 352320092
524 1224 195524728
1265 1224 12612379
2960 862 731428118
620 1224 739231506
1304 862 997386147
967 862 243949255
1340 2689 821318697
2279 1970 8525919
639 2678 871848919
1993 2678 387568593
796 862 447875675
540 1970 225536924
973 1970 889333628
86 2689 674883279
171 1970 836341462
2437 1970 385762063
2296 1970 175324780
618 2689 660884836
2501 2678 798692948
302 862 945200227
1779 862 946943634
2535 1224 820310360
541 1970 479367614
1409 2689 871473025
1525 2678 232779035
92 1224 245662231
359 862 168235314
1981 1970 377482374
2736 862 922861193
1357 2689 232773147
485 862 921749091
889 862 114878791
560 862 942731524
2217 1970 774074489
352 2689 723928475
1548 1970 37337754
919 2689 195598874
991 2678 382432313
1865 1970 683150848
852 862 831843805
2442 1224 67704648
2205 1224 447105426
564 1970 931183749
2808 1224 243223672
2867 862 37266948
927 2689 73137417
1087 1224 555430306
386 2689 959152632
1057 2678 795327523
1083 2689 75750276
2420 862 524896310
2510 862 442448138
1898 1224 792681194
1986 2678 590626497
2337 1970 855234568
626 1224 606748039
2432 1970 21286836
1436 862 825522068
329 862 22229735
2201 862 805477077
607 2678 433123083
82 1970 702417236
2821 862 202930386
1074 2689 815634768
1863 1224 70381149
483 862 50881092
2873 862 440388339
1515 1224 363128545
2037 2689 434684254
1369 1224 642378773
1648 2689 898350134
1435 1224 486863710
609 862 228076412
612 1224 33954387
1434 2689 23425754
1111 2678 869494432
2921 2678 245677448
1449 1224 547848487
237 862 242584582
1965 862 345153979
1113 1224 589880847
2664 1970 717311422
1333 2689 507434226
1249 1224 294736562
1193 1970 540774482
869 2689 391829682
1126 2689 725000124
161 2689 2605672
2526 2678 132067213
891 2678 548894497
1324 862 39208448
613 862 77529337
421 862 982893585
1916 2678 33057191
1517 1970 743002566
1293 2689 670617576
1763 1970 709817875
733 2678 84431553
2813 862 981359354
2246 2689 440600965
2130 862 142673731
1000 2678 926574493
1638 2678 365150518
2199 1970 832994998
2687 1970 141630506
572 2689 782553790
2494 1970 379004372
1176 862 966053059
1088 1970 419193720
2131 1970 796185634
1397 1224 569599029
1688 2689 882607143
1823 1970 56198878
1009 862 681943045
2226 862 98017443
2024 2678 277624941
2192 1970 900607172
2783 1970 433343530
2918 2678 224323564
2475 1224 419858780
2059 2678 355811611
2701 2678 595065045
739 1970 397662399
1407 1970 113314232
2 2678 354232268
2222 862 252169813
2238 2678 214828657
903 2689 744604064
567 2678 263898715
1277 2689 394405289
691 2689 33456395
1875 1224 898270202
1642 862 392972269
432 1970 479922582
1756 2678 83412679
2350 2678 644574181
1668 2689 777078949
1602 2678 164303638
1912 1224 815441819
1444 2678 491747199
2006 862 308750507
1941 1224 241938551
2803 1970 514661374
1853 1224 588979670
1674 1224 847122929
1278 2678 756990712
356 2678 908509006
257 1224 57705393
484 862 280394003
1845 2678 309406303
12 862 465990859
1424 2689 681097183
2093 2689 453971199
827 1970 149890297
2181 1224 921456275
1363 862 156943233
258 2678 695793527
1990 862 402460548
2532 1970 257670570
1188 862 617171745
2194 1224 375192221
2188 2689 376361312
836 2689 997626698
714 1224 836531007
414 1224 618588122
52 2689 62386976
1014 1970 890417618
887 1224 118169635
365 1224 976866705
2625 2678 118453157
1574 1224 384450707
1645 2689 110528301
2519 862 372168652
2884 1224 338267061
2434 1970 397870349
1178 862 927236967
985 2689 788178749
2843 1970 5343489
2305 2689 593570573
1983 1970 580105556
103 1224 381565883
1206 1224 765681069
1660 1224 497147528
2768 862 720172224
1821 862 758183805
1683 2678 918941619
1820 1224 349605326
877 2678 507270611
2709 1970 59850792
1086 2689 562607402
252 2678 84422984
2191 2678 89553871
1837 1970 636690471
846 1970 387170822
1795 2678 942880833
872 2689 453415048
650 1224 62306089
404 862 254294328
1758 1970 138940110
2631 2678 857412736
1704 862 499792457
1956 2689 66031627
1687 862 66366663
463 1224 577219474
2773 1970 114206508
752 1970 105793652
1852 1224 400740609
1028 1970 79836451
85 2678 694079149
2544 1224 882935118
2805 2678 821265674
1565 1224 116775830
2382 1224 725644257
482 2678 126543921
2833 862 577369237
28 2689 139959480
2034 1224 88645621
1742 2689 621981251
1892 1224 77120993
1335 1224 856219793
1603 1224 752987531
5 2678 534683107
1728 2678 991786734
2729 1970 80135458
114 862 9492007
94 1224 364231227
2727 862 112155800
309 2678 600054333
2675 1970 56904775
1246 1224 68544802
809 2678 56075356
2721 2689 568562454
995 1224 951442655
1982 1224 512977396
2707 862 779643055
534 862 875075856
1680 1970 960209831
458 2678 347159767
1684 2678 597226878
236 1224 263193863
586 862 238949009
1888 2689 447050674
7 2678 860501473
2060 1224 106394147
861 1224 304259210
2876 2678 550390645
832 1970 848933244
1185 2678 126889256
2103 862 652229719
1403 2678 221994820
128 1224 312562803
490 1970 239022638
336 2678 958804560
988 2689 598610667
1462 862 150438594
2742 2689 912813091
1571 1970 360241362
894 2689 455816110
2964 862 133880079
1834 1970 412350891
1884 1970 167051072
270 2678 703209582
1623 1224 997826500
182 1224 815955864
595 1224 182431649
272 1224 833108569
2546 1224 113435011
2180 862 12680384
2116 2689 958829596
2505 2689 175398458
1389 1224 54479897
2963 1224 185128018
1465 2689 909414720
358 862 638750749
2644 1224 286906323
1006 1224 197687883
2071 1970 258331693
2898 1970 701417755
1130 2689 676011273
1320 2678 357738290
1414 1970 462220573
542 1224 731726113
1261 862 984813655
2868 1970 391411192
1790 2689 82924824
2512 2678 696279227
1802 1970 222324505
695 1224 28666209
2258 1224 784653251
46 2678 37707674
2838 1224 218874438
1168 1970 581210890
2113 2689 276284140
1065 2678 344396080
198 2678 789153608
2068 862 177534859
2750 1970 300266791
1492 862 19763486
693 1970 832537712
1021 2689 684931403
1957 1224 857583005
204 2689 100709686
319 2689 623604965
251 862 114656375
1807 2689 778630276
394 862 138697863
18 862 87050564
1353 1970 121023685
325 2689 764700644
1079 1970 888102038
1341 2678 512842459
848 862 905206494
278 862 287342550
2331 1224 331886859
2871 1970 191804540
583 1224 264931661
1761 862 407257986
127 1970 831469264
26 2678 563934135
2165 1970 739322012
680 2689 371239846
436 1224 957678027
890 2689 771297773
2624 2689 180344660
2425 1970 491054303
1011 862 312800342
1367 862 222019826
1322 862 923634656
2760 1970 595529204
1160 862 769947845
2231 862 343537306
784 2689 662051560
1625 1224 306270424
1138 2689 938375570
2584 1970 973567919
976 862 117817314
930 1970 61318019
2380 1970 107206219
2016 1970 899247848
1735 1224 176324695
1616 1970 637373706
2585 1970 4546513
2054 1970 1827977
223 2689 947019349
181 2678 940077956
1030 862 16650669
647 862 320894099
1395 1970 436113033
2911 2689 645241526
149 1970 977715173
850 1970 402129771
1699 2689 2898396
1260 862 644935386
1971 2678 32349731
2518 1224 27316259
2766 2678 146184073
2427 2689 631811776
1467 2689 584714433
54 1970 927114019
2220 2689 339186133
1059 2689 99406154
2680 1224 300783862
992 2678 289155453
676 1970 101464101
1733 1224 456823254
1301 2678 510711545
2227 2689 277651383
2853 1970 525122724
1716 2678 97866150
1058 1224 464265233
659 862 32561177
1770 2689 416701926
614 862 820752680
1975 1224 651678459
2814 1970 396575511
2017 2678 283579989
2407 2678 549642330
2657 2678 847867394
681 1224 232894522
1050 2678 507698537
2132 1224 654975481
1289 862 695105782
468 1224 122959995
2557 1224 911555087
800 2689 347192837
1070 862 530503669
897 862 973813580
634 2689 908659359
192 1224 106878005
1441 1970 86533914
2647 1224 214240869
2601 2678 912242658
60 862 315157908
1750 2678 137616233
2722 862 330899150
816 1970 950071061
1411 2689 203209160
501 1224 268512381
37 1970 86076032
1762 1224 971130943
1481 1970 10410819
210 2678 43083137
165 2689 75587263
2656 2678 376804535
1240 1224 569478966
38 1970 488993999
2692 2689 519685528
2044 1224 134063340
907 862 79973835
2891 862 637631347
2213 2678 5075290
648 862 323411898
1558 2689 624952521
2545 862 620474225
562 862 964594112
1859 1970 613486565
168 1224 994961405
1720 862 809873868
2087 862 147887398
1902 2689 32843978
671 1970 202890842
2158 1224 890809663
2140 2689 852093004
453 2678 462158099
980 1224 810780408
109 2678 980039900
343 1970 66964798
2530 1224 664170785
2832 1970 281513713
2019 2678 593742775
136 2678 226815187
1471 1224 693573869
1862 1224 597803318
1311 862 877571763
1412 2689 172338890
1490 2678 843132036
1233 2689 782521488
2785 2689 371704207
2094 1224 256659235
2913 862 884086361
2066 1224 934632090
1164 1970 635500764
1288 2689 64932144
1556 862 643228656
2860 2678 6798338
1496 1224 98072183
1437 1970 901599895
31 1970 539409229
2547 2689 555347226
395 1970 312584960
1947 1224 437383812
2289 1970 584066238
773 1970 78607972
1717 2678 802812166
303 862 569163536
1027 2689 117671120
1323 862 885019812
1371 1224 718619330
1426 1224 876821468
2197 862 540890301
2236 862 43415852
1743 2689 996193904
839 2678 497386079
2364 1970 222734668
2106 1224 95822354
1430 2678 541614425
1926 862 633547593
525 862 978388638
315 2678 41485723
1202 2689 896578038
1618 1970 226282691
1181 2678 38595005
1973 2678 55844668
1550 1224 915663212
2503 1224 135911837
481 2689 620441639
812 2678 394586413
589 2689 842456950
423 2689 799880815
686 1970 77945848
1860 1224 712774568
777 1224 83685037
113 1970 295915124
2909 2678 141205196
2466 862 736749564
1136 2678 96397600
2810 1224 308361564
61 2678 331004291
1298 862 669869483
1199 862 845429812
1734 1970 739421915
4 2689 652503221
1336 1970 46736191
2638 2689 121706517
2457 1224 170547706
685 2678 21995826
157 1224 619477797
886 2678 945436508
2286 2678 912384761
923 1224 431040052
348 862 264524104
2611 2678 857487138
177 1224 61729507
1920 1224 636982695
602 2678 129312442
1753 2678 90745422
125 1224 51612966
627 2678 13414814
176 1970 250057072
2014 1970 696876674
462 2678 754994565
1216 862 720585027
1811 862 519780477
133 862 953755121
2445 1224 38161868
2907 1970 850007689
1034 2689 560713103
2182 2689 414495825
2429 862 625152799
625 2678 652835427
2154 2689 137163847
1501 2678 821118519
1721 2678 954169842
1317 2678 838032410
1464 1224 495339839
1310 862 61228927
494 1970 354073256
2329 2689 138124040
1402 862 896025076
1153 862 398422517
1012 1224 968821420
1173 1224 352562061
265 1970 602824028
2358 2678 171186423
555 1224 555711224
2858 862 149639255
2157 2689 386948363
2553 2689 747781296
2470 2678 626954725
2806 2689 127385115
1893 1970 50648660
2705 862 884240063
2811 862 134890569
1245 1224 4500976
1157 2678 179518638
131 2689 398444766
2109 862 136325672
2219 2689 506056730
2732 862 151952507
2566 862 525398345
2367 2678 831725324
2394 2678 214203104
1093 2678 224574226
2184 2678 641236180
790 1970 265926286
798 2678 474181136
338 1970 749002685
649 2689 625348557
1377 1224 32447436
154 1224 139771275
2300 2689 556286759
2959 2689 557727427
1417 1224 177171545
851 862 696711607
408 1224 44780062
397 1970 169511572
780 1970 466275117
2189 862 712289064
1563 2689 441108409
2542 862 390664591
759 1970 91126338
863 1970 132251983
1228 1224 957642041
1179 1224 768302536
1505 862 231238349
1023 2689 892845973
2438 2689 840488574
2118 1970 318347698
285 1224 538706544
1098 1224 399894031
1307 2689 747262074
1386 1224 368659887
786 862 517127041
253 2678 487308699
2321 1970 80375303
2027 2678 469360157
821 2678 487268277
616 1970 117749218
1798 862 457852806
2456 1224 540227855
433 2689 34452978
1305 1224 574834387
2168 1224 737394081
1960 2678 129402345
1868 1224 407087596
2935 2678 737371886
898 862 954231778
1543 1970 4323076
1639 2678 769969306
1326 1224 840211757
2654 1970 25138780
2215 862 362618964
2919 862 974438178
1551 1970 70279189
488 2678 523790494
1297 1970 851268373
1854 2678 984188983
2816 1970 946149102
1741 2689 501328639
97 1970 617642176
1393 2678 889344562
1172 2678 952126667
1567 1224 113227532
1125 1970 869567324
160 862 374274986
2697 2678 795546400
1203 862 683307992
1671 2689 90797992
1061 2689 918206610
1312 2689 96811015
1090 2689 948707602
1499 862 450905551
2377 1224 568841383
1195 2689 658065403
2563 1224 904542372
1282 862 38662608
1715 1224 720531006
1231 2678 599871763
2092 2689 560026130
1697 2689 867859254
2452 2678 371095876
1805 1970 672867238
2271 2689 92226191
1585 2689 109084204
119 2678 934087159
194 2689 797585637
2009 2689 710732978
2893 1224 738247560
706 862 762790470
1759 1224 317479180
442 2678 222271310
1557 1224 735541677
1713 2689 873226230
1655 862 18336810
1775 862 441814198
2237 1224 423606218
2374 2678 328874183
2885 2689 579376011
1945 1970 913531784
842 1970 414570191
1066 2678 903482309
2421 1224 499115914
1010 862 200886752
623 1224 426698625
1627 862 267559832
1388 2678 607511356
1801 2689 132184936
1080 1970 740232586
1686 2678 784392216
1831 1970 215966045
1885 1224 722831217
978 2678 269470481
1808 2678 898586751
340 862 142796368
642 2678 814318094
1747 1224 134834540
2241 2689 671385378
1719 2678 263209037
1594 1970 664893815
96 1970 118382280
1547 1970 771959793
2142 1970 510791477
2693 2678 63950870
2230 862 35871383
2781 862 626432197
172 862 858358743
1907 2678 229814820
360 2678 901366942
1273 862 816375591
2648 2678 302724993
2460 1970 248613706
1810 862 435255067
476 1970 868191765
473 1970 409136570
2556 2678 842114313
1334 2678 34639654
2242 1970 323674761
1917 2678 438608258
419 1970 769733310
213 2689 197956738
275 862 795416580
117 862 884058841
2033 1224 636740076
2397 862 967852709
308 2689 869623369
2359 1970 66016213
301 2689 726440713
1122 862 486403173
1744 1224 146120719
64 2689 14363842
2312 862 410997430
1754 2689 461760791
823 2678 136224617
719 2689 487064796
474 1970 807014392
1647 862 543424532
2010 862 66872410
2474 862 440878789
2055 1970 49282615
137 2678 683131396
183 862 188629703
1174 862 843537188
1238 1224 36006427
503 862 547807024
335 2678 200114810
1299 1970 625180272
2539 862 208919024
389 2678 417442604
638 2678 510658145
1121 2678 828086492
1510 1970 881711094
355 1970 66473962
573 1970 593222645
1522 1224 586634976
2112 1970 825284113
2879 862 714900351
2440 1970 667065566
2957 1224 427835642
1606 862 403996292
2618 1224 549132315
2208 2678 77871156
156 2689 447150349
496 2678 212108838
457 1224 94214357
2854 862 840754640
2522 862 906139205
2245 862 413750146
2596 2689 886487022
707 1224 930155355
21 1970 54935280
1901 2689 326356910
39 1970 118736530
1554 2689 628726143
2274 1970 801020397
2426 862 155779874
2334 2678 143827602
899 1224 809531630
111 1224 11023570
2509 2678 98933487
249 862 849460850
1118 1224 139523300
151 1970 1633530
291 862 533229380
2100 2678 761802268
1219 2689 143413156
2449 1224 998587824
379 2689 349438611
2932 1224 8422177
1306 2678 966912990
2903 1224 398217562
1685 1224 127942911
1296 1970 920443921
2284 1224 158952763
591 862 69710889
1530 2678 111491741
1406 2689 673945123
2930 2689 224807766
1072 862 297278252
1906 1970 417856734
2256 1970 562014649
574 862 964368423
661 2689 858696589
2126 1970 703935517
1614 1970 62942865
1104 862 983127052
1348 1970 90307496
895 2678 127289167
949 1970 63365431
767 862 804415902
1131 862 728812496
1878 862 614235447
1840 2678 12845928
1951 1224 82560855
2150 2689 895895315
1730 1224 201957424
1876 862 970629551
1649 862 758083862
1217 1224 309547442
2780 2678 229972578
2151 2689 248002725
1643 2678 811464749
896 2689 157173692
1923 862 127156851
2784 1970 639125024
200 1224 115642903
222 1224 709382884
2497 1970 773399584
1187 1224 278425366
107 862 614295584
2431 2678 111283218
23 1970 962686063
33 2678 354595660
1162 2678 377340649
579 862 991279218
8 1970 5997631
2912 2678 632614588
22 2689 315728006
102 862 359576314
413 1970 297406005
2290 1970 751360609
856 1970 466677530
2454 1970 333341502
1718 862 889750949
1866 862 461974210
1487 2689 176253950
2606 862 67585538
762 2689 217559167
1237 2689 449140177
1025 2689 529287514
465 2689 909426871
668 862 586707756
2435 2678 373850550
2599 2678 70509151
2523 1970 428575637
354 2689 908126604
2476 1224 132202487
185 1224 750366366
2127 2689 923973729
1022 862 452907170
2859 2678 973808388
212 2689 97487980
521 2678 368868705
373 2678 4188533
1212 1970 356980680
570 2678 496473139
1514 2678 729460319
378 2689 701419214
1314 2689 279565690
1788 2689 322254414
1980 862 177359002
652 862 121860033
1226 2678 105690425
2683 1970 1315560
122 2678 548584923
2026 2689 6931064
2877 1970 960141751
568 2689 840009146
1215 2689 285506551
2400 2689 905926384
1838 1224 695826127
2251 1970 47596271
1085 2678 536025297
917 862 171564
1139 1970 929011262
2462 1970 613748723
746 2689 529133465
720 2678 70913306
1617 2689 313251617
456 1224 270183395
1474 1224 947802517
2335 862 645671566
2082 862 614102506
1521 862 588843297
1457 2689 147477604
1076 1970 428172624
2023 2689 55859866
166 1224 350653861
592 1970 751558791
756 2678 257359551
997 2689 305276237
2804 2689 144560395
2614 862 31364610
1024 2689 928989375
729 1224 459961612
1529 1224 746006449
928 2678 297434161
314 1224 493585409
938 1224 806565218
1908 1224 406772569
2511 1224 309836908
1370 862 128281800
1155 1970 927941474
514 2678 151975505
1609 2689 280421516
1757 1224 190276666
2479 1224 59628643
2379 1970 406385184
2083 1970 353096169
2343 862 848579622
1592 1224 316441827
2417 862 119314916
754 862 79923842
2013 1970 87392698
322 2689 692486040
1578 1224 889104701
1349 1224 936419864
2107 2678 147769105
972 1224 661026327
2212 2689 145391204
2674 862 410627514
2288 1970 478739037
1124 2689 109216747
1081 2689 23337871
732 862 625595019
2461 1970 157378986
245 2689 348982043
1355 1224 483686432
1048 2689 518110028
1258 1224 73871894
1425 2678 3343482
1252 1224 705464828
1478 862 870354842
1650 1970 619608772
2925 2678 81650402
610 1970 378993828
1483 1970 874826363
1873 2678 394353652
2443 2678 218627639
2864 1970 578949069
2550 862 278582535
637 2678 337948134
924 862 611942520
377 1970 57118380
2333 862 34345665
2533 1224 532252839
702 2678 655964393
1394 2678 2822563
310 2678 126338024
439 1224 992361603
2311 862 128442840
1485 2689 855362872
144 2689 904222515
999 862 219107332
2035 1224 327958984
2089 1970 691153611
2187 1970 539698416
1782 1224 201596311
1343 2689 461200840
2465 2689 193082395
557 1970 875851851
2695 862 183127905
1007 862 424698089
1632 1970 520209719
2047 1970 7239427
184 2678 36600326
104 862 227191779
1319 2689 356894055
1619 2678 958071690
1891 1970 133666628
535 1224 464189216
1789 1970 840442362
383 862 115858495
1102 1970 73075476
2758 2678 308224147
2635 2678 598105909
822 2678 78514292
409 1224 861343296
815 1970 323260150
1318 862 83512003
2266 862 986629346
2062 2678 861286844
1099 1970 979556986
347 1970 143738766
2387 2678 389770382
1621 1224 417710352
2000 1224 979252893
163 1970 3066028
2319 1970 593043719
326 1224 982226813
1771 2678 799608413
2787 862 815841347
1588 1224 69946350
2887 862 199541867
1830 1970 383590475
1101 2689 777678375
2594 2678 429656393
406 2678 480247747
742 862 987193760
2365 2678 281537418
1209 2689 809111442
2973 2689 555887452
341 862 566882435
2719 2689 1687575
2899 862 546037521
2162 2678 47959365
737 1224 350911703
2298 1224 334862935
2714 1970 246946687
1596 2678 282947161
1925 1970 581315721
2339 2678 883508902
1740 862 611894894
552 2678 114234946
860 2689 961199158
603 2689 98612550
1535 862 883401663
1979 1224 660752013
1222 2689 286022162
331 862 30795163
1748 2689 896426180
1533 2678 73882247
174 2689 987181635
1468 1970 493788558
2798 1970 710886353
578 1224 637214349
220 2678 400362118
885 1224 656134635
2972 2678 149372264
438 2689 766751244
2179 2678 98496465
783 1224 214605815
2046 1224 12599571
2506 2689 284413634
1392 2689 184465362
844 2689 105836795
2265 1970 154392806
868 1970 276723872
2004 862 326102598
68 862 125189187
1250 2689 543886190
300 2689 953183412
148 862 10849753
849 1224 969361344
1056 1970 370413812
2148 1224 430297497
690 1970 583798977
351 1224 892474613
1132 2678 972998110
655 1970 215099118
724 2678 377594713
791 2678 244112318
1857 1970 171919129
838 1224 709221707
2275 2678 95368419
1084 2689 518462313
1286 2678 35545468
957 1224 927730023
2789 2678 139224411
608 1224 679491158
1095 862 259017576
2889 862 336337679
2731 1970 167296436
2345 1970 315926680
1665 1970 765951653
1108 2689 24014191
1918 2689 52995061
384 1224 544722402
2069 2689 695714674
1804 1224 448841892
1966 862 71656838
670 1970 748583976
750 1970 159043640
362 1970 536595737
2713 2689 915118413
110 2689 103392203
950 1224 866986295
631 2678 308600449
2642 862 740833575
1251 2678 51356562
2548 1224 741429992
1243 862 352293718
865 1224 700394376
932 862 569780111
1518 2678 858629556
399 1970 135165439
2303 2678 490558660
240 1970 997249338
553 1970 358424365
658 862 631354886
1731 862 921728699
2672 862 474675538
195 1224 744390716
1549 2689 511957721
904 862 710891761
1773 1224 809561967
543 1970 250443434
621 1224 897535986
2795 1970 410921993
2552 2689 923635944
238 2678 707832233
782 1970 278139135
2663 1970 70832951
735 1970 1908122
416 862 700732192
444 862 165397641
422 2678 317809093
1528 2678 410936668
1201 2689 720220175
677 1224 223346522
1455 1970 162942053
689 862 929371806
531 1970 100871658
2304 2678 594156564
2740 2678 458169313
1376 862 436934548
247 1224 218305049
1082 2678 975909433
2537 1224 901566158
228 2678 574899946
2018 2678 535196031
2468 2678 225058789
1635 2678 745353903
2030 2689 212729705
2110 2678 919428847
2735 1970 608935610
1067 1970 843808869
415 2678 582262363
2314 1224 899810453
229 1970 828219191
480 1224 589194964
2467 1224 771089112
1833 1224 946716192
2134 2689 374125658
679 1224 897968683
328 2678 805702959
1689 1970 553444456
926 2689 225366704
197 2678 490996917
289 1970 683791361
2753 2678 16325223
293 862 893108806
1408 1970 114795360
2196 2678 121500113
80 1224 5655146
1486 1970 762648153
1976 2689 624486977
582 1224 73060896
1842 862 832391029
1285 1970 432137587
710 862 502473813
1374 862 894846353
2423 1224 379496418
2224 2678 314736066
2411 2689 673095020
446 1224 159500611
1622 862 219913636
2825 1970 253372989
2904 1970 943069530
1204 2678 387387049
138 1224 1051763
2464 2689 435264763
2105 2678 116870923
1163 2689 528086432
2424 862 99217116
2031 2689 171069165
1026 862 873276916
2209 862 872523028
516 862 230686104
813 1224 208904477
2385 1224 259755549
2458 2689 373823895
1218 2689 545189990
467 2689 658586940
2627 1970 172442617
787 1224 48028971
418 2689 481133922
1553 2678 663431483
1663 1224 320948935
1220 1970 517808436
2076 862 356799835
1968 1970 911587292
2866 1224 436596165
990 2678 836232843
2778 1224 244920222
1045 2689 577802289
2099 862 821082662
51 1970 993928315
43 1970 386886470
2602 862 982566099
479 1970 97465787
2528 2689 128578961
100 1970 428038069
1236 862 588827565
2283 1224 950405013
2694 1970 385398688
2003 2678 787145516
2792 1224 420250887
2592 1970 48298363
599 862 896182623
2948 2678 175889783
747 1970 42993491
493 1970 318684491
916 862 962838355
2682 2678 273540758
1242 2678 799734490
2121 2678 989690381
1670 1224 501171419
598 2678 194705397
810 2689 991453035
931 1970 452997449
1696 2689 23714886
660 2678 65083207
323 1970 209572290
605 1224 72420592
1509 2689 414795963
1611 862 988575561
1177 2678 1829518
594 862 767260416
1909 1224 453546688
452 2689 721853592
551 1970 768553098
2944 2678 449280637
2122 862 518802633
260 2678 121107718
641 2689 95991522
1413 1224 440539206
2776 1224 887214688
337 2678 212452317
764 1970 790188231
2593 2689 606822170
629 2678 875775173
93 1970 715310213
911 1970 509040468
1152 2689 148093949
1332 1224 864467907
360299878 796682 502874 958173 995039 743095 68968 555522 543675 230820 125946 729139 219922 765022 770208 286952 365817 600338 759516 565233 278961 335194 507104290 287637 372956 728389 98042581 879781 754298 733669 937484 140397 169608 7732 371303 366783 47200 73362 947204 835258 577878 837947 787671741 133645 520124 246041 562778 57162 141952 58342 708716 399127 637562 516644 341692434 666494 550688 209158 709441 427120 104102 801546 404222 192962 122233 328316671 476315 935293 993130 604835 339652 789249 561356 440723 1686 180930 754811 322365 425544592 720297094 7217 654195 885073 894791 928321 641310 55512 103028 717498626 448075 674839 924451 697982 256089 863084 67451 702313 291513 438344 227751 451957 644485 499280 702930 657547 244720 148632 462311 389772 193782 340034 138050 547496 789595 187688 64736 296068 974592 207120 449627921 81331 296699 239663 412614 555613490 650341 499795 11133 104248 994719 218863 470722 932276 749528 63386 995449 850399 328097 594593 469200 482623 895244 792931 983220 487931705 689408 989878475 989832 9019 638954 454632963 100097 226317 578783 28004 321412 871654 734561 120380 968371 890879 710395 869855 415210 9255598 870713 234761 768430 806171 268691 952359 95554 859152 801599 157457 640254 654398 359411 322900 605372903 810010 535441408 408202 665682 946703 585005 546849 88621 90081 337642 983260 802696 180948 281879 189747 637847 684500 210755 15264 209153 356707 514420 918585 177890 183391 862530 638260 159020 914628725 896326 196839 909722 330185 324169 549341 940146 122246 2702 957913399 487240 539649 203121 400651 24997803 605252 597527 575005 576171 755264 219148 973788 362025 426730 441271 365955 793256 106827 66042 427653 464905 717166 534399200 563835 966720 117143 807166 760818693 502341 768908 883093287 209025 953916 84738 987515 193817 785212 727876 627733 975307 837865 638277 649064 147247 251978 553022 663732 242063 461727 127542 40166 425513 763129 271033 26701 472075 272856 306216 994862 343692 809165 688233 434977 24089488 624498 712123 830626 605694 156785 399157 208483 396379 734719 223837 818865 961376 246047045 711078066 209549 577035 579127 499669 100792 990097 39185 253564 677654 830186 962814 231529 781358 3219530 204466 256046 614054 373962 911410 618917 753226363 984642 514964132 635548 850006 674881 991585 652760 804148 615752 531801 961202 169854 628411 876882 928108 668778 196248 957522 960011 132930 107805 126321 767392 906089 253943 594079837 976888 812650 244977 562830 723498 181703 498041 316916 11494 613975 456410 665259 172024 72063 298547 991428 181117 528254 256859 798562 45738 446921 487609 999355 857769 214101 692908 636674 267401 860623 436413 312292 60961 977521 229803 667037 20015 910175 203025 861167 334520484 428179 897580 965516 382287 442966 165980 956187 258757304 666667 861774 384136 14654 143809082 758608669 982969909 568751 462697 188997 936247 51358 221209 910531 741525 60079 448986315 3402 990547 911191 409539 4681 968848 937433 542557 311025 762836 548797 584628 830608922 585833 841094 535616 120781 612043 170915 635148 145186 632979 514034 71126 930258 663358 63573 471439 446708 123176 858724430 674873 851547 858374 317315 761652523 131868 24356 191567 303858 108192 460759 830291 907973 561039 438401 593025 812623 877740 442196 402085 422941 336181 20973 297998 888697 353257 521507 908020 233144 84196 723873807 387994 47305 49222027 228220 562873848 786164 279621 866001 27390 660193 849339 86300 973461 971627898 679005 412415 993792 156925 498425 877106 988881 827764 134148 834004 254776 348241 849439623 236856 183815 520564 821594 824475 850598 146571501 631702 100889 262446 975190 650855 99647 816535 728370 454952562 463123 175871 588663 445617 856823 124690 922587 716994 988767 377586479 183038 876211 429379 571884 863462 994304909 920804 835968 972413 342705 634311 812921 282471 811568 164971 575393 684861 388255 390422 195967 672568 527103 607285 911059 745989 320382 122 124687 664422 450623 304147 383342 400575797 349942 83414 512610 134578 233843 903419 785970 222326 183776 937706 771 335131 954527 188722 512816 768464 131666 429602 108098 57599 606066 879954 618766610 790758 387395 134129 472989 380609 537503 412993 856887 628903 610016 138601717 679401 370344 926296 753786 237335 643597 276208 406144258 235878 53040 698174 894202 934129 973484 245654 784597410 994791 724543 417907 403611 728938 331061 100016 628625 248747 621316 64134 856035 868429 420809 930962 129433 749493 359613 544190 971867 643566 190381 192082 748488 362207 876500 837724 162793 51444 606538 954149 222488 74587169 178676 383875 4566 712618 370165 886684 112040 304242 796640 1015 514840402 392307 697433 39646 299025 619111492 125376 176439 90360 53510 601161628 471142 542214 377449 969938 972855 541250 760272 181952 346623 426061 193165 26676241 85671 913914 853923 204974 281540 670822 866523 260149 584918 795719 993584 242349 153190 254595 340776 63913 437120 746607 72148 952773 24458 118727 621131 289463 676435 651575595 678294202 298948 812000 392567 748923561 866222 252291 874668 42358514 985294 730010 822541 446110 927240 785121 601546 918577 638102 155300 713339 617613 757351 498489 182263 60020318 358240 932258 909437 738771 14683 127782 98916 934496 295697 470893801 28082131 897634 316247 532517806 137773001 243762 450408 821320 165451 857485 204051358 770078 845000 441870 947564 648012 819115 878897 803080115 671768 421312 822028 994565 198867 916195 203599 212793 945483567 57012644 980873 639764 595097 105089 931970 20045 710902 437920 795433 40505046 730442 160285 670929 783112 655719982 703121 200831 257822 875914071 601260 267489 146428 50462 234216 440020 946273 486603 630576 22255 940027 629000 918165482 513665 273397 980423 304252671 661842 689609 627869 728484019 467075 632968 539903 168404 944688 918188 463655 793168 391694 359743 562697 741661 880862 7055 996496 822857 698057 647117 470184 475257 325736 449865 135822 420403 11112 117513 181663 298509 976799 198603 310537 520322 739246 16067 460756 857202 842421117 236286 222180 846903 466939 122606 54625011 407171 133209 13823 871166 696684 930348 928649 442192 667463 805170 580107 777046 939578 190513080 541435 90763 818056 534025 328468 872437 879556 851991 196114 146369 841903 208249 390074 538547 538637720 414243 927085891 791967 374109 704822 293777 791013 688750 461369 987943 165072 254798 988523 198465623 168195 797493 453432 871259 87322 96431 640351 310726 967790 467064 640611 563088409 34711 903489 489513 897246 578872 384658 691464 663247 443073 219753 30361788 336004 218189929 787860 165018 706204 894155 37644 109317 42373 658071 198691 952303 324875 616427 405522 288737 386168 778203 961675 4827 437053 601720 115458 501960 493109 87792 892842 442560 49250 709969 323198 536320615 526780 195939 325469 89162 700699 590777 705884 505494 975706 638677 716693 256377 648642 505176 220180049 615021 839227 900305 326073 32654 951164 427560 320908 237750 492893 626657 777069 122595 856998 91764 722280 547025 23337 808622 548841 960687 463563514 467571 610377 2972 355698 517833 351978260 289529 704271 970335 547123 854366 147660 356888 681795 260671 10790511 943411 255968 295452 834700 724435 551822 603584 75681 465056 165690 838522 468550 131927 785442 960445 574727068 539877 787247 993497 683366 975388 906263 474142 672220 982416 894356 575798 498290 23656 810298 734683 365540 779326 335128 57179 318278 379238 964624338 943287 823405932 849388558 37213 593570 747476 852680 954330 441408 85551 903638039 497292 291671 959660 871079 778052 116086 172519771 500644 504842 65169 393644 572173 688497788 359166847 315911 379712 498837 248602 830016 445685 465123652 481681 316546 220664 921742 971627843 275850 726618245 794662199 914922 238794 784961 272077 771550 519678 728558 854207 346920 72994 399648 45416 208220 743015 152086 495164 745644 96132 212474 70169 198162851 394267 54780 323008 107189 711734 953712516 544711506 589899030 442790 688406 890869 162437 707804 136164 452275 381833 829044 8684 893793 777098 19549 881520 768226885 515827 516219 80429 676759 236919 795529 112729 670633 424662 606121 200314 223663 243839 922721 517559 21962279 290274 532393 301641 668529 354747 519865 57209 431131 836667 823095807 577325 385146946 486740 645725 970296 415384 918550 144794 409749 224960 533925 529615 232525 726042 708823 752509 663540 191994997 344278 642757 68326 7456 706490 633685 489981 851762943 806840 855078 914644895 281061 608309 871541 942112 374177 550823 220920 165142 47403 193971 431218 547198 785261 480324 113027 792892 271391 364223 664455167 988788 535105 311928 189967 72658742 641489177 596055 951928 945038 920379 813992 568877 515103 716463 158077 606661846 972512 607477 734404 145867 437613 949040 972261 61768 589328 868321 48796 228689 50200 22327 237491 505409 509080 715520 256053 174710 67423 959381 218289 222503 991444 479265 826508 102743 635138 483419 880514 536796 700059 953285297 40014376 747010 398762 110617 570013 138921 348056 446386 624660 655959 443513 883013 959763 869654 64125 614834 2436 385739 524212 911765 783527 292485 297254 57087 343171 127611 71311 211884 911095 816515 922091 927884 845830 847808751 874173 802426142 661618 914568 346217 250645 234905 493637 802111 767456 886683 228014 247265 18619 920983 198684 48882 352706104 656316 914034 559110 46359 127267 176112 421559 891803 355870 363769 482690 510401 413635 649227 661908 716630 430698 240168220 762091 458734 547441 641747 434996 765564 941726 4230 725061 81994 697086 1852 724485957 103112 688884 28320 271007 650774 46013 895668 329150 84750 252603 226231 441313 443267 41989262 249396 841243 1325 712682 588695 847800 664343 424044 971402 338396 718479 494505 902361 423589 658206 542891 790508 188442 15634517 348920 219373 850621 157556 436262 60386 712202 776596 334494 867069 376457 164083 185905 273614 405899 618821921 749261 953376 427354 150387 759260 398554 294494 859390 966629 539473 642216 584111 625973 589796270 958757 473057 824887 60858 696768 184576 776258 925879 852421 853185 395727 850705 663722 111057 786458 235222 7687 470300812 627528 145337 78325007 1772 731604 761358186 798149 376176 924759 579492 718669 730731 461116 25967 84281 367818 842373 644069 391206 592367 139359 33541 776466 714284 632387 842584 743338 566191 496753 897992240 401674 773148 34975 135024 254247 383713278 943316785 671921 2509 136897 510559 745515 268727 281111 143234 984902 444133 567159 521463 308378 481369 355596 636502 336714 108005 35614 7041 893354 517548 839968548 929929 212761 786751 177192 395305 275237 681072 844037 250102 405255 376581 952292 766415 108193 266197 969776 945579 965174 889238 907294 554964 286614 664115 555953 161679 233316 429964 161607 113922 900971 630060 360062 489844 980238 183461 658577 39469 76525 128015 859429 927825 382700 68608575 2408 662879 442499 188030 514254 749233431 215963 887703047 604460 94425 627191 398729 12442 104732 259821 683239 567417 167915 570545 403659 957531 549761 523781 734335 89404686 712886 620564 403719 521049 329045 693026848 167245 191470 391224 660045 927871 163035 549789 179256 974891 717631 787811 113379 753715 721423 323314 381282 952209 124821 928981192 65998 406515 132858403 967404 842313 697158565 55135 518348 979131 764208 59369 212589555 914589 133130 217757748 58100 26073 390435 647033 725974 266633 520279 814984 913872 935431 464583 553270 556441 28096 960901 939102 260440 369360 53912 43203 650993 968026 835045 146465 148405 774394 834421 588532 362869 134154 938752 23653424 879308 729837 704276 706416 653370 586846 686223 862283 689081 730773 158950 952749 817564 167904 946974 449909 894473 623296 35333 358522 710536 881896 367499 631801 192340 221663 714372 195408 444179949 843482 656491 812228 10881 393626 260032 304155 629891 773841 160394 827166 65844 825059594 563785 878038 329521 777162845 125335 156110 58647 888344726 188685 789350 605173 973970 86530 607223 73234 687532 384609 275400 885182033 167644 874176 404760406 252835 467948 256380 63001 30166 795105 688425 36242 263465 580578 134773 78930 456835 896252 627305 511934 342045 677930062 546601 855301 582890 643176 703187 77112 62943 481365 180743 158705 412313 885507 210342 842630 439969 492405 294362 557210 37985 201132 39258 592842 885553 315301 384936 385472 583864 782222901 802779 461171 611545 961948 117508 594581 506540 825658 181108 10721 536141 129329 590606 503289 292244728 575846 725137122 670026 972076 391742 600531 885293 800308 705517 907824 302194 931525 365394438 975109 3809 496999 262602 850583 269945 391525 181701 876867 198011 459707 314022 92987979 141885 426910 704721436 992514 449285 731415 470224535 448550 857658 31486 206628 329170 260577 348751024 8902 260558 154582 391743 381628 497007 270295 532286 645517 5551 894588825 194858 331191 728555 115325 650450 771970 516424 573943 504962 655303 320039 15342 364323 430403608 50508081 608161 970343 971387 279561 230695 989172 903852 386487 748586 463354 623465 217380 950611 421022 675681487 124861293 687828 84440 141442127 97863 784673 90360 731361 922180 830621 860757 425998 3944 576588 228845 971819 781141 459342 225399 103083 82866 589949 404623 527557 81196 957508014 854473 467723 105860478 260468474 39821 883870 35275 85027 324799 352220 969828 424351 48365 764003 289885 358101 835463552 549459 995336 615063 783979 258868 555935 819111 108875 507323 678672256 344521 992844 211371 536172 741984 15522782 331123 43245 408667 662656 367024 940184 339821 188569 414200 952370 55627481 851611 619974115 9507 450922688 1481490 907909 381335 111665 804488141 127012612 814941 473806 184835 892288 422560 580780 79602 122042 507825 887829 754444 612651 129021 717009 940343 289735 543315 117755 563596 882859 373689 508006 701177 763881658 278909134 165629 239939 683331 498534 669914 762500 921246 256583 635416 165882 973990 607387 124998 591766 42120 312412 241415 612071 265148 63743854 606540 915051 4677 968247 861222 39896 325826 263425 322736 428045 613242 796295 604080 435099 438102 533926 848283 829578 433612 468136 218796 390518 378560 880729 675947 50827 856513 301866 440286 164989 86376 99971156 798103 755909 226410 456455 162616 82496729 209024 610543 128468 781244 897211 602825 369101 791420 221570 263186 708183 360462 506299 529573115 349229 633142 713322 568505 950265 791111 340121 839242 153342 153368 194202 463824 725511 197425 218133 342965 472225 957894 649057 293027 190636 681432726 480949 404376 18053 929229 373732284 347866 653595976 277689 58886 557137 338258 464448919 475614 45988 237382 719919 54004997 260548 533017 542393 231933 85551 284370 22109 325012 755193276 672307 885957 602331 387584 356114430 739837 580672 690283 410735 503939982 167186 824446 565129 107865 242526 595657 844848 234282 163519 841055 682197 691592143 365435 924773 292454 14100 190079 612159 115624 123017058 307298 449571 372952 786023 238925090 814296 196804 772291 107394 545342 750235 838428 464989 294516 691938 366148 405535 55083 103498 970860 896589 739151 714424 367569 932 53759 857225 617294 512546033 984194 493676 3166 427326 814556376 539103 966208 693641 375337 36941 944960 172021709 285626 320846 565582 943085 467204 628337 726293 826577 430435 80324 633569 101043 377640026 231000 395776 657068 470028 269502 918985 875709 900211 657609 604628 227091 979775 741847 32317 825125 842854 552758 884366 531291 614629 101366 496376 880773 304867 813429 375762 933297323 687240 756057 609562 526863 152960 432683 535492 485999 279187 92384 308532 943945 567043 689651 718220 530672 703738 2462 594166 483706 740920 810254 514600 607713 514913 995483 828647 15549 445147 991992 63959 47765 453062 311366 775510 934823 522294 650415 770891 179015 813049 54756 460595 628356 480122 51017 579993 62814 390780 611108 110469 424616 928254 634443366 765317 313583 334206 40094 936505 720702 303891 474874 327940 328546 588784 863093 677819 228444 540515 285635 133327782 348322 99338 185709 726222 695520 936129 459627 574351 115051 827601 87583 42192666 678171802 655993067 858555 75357 840234 529204 820452 232692 979132 162506 969506 376470 41030 968504 387832874 686695 947265 982480 58965 255031 326224 797301 576332187 116956639 642092 233050 693555 557195 314678 206127 661232 957681 952491 182453 534301 779875 505947 423982 71746 185919 531981 445491 502721 130269 361605 830190 867530622 773807 568755 268287 632640 704730 543304 497133 434809712 517673 786048 181947 257694 281633 367771 515860 698526 904281 597117 296151 976544 890956 309186 516118 753886649 850833 932692 693431 650664237 408185 361016 300800 72157 385026 56852 380284 669359 815943 368588 248397 927271 489815 716309 387713 486044 16740 670072 620582 681348 904435 576391 118528 821318 717253 801561 710094 673441 379882 794710 864754 484269 507721 969186 801540 981569 284327 251220212 809253 231266 727765 636875 274409 578678 704920 762598 258067 476034 927264 944076 153645 2607 47066 649787 798501 151888 760265 860553 852992 221569 22388 940831 468953 316795 755082 536451 92913 976757794 858087 448597 305133 916370 97687333 367808 880392 367948 218154085 92587 859797 387939 99331 725062 575035 678887 737271 738872 398742 707654 878394 340718 477715 985105 391613 265201 444095 235558 465821 550818 507308 237312 661080 638510 803756 230256 217145 527304 563136 729431 996642 296234911 826370326 332786 60872 72669 586699 886390 431063191 589701 231059 602191 242533 593762 414350 834958 502473 891892 576829 526707 753232 431317 541966 216138 571458 672899 472517 630707 908069 282138 600394444 885780 753647 183567 25108 540029 994319 556854 358351 990646 497112 825596 653459 181861 628464 479436 370831 704742 195647 70629 217516 631625 488768 535376 892572 126261 903817 844167 449045 934366149 574956 324845 36882 110485 217476 414894 895579 212930 24556 294451 538432 732231 667213 273204 813719567 772386 538767 46993 152193 267733 293875 349061 191440 461174 477668 18067 421760 584737 140190 286255275 794492 839212 844820 112854 876412 910507 161290 427536 115393 227663 205202 680170 578118 491322277 26849 310725 391106 883396 3470 113821 419140 703874 231645 518671 987594 34378116 462902 14797 181889 586019 613485 591299 938236 991084 3056 5129 180190 915809 675518 615708 721988 988283 902442 35946566 866962 23375649 382927 964465 199881 192133 144942 564584 389795 437164 452725 863174 236531 350657 150104 584719 629656 87039 623082 886834 341806 475912 836243 322878 524593 626733 886669294 556511 955445 815180 515320 715415 794270 976776 811232 396950 246436 912131 720299 455887 909535 870889 650290 147311 80750 768740 832579 63659 936891 993585 540607 607105 423854 748244 182260 747261 156952 747412852 41000 627658 493293 54256 175281 352902 810731 416468 920259 326955 231026 95514 815819 990190 754438 286126 70743 832866847 578794 103622 862575 559113 650510 999611 436688 831580 13917 614295 829969 80116 783560 977949 555886 35720 482638 38342 166762 833014 429464 70266 617690 888298 306442 201306 225003 645102 383784 362253 15153 640067 160042 747465 133752040 549749 788117 136721 791706 372733 659283 12208 6545 759999 220320 658185 184769 221528 841688 130323 954321 354327220 282354 708746 218122 301354 403158 98476 998889 64399 92891 868075161 757659 853439 506390 167547583 764696 168777 779976 910896 425971 669347 846686 533489 797653 839043 934154 815714 507018 507408 563072 147857190 379867806 504302 249145 356293 521495226 567814 426165 183816 587764 447054 917672 314769 410495606 947418 796073 650078 192526 515763 441683 600679 730821 196868 326421 833001 173716 390287 604371 958857 232229 186295 134409 362348 815515 568288 488233 806557 398920058 769923 706397 666017 221633 77020 320513 77747 834593 700836 333810 679465 741061 948554 379880 817886 823726 495552 343754 853819 656676 82884 235638 216792 288598 151005 784912 195602 79515085 378812 948916 451729 68032 590420 20706 529637 480138 870457 436965 848608 748129 357606 969146415 617224 46763 678156348 826038 740095 363521 396336 942062 155926193 667025 950848 478863 960521 701877 473675 770199 768320 555000 764590 781325 275368687 934239 71839 844976191 604368 903133 162531 723185 627989367 22200 70121 68328 788515 623634519 324791 43570 569510 817952 255607 814283 407350 176105 323681 897314 969497 291124 987195 216448505 152556 964341 870306 482612 264824 72568 891444 592275 340290 728988 835075 574116 229322 483283 76898 765624 436999 659976 536185 334809 180790 569575 503167 812093 371986669 40023 89290 24073 592073 227908 974738896 66924 907015 141320 114351 199995 292880 119677 252193 590281 263586 729534 368937 252403 815801 400163 491623 818340 208392 83564 230679 362083 893801 845301 142296 986601 31548 578742 192238 131587 241278 345531 534464 526500 960638 171557 624737 650764 781043 479299 925407001 774921 955867130 194693 762109 222623 55439 384172 98558 438603 376279 253927 153827 916986 948703 682079 386995 448579329 190009 380672 251259 595803 995796 106176 651593 247895504 323917 699366 23862 373718 271575 209838327 947254 810213 457768 834686 913342 774009 218591 616081 761835 254295849 868873 593467 239119 219928753 324314 423490 61396 511517 580582 181632 397771241 7673547 219482 220971 985953 826415 534025 617397 573091 104876 548221 131746 429612 719437 831657 450237 730948 355094 