2989 2989
331 982 410526520
602 982 967270303
2477 602 265488963
1531 982 426707625
2521 1531 596145390
2778 602 689213414
2434 1531 665085020
2360 2477 411062389
860 2477 980651402
2690 982 14219864
1634 982 856456453
2956 1531 522289593
2310 1531 642441290
2689 982 649834023
2183 1531 278562946
2249 602 713607839
1958 331 595070088
2846 1531 721920042
1501 331 242623419
696 1531 603551916
2983 2477 208932760
355 2477 649376864
2057 1531 127478657
787 982 727958619
1061 2477 417962802
2523 982 365913115
177 2477 352682197
2628 602 601798498
2751 2477 860630260
1071 2477 999551220
2932 2477 532372354
1548 602 583093498
2390 602 120275484
657 1531 287580311
608 331 445688601
1037 331 191489713
258 982 403386034
2291 602 282596023
2358 1531 476222000
1703 1531 370938850
1311 1531 544595258
1706 331 972580203
12 982 356303722
2368 1531 591274327
1943 331 106571960
1873 982 908270706
2758 331 979933077
2155 602 485107441
100 2477 653029347
746 331 119168056
2637 331 538685712
1308 982 276943568
2427 1531 656816963
2471 331 444241926
62 2477 540170031
370 602 338069822
497 982 355752854
1851 602 711382845
1478 1531 900571121
2333 2477 848740552
487 602 824125717
2612 982 576171832
549 982 349394929
686 602 535685195
2047 602 221522188
1209 982 378934855
1969 1531 16874093
2533 602 645633613
963 982 458013773
1726 982 965976613
1455 1531 400760175
1802 602 20353736
573 602 64829241
639 1531 756041775
1730 602 681507277
2581 602 854596311
1132 982 266714435
1152 1531 385895171
458 602 755162141
500 2477 113181360
822 1531 89677164
2949 982 119919554
1590 2477 453822608
2659 2477 83227742
1033 602 162496287
2034 1531 852996128
401 982 135952853
513 331 406714756
1867 602 23614562
1253 2477 383832372
756 982 614005399
2168 2477 227551086
1492 2477 52298859
2111 2477 766200398
2225 331 668081579
2959 602 986211683
1479 331 462931168
2982 602 664213229
187 982 668644175
2567 331 53594416
883 331 110672720
518 602 463632901
413 1531 116953561
1089 2477 583422053
501 1531 785711437
1587 2477 904662885
442 982 987532645
2450 982 102887171
14 982 20433321
2415 982 438293632
256 982 3781218
1985 982 218724205
1270 331 764253735
1434 331 140962008
766 602 129200466
2172 982 564338443
535 331 31209563
1775 2477 62288279
236 602 444769507
709 1531 118414733
2857 982 379179066
471 1531 788264516
732 602 844519875
139 1531 211796672
705 602 391936930
912 982 186819014
1021 1531 151162729
2587 2477 933405193
1427 331 720463711
1399 602 225891308
2686 1531 760250096
2494 982 742382250
1474 602 412960414
1769 982 720280222
333 2477 899578796
1731 982 98170128
420 982 25885704
2869 602 505426465
2974 602 923523405
1953 331 557386055
2313 982 328357812
604 982 419071937
2287 1531 372884867
903 2477 312114189
939 602 190509401
152 331 204208438
534 2477 546125057
2314 982 939624360
1096 331 666811851
1387 602 209529700
689 982 117286688
1779 331 93785543
2676 2477 855471769
2497 1531 173143901
89 1531 722160380
11 331 697688563
2715 1531 342850091
2604 2477 780246174
743 982 757461281
2452 982 323861966
1081 602 86856103
2104 2477 880395961
1910 602 35961611
2787 2477 873047704
966 1531 522138395
2862 982 657450315
1821 1531 841064047
630 982 68560656
1223 331 62068542
2875 982 739911633
973 331 393634850
208 2477 4170247
1366 2477 305284825
326 982 80252805
826 2477 41028949
713 331 876694187
2204 982 161661865
2806 2477 660045172
2942 602 776336414
2703 331 8471282
2430 331 2022252
919 2477 655165668
2761 331 790014936
2315 331 417811754
1869 602 718541715
2402 602 84513443
1245 602 595441828
1336 982 390303645
2736 331 396287916
1805 2477 653240130
237 982 651603976
1573 1531 701488443
1386 1531 69982833
334 2477 320784737
1836 602 408514175
708 1531 191163490
1227 602 926090385
2827 1531 267598046
2217 1531 72750103
2165 2477 386868412
902 602 83284995
668 982 182348668
2692 331 985562484
2212 1531 131394921
203 1531 222499310
986 1531 50516818
1527 2477 876701319
2836 331 342108497
422 2477 216687880
2005 1531 155148067
662 602 736143071
1435 982 268957656
2051 982 373706779
2522 982 577866953
2792 331 480737544
2175 602 87356855
1015 331 435299662
1968 2477 116043629
1183 602 94507836
1995 331 704602315
2008 1531 481052331
2035 331 604831084
1009 331 931026427
2660 602 386284530
1255 982 177014883
2316 602 612746950
1175 1531 150340
790 1531 226783733
2590 2477 268189781
369 1531 83894894
79 1531 380239812
1591 982 776175780
794 2477 512196758
418 2477 890263190
2596 602 450439352
2054 1531 563956471
2464 602 331759123
1526 602 27720674
1476 982 972324619
2414 982 721628889
2839 602 791372453
2863 1531 784041522
149 1531 946129905
2366 1531 71269043
2468 331 537130999
2060 602 151175512
2886 982 255539381
410 982 211617030
1504 1531 891897853
1002 1531 967114041
2470 602 159164619
342 602 990385325
2911 602 98278571
754 331 669418022
2042 982 911408732
1607 2477 309239999
2540 331 58597133
176 602 945390804
2544 1531 256323462
1377 602 210923877
1146 1531 280822348
2308 2477 19475804
1503 331 290827781
1620 1531 61757458
2807 2477 511994660
245 1531 801179275
1722 982 549620615
1275 602 638587358
2370 331 815861653
2242 2477 373242728
1691 2477 971135170
2484 982 300106196
1312 331 426845608
2740 2477 208452416
1764 1531 621885055
2082 1531 3879405
1216 1531 658019683
2989 2477 202846877
693 602 56854744
211 2477 960534641
632 602 407257463
1032 2477 548204917
481 602 947390636
1415 1531 141589110
1300 1531 849520165
1988 602 320044429
532 982 99330455
2975 2477 607301193
2232 982 551774484
2071 2477 789778428
2525 2477 104754641
313 331 631647301
805 331 254379002
158 1531 241928281
262 982 143966120
344 982 715867431
239 331 543240820
2365 2477 845028206
499 1531 724572226
276 602 261172153
5 602 653129117
584 602 19854258
547 1531 946872024
2062 1531 968829952
206 331 420454732
1077 2477 646955419
567 982 140175361
92 331 42614132
890 602 635225455
2280 2477 953123344
958 982 700788852
2087 982 251837135
1278 982 379233604
1098 1531 524928754
1855 1531 811859879
1578 982 177542361
2210 982 907970738
854 2477 223978301
1212 2477 537008859
421 982 983888300
1800 331 139104601
2811 331 508371046
63 982 296718324
234 602 174410167
1782 331 164641862
1949 331 738641493
2004 982 208109946
2490 1531 579419170
782 331 142483598
455 1531 317982458
2077 2477 822246438
540 1531 726287365
2731 331 532263671
1139 602 610061987
2826 2477 384721977
2800 602 358359922
2374 1531 918080279
1788 2477 45959435
2203 982 32450991
621 331 959258557
387 1531 888700921
33 602 421524473
90 2477 116971734
1470 982 525547063
848 331 570215601
1532 1531 325796369
1705 2477 80020649
1088 602 562339065
2882 331 939228123
1283 2477 641361439
1196 2477 5038401
1480 982 641856568
7 602 962650913
1099 2477 69013630
2624 1531 652193044
2435 602 243233613
675 2477 151916532
2936 331 548738652
2429 331 620139481
1644 1531 250111452
107 2477 676217696
2311 331 857680449
2084 982 501859145
1923 2477 579792189
2641 982 341629657
367 2477 151010655
224 602 76357736
1239 982 882968571
1626 1531 362472311
548 602 474034044
684 1531 694295017
2699 2477 86695066
470 2477 585274270
1733 2477 837545063
606 602 57745611
1280 2477 854054695
416 2477 142397904
2375 1531 895012756
2586 602 558088220
2858 982 49210566
682 1531 462009264
2519 2477 14286848
270 2477 423790679
2978 331 685598826
1395 1531 530129794
578 982 179598080
145 602 417571181
2940 2477 301797440
1525 982 690136118
907 2477 313854367
86 602 786198788
167 331 210331713
558 2477 344204123
392 602 706724922
2912 602 953809674
2224 602 241475263
474 602 757324832
1130 982 235572872
53 2477 75300691
2695 982 605959071
257 331 504714274
735 2477 851019510
2456 602 657776692
938 602 286433854
2339 331 196364952
2895 2477 562762129
1530 1531 214259817
1862 982 328551032
1252 1531 952379412
1934 602 228510531
616 331 357266218
1914 2477 282687684
2418 331 677921512
10 331 902301661
2663 331 29821235
2048 982 945674310
490 2477 639311668
714 331 308240681
1148 1531 947185321
2907 331 889560341
140 1531 249761205
1007 602 876811400
942 982 686095271
2742 982 140110757
1413 1531 96354325
2817 331 832587316
1911 602 997445039
1049 331 857017055
2323 602 74109174
2696 982 237119650
827 982 92373550
1666 2477 326285369
771 2477 228354543
954 1531 605385754
1975 331 963762973
799 2477 78680447
2790 602 819463071
818 602 336289249
651 1531 146102561
47 982 305927836
396 2477 437458213
1326 2477 9941670
910 2477 264837553
435 1531 766380945
994 602 967619634
741 1531 857338717
165 602 235565450
1421 2477 445686065
1913 1531 819519009
904 602 643695032
1682 982 49103779
175 2477 898506771
2799 1531 944377824
2017 602 775277767
1803 331 198960998
1826 982 341963176
2754 982 61886059
2981 2477 595760378
1697 602 276949766
2716 602 454427891
1453 331 54617175
792 2477 182560494
1787 1531 365507936
2962 1531 825072093
1296 1531 805743610
125 2477 809498774
2818 602 821782017
2702 1531 141248803
1394 2477 533598684
1424 982 759353604
1636 602 249675209
380 2477 286023754
2485 2477 285336812
2138 331 55183644
2741 1531 186030229
1991 602 843268449
2745 602 513354647
264 982 278437371
870 1531 287276382
1062 982 161897703
2285 2477 752713315
931 2477 245843873
2401 1531 915249586
2463 982 551326009
120 982 11718365
2542 2477 518463771
1100 982 560181831
868 982 125881044
1929 982 533974518
1633 602 972029621
228 1531 263385770
2028 1531 57598238
1535 602 711933034
1521 2477 253886844
291 1531 886604329
2166 1531 420550508
2437 331 345823608
2972 2477 717220829
1464 331 79636520
67 982 367358994
325 331 190257240
1511 331 463343989
2076 602 643096352
987 1531 144344413
1944 982 70699858
215 2477 31036006
1023 2477 434855412
1623 602 104127615
2340 982 980879955
592 2477 626636962
2283 602 697379224
2240 602 77346298
1668 982 598682120
1844 1531 639544555
155 982 988243022
2113 331 593156594
2275 331 242600610
1755 982 691384238
2950 2477 812462407
2937 602 730237129
1890 2477 719404049
154 982 478136423
65 1531 277286964
2568 982 666916075
2289 1531 277744889
186 331 596230318
391 331 515027059
2329 982 52178290
1864 331 47348850
1935 331 82542212
2191 2477 190013458
2388 331 550101405
2409 2477 848008505
2079 982 160579043
1012 331 784455633
1162 2477 853649167
2146 331 255748916
1727 982 313466008
1577 982 675381730
2276 602 133451902
2927 602 600419463
1388 982 42955279
2440 602 612269381
115 2477 981329915
816 2477 612952684
1423 2477 678315732
2309 2477 628653808
508 602 669892425
305 602 706321225
1193 2477 712021324
2824 331 213170510
194 2477 607863289
2723 1531 252725298
586 1531 254431116
745 2477 332768470
74 982 39095983
692 982 90911313
2582 1531 513959887
2779 602 849583813
981 1531 830831582
2868 982 281933358
729 2477 651170131
935 602 936166184
1510 331 303099113
2445 1531 88513623
358 331 296849090
2524 331 760807153
1954 1531 610275469
1473 331 160940159
1401 2477 942081450
2299 331 190388011
2902 331 62990246
227 982 904178691
2748 982 995453588
1852 1531 446174202
1103 602 611800575
2617 331 418848786
990 982 628168832
1236 602 541395
1287 1531 946566219
1404 2477 972017721
2633 1531 986682161
2769 2477 675722980
545 2477 227787789
2222 602 462308786
2563 2477 270518806
830 1531 146200054
1035 982 592626824
1912 331 876188660
1980 602 227685538
2094 602 696988917
2747 2477 321818511
196 2477 722655332
599 2477 551921557
250 331 548423302
519 2477 932607163
930 982 688971791
1281 331 538963744
1797 2477 47594846
1235 602 866523080
1342 331 890978326
2064 602 913706274
2733 2477 602364413
1309 331 208575422
1905 331 743236361
2473 1531 248507957
1798 602 902164541
200 331 858036308
1999 331 49683621
2675 331 230791386
2553 602 291982688
287 1531 522455926
2089 2477 316474006
1674 1531 527552017
2163 331 273981181
1887 982 340911053
2697 602 870705047
1649 982 87926116
1368 2477 278578173
1382 1531 388649263
2438 2477 240878108
464 2477 415792750
829 1531 66528067
1171 331 838054481
2488 1531 649551747
2904 2477 845454908
41 1531 373284802
2447 331 360391188
923 2477 75274876
1828 2477 893694455
1685 2477 681011089
2493 2477 75354662
132 1531 65955708
1468 602 207800915
1508 1531 571310749
2387 1531 5470731
1346 602 815897676
2061 1531 400097803
2777 602 504416405
851 1531 498112372
1942 982 97781120
1109 982 875444012
857 602 198134421
2198 602 357243812
856 602 353116231
350 331 762375191
15 1531 437075108
2977 982 363002441
1716 602 916984581
1045 331 120363872
1447 602 154861076
2859 602 684246967
781 982 913403145
466 602 241419896
949 982 143036679
2552 1531 855188672
1069 1531 12214289
1660 982 209359729
2356 602 390868943
272 1531 916051431
2876 2477 30765488
1683 1531 271474351
2963 2477 701437187
1506 1531 7047770
2293 1531 357067168
762 1531 784861515
377 982 39441837
1495 331 634643353
2897 1531 588351575
652 331 967589162
1119 602 85782028
1430 982 647547940
1977 602 853688842
1436 2477 976722301
2328 982 715718561
2371 1531 191272288
1599 982 676611894
752 1531 206962817
1153 331 80149637
2732 602 174481926
2101 2477 685029726
268 982 548103660
2951 331 8500129
2461 1531 823815942
2548 2477 842988888
1491 1531 333155398
1318 982 212575436
1129 1531 707665638
911 1531 535295789
1656 1531 696888050
1582 602 742757383
214 2477 915029783
1047 1531 871077199
213 2477 927608861
2 982 308628074
1040 331 714444276
311 1531 775837008
281 602 403160817
1939 602 16324165
2253 602 121266867
1555 2477 509917323
2601 1531 182922635
1228 2477 53719091
772 982 529121596
1881 2477 7413360
1627 2477 927735557
299 982 927365557
1710 1531 47678897
54 2477 352586497
157 2477 679253413
2267 1531 192234875
1335 1531 45536753
658 602 403744519
1664 602 902818087
2331 331 626641516
2405 2477 553895353
1315 2477 311826885
1569 982 843583750
2710 602 842076178
1402 982 848908516
488 1531 285547539
718 2477 530630677
1917 982 537149467
1442 331 894238997
1926 1531 968479258
1277 982 886143319
2046 982 577625545
22 2477 892844929
2426 331 595609086
2109 982 199564389
2496 602 596177408
2202 2477 712685736
2929 602 9399050
503 331 234081989
852 982 683898226
2576 982 207190266
2457 331 492032589
1637 2477 504424225
2233 602 299868731
1343 982 65494777
1004 1531 958916125
2118 2477 673165227
1307 331 972296528
222 2477 808351811
2107 982 643013295
2304 2477 240718725
2821 602 174082872
209 982 62180571
983 602 258339558
169 1531 834345121
2080 982 643930898
1759 331 91828011
877 1531 17292074
1348 602 161511423
663 982 807561851
1760 1531 377890803
2326 2477 256591872
2574 1531 905898708
130 1531 78481002
1539 602 92904968
381 2477 180462835
1269 602 79627970
1233 2477 211945320
1090 331 424829239
1439 982 71128951
2421 982 507847956
1136 982 407021412
2127 2477 141393895
2269 982 632616526
733 602 549817955
1225 2477 51508244
1053 1531 787039270
73 2477 436606496
2156 2477 722821946
403 602 25302553
2607 2477 27658579
1466 2477 213166291
913 602 93417189
1583 602 555868308
831 2477 540605964
2866 2477 113139734
2643 2477 91628275
607 2477 837912768
1565 331 725124768
1352 982 103982109
327 982 697284830
335 331 79365724
1262 1531 620443567
955 982 267852541
465 602 563191236
1673 331 469539808
2837 1531 516103553
137 2477 211172324
1389 1531 339250851
1552 982 649413979
850 331 50537656
778 1531 116780200
1393 602 557797469
2003 2477 98558342
1723 602 31092722
976 2477 22770372
1174 331 1805748
1595 1531 104317583
142 1531 532385022
2171 2477 934836719
2085 982 972026854
2260 602 602277640
1580 982 59147769
1288 982 139393372
111 2477 73058749
873 2477 53776751
1370 602 875907120
1219 982 327457699
1812 982 619484746
560 602 610506588
731 2477 72515298
2801 602 290989598
1024 1531 985609996
640 331 703178351
1609 2477 876283102
2281 982 947005120
1751 602 617575872
2083 982 3782321
2808 982 642350643
45 331 530818018
2342 1531 853322024
1134 331 648474580
1575 982 290562710
858 982 562925967
624 1531 827013690
1967 982 165495401
18 1531 911771298
1039 331 298193663
2713 2477 222337909
522 2477 69841283
2376 2477 290546910
2746 331 352725777
2701 2477 17219356
633 1531 969900041
1141 2477 996934831
2078 331 957245337
1662 331 603319524
121 2477 768509157
181 2477 655176432
1792 1531 457559098
2489 331 869110449
2566 982 394309339
171 1531 322895953
2722 2477 412441287
642 1531 675662383
2528 2477 272491706
389 1531 230235199
1487 602 703412062
840 602 709426244
1974 2477 773586218
1116 1531 88811611
348 982 20382024
1831 2477 788163577
1900 602 509402175
457 2477 474452861
2135 602 550573312
2753 2477 616575775
1452 602 105023312
649 602 837934498
2033 2477 292536697
1885 331 842372293
1481 602 203416662
72 2477 178473857
1990 331 63014059
2330 331 664668810
346 331 621200989
2227 331 742802577
2195 2477 493479208
1549 331 164030941
1804 1531 768868533
988 982 73777618
486 2477 860743233
2492 2477 224109121
1679 2477 577584214
717 602 187091315
2049 1531 627477673
1747 2477 363803481
2934 2477 968745317
359 331 120087527
623 602 953133199
1542 2477 146378540
1629 1531 764587876
1677 982 767802864
1426 1531 81099488
1458 2477 298016515
2424 2477 469531051
593 2477 444248882
2832 331 884907258
1786 1531 288637946
1390 331 442390620
260 602 756065506
1883 2477 707682057
2050 602 575274758
99 982 944343108
2231 982 40672541
965 2477 221573287
2250 1531 356617898
1837 331 170485299
178 331 316160491
1875 2477 580675463
1712 1531 406531222
495 2477 494494220
101 1531 546378573
2762 602 64664290
1859 331 864713109
1610 1531 621460979
2546 2477 176646061
2986 602 551543674
2889 331 156959500
393 982 16546102
728 982 879469370
2916 1531 826163586
2192 2477 895453130
2776 331 121875554
2338 2477 314312776
104 331 115006273
3 982 394002687
249 602 568193523
1036 602 15429936
2728 982 50028377
677 982 403603376
683 2477 206917971
1713 2477 182388999
828 2477 923124791
2132 1531 357085904
2775 2477 602105813
864 2477 317973549
889 2477 122182469
2771 1531 59695840
2591 2477 485104300
116 2477 624862968
384 2477 144221149
956 982 453285809
1410 1531 542717206
49 1531 400544499
2318 331 936242340
428 1531 52659932
2095 1531 307749068
1364 602 249611606
2970 2477 986984971
56 602 72468407
544 2477 54601148
2879 1531 567505707
2687 602 978394710
1585 1531 90991809
627 602 536591149
2271 602 849095254
2112 2477 547996076
2646 602 45818422
2735 331 743918735
269 602 558909193
1050 331 989523014
404 982 777884712
1493 602 957422102
843 982 624086956
846 982 747437592
996 602 800537289
619 331 530981221
280 2477 413702859
312 982 212091612
124 1531 394516251
1686 2477 771325470
970 982 592247597
347 602 653913347
1272 331 45397172
1872 331 662869305
2436 1531 814585522
629 1531 254821013
2809 2477 597006640
288 982 752355869
2514 1531 217518409
94 982 58012887
1601 2477 690460492
1286 1531 423180743
2327 331 640399479
647 1531 441933975
96 1531 121157179
978 982 573751283
459 602 36198843
2880 1531 887447416
944 602 811788655
1327 602 24489397
1374 1531 308739602
1064 1531 737310008
2345 1531 38816031
638 2477 70084406
1882 602 152931026
665 1531 938870573
1981 2477 569581578
1074 1531 502433919
961 2477 173642997
317 602 231546315
1080 602 697273605
995 331 715112174
1772 982 616927511
2935 2477 449708202
1451 1531 659008064
2537 602 757323257
561 1531 924515729
1866 1531 734723559
2272 1531 770289713
1471 1531 166065358
882 331 379548627
2631 331 469643796
117 331 999513728
2248 1531 996602175
2584 2477 150595470
2652 602 685881739
2664 1531 727503188
1411 982 63348365
992 2477 473861217
1671 602 938333483
2580 1531 675255051
1809 331 101971220
1827 2477 466501711
1354 2477 929109818
580 331 980374589
2019 331 936183199
2161 982 935515130
1031 331 721730583
78 2477 652314092
601 331 751367902
893 2477 113840850
469 602 950472797
368 1531 639761189
2353 2477 419406074
423 331 999516556
871 602 208490520
1550 1531 776956226
897 982 949891842
975 1531 431289588
810 602 470124046
150 1531 387451280
2363 982 92667004
2263 602 457183202
918 2477 657840605
585 2477 131766808
842 1531 176988227
2007 1531 988274509
2176 2477 756704522
2873 2477 264947165
881 1531 856181465
2852 331 34025141
1215 982 158568744
2666 1531 31553070
2788 2477 780887160
254 602 462410002
361 2477 307465028
1737 1531 981614926
679 2477 162968860
201 1531 117320298
1793 331 952799113
283 331 546180391
1653 982 527994773
688 1531 447596587
1396 331 823285744
1056 1531 900182396
1163 1531 275404359
2383 1531 619903938
2006 331 160065373
1959 331 787832905
1877 982 869852098
1250 602 670396979
1784 1531 976749376
594 331 846661396
246 2477 301721662
722 982 834859955
364 1531 238942275
2968 982 98090640
2194 982 776250781
1513 602 602689271
2595 2477 269194154
687 1531 618123019
2152 982 279717670
2515 1531 333422184
259 982 259070268
1118 602 592378680
1621 2477 338406443
2039 331 20161190
300 1531 793571472
2626 982 128517821
1978 602 478355252
2885 602 132511458
1622 982 70603568
2665 602 607991941
2861 1531 865915653
1641 1531 840056119
2392 2477 11927173
2561 2477 229798648
526 331 425183138
1579 2477 272555063
2189 1531 846354114
1909 2477 480927923
2075 2477 741583218
1376 602 111106550
1251 2477 993607882
1290 602 913442279
1367 982 898738555
449 1531 406476544
1874 1531 956171654
1839 331 682265177
408 982 256260606
134 2477 533480352
2835 2477 667359411
2009 331 34391437
2577 331 318619962
2197 331 539161472
1018 331 447890755
1704 331 105153283
1101 982 997930469
900 331 781009792
2851 982 110001134
434 2477 867576345
2603 331 337054432
13 982 233629717
755 2477 528989562
980 2477 821591480
2536 1531 568110667
1314 2477 989378392
1566 2477 397585217
1657 331 675798412
1457 602 649793985
591 982 985888523
1073 2477 633702598
1612 331 603666439
436 331 173204483
1692 982 461404602
1189 982 139798511
365 2477 494123822
1616 982 890130903
2179 982 530162584
263 602 546224048
1551 331 5605599
2739 602 133298052
2335 1531 522922380
1154 982 467074073
1915 1531 916315461
1115 982 545924118
321 982 173927543
1340 331 531811947
2939 2477 710182695
50 602 293143020
2965 331 251586223
383 331 436963720
891 331 967603633
1107 602 488412439
1738 2477 920645203
968 2477 340490452
472 602 51038093
1528 2477 42217435
1681 1531 995066212
1819 331 121620865
1946 602 185184178
924 2477 771305079
414 1531 213221257
946 982 55070903
2266 2477 798023688
303 2477 31521107
2558 2477 517316566
552 602 401157227
2760 602 964455788
229 602 669692705
83 2477 785480893
411 602 521747325
1011 331 841215488
2142 982 12760595
1529 982 405417469
2636 982 941858144
712 2477 656963178
824 982 688658791
1736 982 989998464
29 2477 837665211
1294 2477 848750049
1079 1531 335343910
2185 331 657879852
141 602 12759174
936 982 700110612
905 2477 294836051
244 331 619414072
221 2477 362870892
1886 982 885217560
742 2477 410359399
953 1531 717134990
2129 2477 186592158
917 331 37368693
2174 331 734848849
865 982 49852435
823 982 634739048
2067 331 436062001
2256 1531 324345270
1122 1531 474085618
247 602 935099837
511 331 842950204
575 602 463590762
1353 331 853464497
2510 331 90060488
2158 2477 187690713
2154 982 156211110
1746 982 213181135
1381 982 12958847
126 602 98454045
1814 602 625167746
993 331 63987169
362 982 388991406
1509 2477 998942388
2408 982 397577322
2708 982 580268505
2678 602 696631522
775 331 837114714
307 982 495254130
2273 1531 446056602
1846 2477 80236035
719 982 35643396
1523 1531 691597199
179 982 589294768
697 1531 554066812
2893 1531 736087290
2122 602 404596613
1945 2477 26173592
1833 982 94855959
989 1531 227369738
2288 602 451600483
1297 602 11989752
1282 2477 877535796
2958 2477 752805623
2169 2477 660765554
1930 1531 238247788
1363 602 30056241
1392 1531 230742842
484 2477 491518828
2487 1531 65165067
1391 331 510690384
2969 331 336681136
2884 1531 306159250
52 982 983617612
1299 2477 690616823
1437 982 881391979
424 602 781490783
453 982 855994296
2393 2477 717699397
2952 331 111587724
2148 602 71103920
2578 1531 889809680
477 602 986215294
650 982 808078051
979 602 495870394
2654 982 972294789
2419 331 139952341
2917 2477 778818417
774 1531 80229754
2905 2477 50942129
448 602 143754548
1369 1531 877468564
71 602 507710810
1515 2477 64840289
780 982 661163169
2417 602 525401308
445 982 228777587
2555 2477 752861567
572 1531 902915443
659 331 448426858
2816 331 310687419
2106 602 401704561
763 331 747986261
1561 982 895367610
1304 982 165930268
2613 1531 672172461
802 982 311633995
1940 602 251035863
915 2477 260818558
637 1531 476237384
1597 1531 791222968
1385 602 641981424
2193 331 794718370
698 982 523532977
516 1531 660856494
2570 331 591174858
1701 602 871868225
131 1531 81338364
1221 982 684574604
1838 331 969887244
1210 331 53605916
886 1531 81046220
596 331 635487990
1695 982 886411908
595 331 446570098
1976 982 194279877
2720 602 875205713
2045 982 428453569
1825 982 596962861
34 982 82603831
1857 331 295477337
2131 331 293769604
1323 331 95337459
1293 602 136240928
2277 1531 198052054
1545 982 669234430
2432 602 764545973
128 331 244460150
122 982 12317361
2870 331 258500887
1742 1531 299575444
1965 1531 189070223
240 331 705320394
1028 2477 735238498
1908 982 951338351
2236 602 288055585
1214 331 226036032
2894 982 460409906
1768 1531 196205500
1218 602 751414799
133 982 768017764
366 982 730717722
2254 2477 396715240
2149 2477 604583254
2425 2477 189638026
19 2477 873971884
1276 2477 787832189
1894 982 397328303
1992 2477 715636331
779 331 501637794
2508 2477 500240522
2301 331 646344357
2442 2477 774160948
230 1531 715365664
807 982 644356193
1362 2477 129890858
667 2477 200482380
2059 2477 950136007
855 1531 519002950
2385 982 227223105
611 982 134557655
680 602 762756263
460 2477 122321611
1022 2477 66912856
1263 1531 908632456
2854 602 666108593
1271 331 72015957
2773 982 837503805
2423 602 716399787
2530 2477 50551051
1438 2477 154792181
274 331 232581117
2322 602 924485644
2223 1531 260191940
1257 602 438874810
2115 331 22003432
1185 1531 178069916
583 1531 609368106
1397 2477 386881363
1019 331 432118766
180 2477 455181792
1264 2477 178317101
1020 982 841113669
1743 331 78152196
1721 602 805428165
1461 1531 414321474
1938 1531 484353121
1456 1531 363853254
1517 1531 627579330
2292 2477 379685673
2755 2477 963851211
1273 1531 657415710
531 1531 191303961
112 2477 646580104
2226 2477 939036677
648 331 457691030
1594 1531 322052205
2448 1531 61458456
2018 602 362436440
1684 1531 865920541
2201 331 409527425
1083 982 6840992
309 982 932282393
1941 2477 66721684
1845 1531 6882716
1707 602 400771799
2888 2477 608695160
773 602 389472455
2759 2477 328248397
59 602 911834160
2611 2477 365781454
832 331 297575786
2833 1531 761134431
198 982 322927326
2823 2477 395302038
2813 602 21129642
2403 602 664339535
2913 602 719654790
1082 331 401331026
1303 2477 65541307
1044 982 93066042
2120 331 309396411
2560 602 802569263
2789 2477 65777861
1093 2477 13283842
1570 602 661863064
1030 1531 931831271
2505 1531 344646969
1145 1531 741160116
2139 2477 833335167
385 1531 505961405
1 982 752544407
725 602 539913213
525 331 70737479
2711 2477 411806009
1222 602 7792833
2985 982 164020984
2547 2477 758087193
1678 331 884506338
1010 331 362014094
786 602 738979808
2105 2477 617313589
2072 602 888723827
1160 982 853211626
1961 982 2179870
252 2477 271774235
645 331 335429095
1605 1531 634279984
1310 1531 461846642
2923 331 283517236
1407 982 588473456
2502 602 316685436
378 602 263232566
800 1531 757658759
2903 602 513824093
2091 982 460470443
298 331 613034712
2177 982 45666202
1383 2477 983393722
1403 602 238284121
1904 982 643236179
609 331 221481303
1433 2477 130341603
1313 602 689075278
1496 982 243992014
888 602 895489318
690 602 405544453
1159 2477 195475534
2583 602 84740123
2562 1531 674134834
93 331 692104781
2507 982 642259238
1897 602 674472728
587 602 521785880
2377 331 591524934
1898 331 515583715
769 982 734001960
529 982 844334807
1446 602 994150205
302 331 418022063
1359 982 815924933
2791 331 789882341
1001 602 688523255
210 982 103685276
2804 2477 35011701
1302 1531 237357147
1903 1531 275110304
273 1531 946041101
1106 1531 405800479
533 331 761215304
1675 982 35420835
1217 602 84850148
2038 2477 42221373
1472 2477 290331469
1144 331 18082281
2908 2477 83946054
2321 602 313737639
2458 602 619442388
77 2477 825014878
1950 2477 238813998
845 602 359130436
1676 602 735855002
2058 982 821291524
1046 602 433833010
635 1531 295609624
212 1531 863316710
1756 602 521142647
2319 1531 222032982
372 982 118234385
2265 1531 604654220
1169 331 975645740
2123 982 431936732
1717 982 139726625
1972 602 502343906
2647 331 225586781
777 1531 449762822
1224 331 789806871
2639 331 332511355
2657 982 772937642
2270 331 368616355
2206 331 244538287
1124 331 545237383
480 331 51345430
1085 982 618327653
2053 2477 328214434
2162 2477 128406616
1097 602 914516842
853 331 669801325
1878 2477 280500974
506 602 857096923
785 1531 738092391
1507 2477 838900145
2498 331 52008423
509 1531 836692065
286 1531 626593276
193 602 26176941
1358 331 564054412
1752 2477 726203159
388 982 456933882
438 602 216869495
1537 982 503292407
1256 602 245691392
2598 2477 416456995
231 982 219867959
2278 1531 973613005
2110 1531 937443757
2785 331 280395421
2926 2477 899718714
2682 1531 390730962
1996 1531 945598006
554 2477 89557962
1265 2477 135754676
2294 331 882554984
1450 602 951423697
2389 602 153020042
39 331 87862202
238 602 504175893
2767 2477 894620069
2820 602 294277217
2766 982 917405528
2133 331 910108498
715 602 17677670
55 331 379965359
1416 1531 729397159
2137 2477 81478062
972 1531 610060325
451 331 565610517
2297 982 511528901
1823 2477 699432808
2290 982 106815607
1477 2477 365905161
2526 2477 914333586
376 982 882413955
1841 602 403713899
1350 1531 626556103
833 331 224233526
2332 2477 221618841
219 982 921675238
1618 1531 773394858
1758 331 211929609
1556 982 491764704
1520 602 448291686
1921 982 241638742
402 602 412628979
2491 602 983122145
2136 331 927960002
2621 982 867470926
1052 1531 666694156
352 602 913191972
1149 602 824983770
1907 602 1654170
1166 982 221412199
2640 2477 889412815
2667 331 48166955
959 1531 696555108
1647 602 291486886
1361 602 550049916
1916 602 465355983
1650 331 954811294
2213 2477 534199989
336 2477 385805599
673 982 765180026
710 602 787655777
1770 602 689532266
463 2477 295359355
2565 2477 49308322
1524 2477 292793610
2040 602 403064405
2898 2477 666816155
2834 1531 370566409
622 331 424472924
2589 982 866143185
1232 982 808920461
1654 331 525910849
2398 982 135155566
2569 2477 88841160
2625 602 997677115
127 1531 400845250
1038 331 84968689
1425 982 481223011
1133 1531 785675438
1962 1531 293271129
969 602 887823588
2532 1531 118699671
2467 331 254223286
2252 602 757757490
2334 2477 792063098
353 1531 12938945
343 331 785493429
797 602 147953225
2010 1531 63806004
2698 1531 78360245
2092 331 962296660
143 2477 928493001
2312 982 117163753
1796 982 95827951
2650 1531 105152181
2634 331 91816239
2724 1531 40442297
207 1531 425150277
1724 982 8818614
885 1531 461959033
2920 982 268801835
2069 2477 526653403
1858 602 955020113
1928 2477 400187300
1816 1531 369238386
1558 982 120780016
1739 1531 227462059
1863 2477 400776583
1405 2477 689627329
726 982 498670142
31 2477 88372618
1741 602 599364310
1026 1531 595431550
173 2477 62103681
2453 2477 568224046
37 1531 520316293
1305 982 118530955
929 982 820748026
1094 331 778558856
450 331 157936160
489 982 524294594
2774 982 772876754
1137 602 530241672
1261 1531 197452864
806 1531 147190144
118 982 292864565
182 982 958791197
2830 982 162323111
109 1531 617385251
2683 2477 278626394
1486 331 529490224
812 982 707344651
2164 331 640745512
1483 602 511962852
1371 982 716377589
1164 331 771559880
444 331 107247083
1778 602 671527062
87 602 911382733
279 1531 337342228
58 2477 415184982
878 1531 490697978
1113 331 585260167
1748 602 577609761
1811 602 924675142
1574 602 393810426
798 331 809602757
1922 331 773252102
2102 602 276881906
1588 602 102068172
2380 982 456711482
1906 602 40703603
2694 331 839277107
91 2477 862544511
476 982 379664971
2841 982 584931457
1613 331 192605060
1665 331 778070203
2784 602 119801900
2620 982 41004943
278 331 808522461
226 602 594196293
1560 331 696827014
700 602 15050386
730 1531 711658066
1870 2477 41210417
2909 331 665145472
27 331 214561525
1240 2477 547295486
2348 1531 561208375
520 331 30631061
863 331 93274725
1519 602 860138519
102 2477 24296271
1120 602 646134271
1918 1531 388184730
1871 331 549465759
699 1531 634646497
1516 602 642021593
1059 982 264702371
716 982 104876979
2967 1531 85182300
2706 331 683967788
1469 602 75353835
2674 2477 344132870
1868 2477 260263628
1419 982 643263309
1155 602 692109463
815 602 568351931
2653 982 139910836
2478 982 36825452
2395 1531 110045309
48 982 952048068
2919 331 769638641
2729 982 411463019
1589 2477 419676201
546 602 331054724
251 331 928693242
576 982 21795061
2550 982 247460924
1328 331 808713374
2140 2477 480919215
2264 2477 870831389
2629 2477 350359458
1114 331 14051855
1195 602 12939972
1714 2477 867753036
550 331 977656075
564 1531 31117694
724 602 262828367
2610 2477 53528286
925 1531 723858892
505 2477 942959672
2211 331 490369345
614 602 500418181
2381 982 43316662
2406 1531 609607721
2987 331 709510642
1242 2477 133075111
2439 982 300631668
2001 982 491609954
2630 1531 704580558
304 331 555688822
129 982 262675959
1966 331 6306792
491 1531 119608390
2200 982 78360615
2512 1531 870045797
2597 602 47933640
2207 602 71574662
537 331 582428499
1781 331 710361867
2187 602 296743253
1625 982 414965338
1042 982 676413538
2557 982 269971230
2431 331 204543649
957 1531 788694398
704 2477 917689319
1640 1531 353051542
1147 602 543009450
2644 2477 341928134
23 331 120385553
1790 1531 587586953
456 331 822736143
641 982 40645046
1947 2477 680073317
2307 2477 345341837
2469 1531 313438120
338 982 194372437
1603 982 859028760
2143 982 790784008
542 2477 29651568
945 1531 967651690
1182 602 322111754
1057 1531 901606487
626 2477 10033602
740 602 254644371
1274 982 918366987
2081 1531 420674798
1494 331 156795422
1639 982 970441425
940 982 8927198
2658 1531 655647906
2874 331 515324485
2718 331 56389343
220 2477 96370362
1608 1531 168484462
292 1531 341854111
1766 2477 674393673
2614 1531 744125030
42 1531 451223049
2044 2477 259421686
2896 1531 619900669
2606 1531 621141850
2984 331 317358310
340 982 952022254
2173 1531 47644521
2188 2477 77203913
2954 1531 66716692
1997 1531 957675304
1465 2477 229089411
2243 331 853369486
1964 331 819604186
1606 602 33164980
441 602 237896762
634 1531 368571226
432 982 241448674
661 1531 710675103
899 1531 691371630
1203 331 61269763
721 331 440328806
2922 1531 541510733
2241 982 345877387
703 602 66681589
2980 1531 166571377
2602 982 16724921
1332 602 87396999
363 2477 493987729
617 602 65968750
1003 331 490642483
2379 982 432115072
2725 1531 155337849
1422 602 702460772
156 602 247434284
770 982 360972617
479 982 466696582
2719 1531 626014215
1699 602 195034576
2160 2477 112605595
654 602 324568355
2128 1531 421638877
2055 1531 140642354
1125 1531 980856067
478 982 515339742
565 331 607555338
539 2477 195616780
2029 2477 332420192
1984 602 480319547
825 1531 966684836
2357 2477 41175079
61 331 524920838
1005 982 30681265
1891 331 529680457
1933 602 709421352
803 2477 6755727
144 982 68908144
2282 2477 138041784
916 331 898121509
2218 1531 771812596
867 2477 116988583
1259 331 851796989
1602 2477 565803859
2214 331 393773411
706 331 60773057
1631 331 382215289
2844 1531 742583205
296 1531 303633902
872 602 217073329
605 982 960947570
2411 602 758733130
1533 1531 286117256
2685 602 669062030
1720 2477 608674849
2251 2477 153266369
316 982 597419545
1454 982 715714269
517 2477 365554039
2593 982 430926207
753 331 880451391
1449 1531 693985213
1406 1531 21846088
808 2477 312622877
1150 331 937152782
2428 331 752568258
932 602 778396898
1740 602 528032537
1505 1531 638782830
2361 982 180818201
1696 2477 438731751
2258 982 771946856
1211 1531 649132424
1347 331 91794024
1709 982 772065546
2373 982 998821048
2609 982 123556156
2843 602 935487372
570 982 147673559
2772 982 762706661
1536 602 617176071
1789 982 107120325
2257 982 852241268
2890 602 946999779
2228 331 43893129
2887 982 943301982
2481 602 102990761
2346 1531 945283798
1197 602 4375703
847 602 364448105
2794 2477 476594187
2948 331 699367293
1901 2477 114698627
2480 602 390767513
739 982 662928181
2588 1531 931152914
1630 331 957096270
2930 331 699779577
631 2477 90333391
1213 1531 537362573
964 1531 83745633
1414 602 43738106
2159 2477 18881153
1557 982 617851884
1181 2477 439203448
2359 2477 136188901
2025 602 336624867
2850 982 448035053
1065 1531 200940444
507 602 129329926
2056 1531 921813851
2036 331 945614394
190 2477 215221509
2145 331 96268414
1330 982 132428479
1693 1531 432809759
1672 602 638962436
2068 982 456565421
896 982 525861450
590 602 337200824
2945 2477 536477387
1161 2477 161278381
813 1531 774337062
2953 2477 873299029
760 1531 679986068
2246 331 809342186
1243 331 60121747
695 2477 642308136
2219 1531 978787349
110 1531 667281148
2655 1531 178091775
2382 1531 792472521
2891 1531 535720
51 982 19952140
2693 982 738475367
2012 331 627170601
1986 331 310740488
2134 602 195435023
1840 982 174529305
1993 982 624674473
1398 1531 266707580
1260 982 580615458
2649 602 64514441
417 982 624797033
521 2477 424089532
1180 2477 737988497
2883 1531 862814246
218 602 377452012
514 1531 95208004
1669 2477 628420144
1663 331 977605203
1559 331 625037911
750 1531 711464074
60 602 199675011
1619 602 697311374
1931 602 470956234
21 2477 194819050
409 982 951346124
2545 331 507253123
859 602 940338822
937 1531 134962600
1783 1531 555233578
2518 331 953802839
1319 982 329225958
2871 1531 151636208
1356 602 364693112
809 331 337469696
1295 331 784159491
1076 1531 582089175
1655 1531 32235891
597 602 468145933
530 2477 744482007
2867 2477 2007396
2721 602 533811272
225 602 82763882
1893 2477 399266188
734 2477 989469840
2350 2477 440634743
553 2477 189039286
1646 1531 918528068
2186 331 313571
82 1531 67224045
282 982 285181042
40 602 664998080
791 982 677232846
1563 982 471974666
835 331 836950232
290 331 393436765
2780 1531 375543728
1499 982 38654562
1849 331 292272940
2443 982 932513785
977 331 244910894
2239 602 121813218
2000 982 146019498
1829 982 133214650
2030 2477 683023742
1518 1531 848529168
36 982 486862044
901 331 122114283
2757 602 185528212
323 331 447936859
426 331 442616693
2600 331 318753468
2579 331 39391539
524 1531 650310022
2979 331 438216472
2317 1531 910837097
2220 602 785158119
603 602 4850861
1409 2477 183652275
2474 1531 796734317
70 2477 951417532
1341 982 570579656
997 1531 361412468
2384 1531 322043278
747 2477 578450815
8 331 497286243
2399 982 480642257
1375 331 652183745
2446 1531 652076795
788 602 182929338
233 2477 856391112
738 2477 611813465
538 602 373401462
2098 331 97755613
320 602 246182860
701 2477 107298143
1795 2477 908217389
795 602 817589794
2921 331 891361092
1925 1531 868064291
2126 2477 112809771
2810 331 778824902
1279 331 1591595
543 331 16169128
267 982 371928409
2121 602 165575278
1734 2477 115537086
446 982 486031747
2971 1531 500623761
217 2477 34005624
849 2477 82007926
1230 331 68814484
758 602 644270301
2781 331 659410204
1567 982 968487220
1813 331 44754003
277 2477 418336730
2688 1531 880678771
123 331 75408796
569 1531 552799184
2673 602 882258742
2770 982 79168029
1177 602 265278594
836 1531 720573901
814 602 297271585
1700 2477 89351947
2845 2477 663633416
1400 331 90843367
2752 2477 974996062
69 982 528815877
2344 602 137665974
1860 2477 957120710
562 331 737642535
838 1531 804924348
2305 1531 165648297
301 331 21936963
1861 602 537947571
796 2477 113635991
454 2477 128834673
1324 602 301160495
1121 331 301017870
2100 602 402496755
46 2477 17099778
1485 331 501700781
1378 2477 861905062
2063 2477 40893095
2216 331 86897139
1104 331 971201145
97 331 579161578
2906 2477 786656359
1554 982 733839415
2016 1531 939295903
2407 602 176903248
2899 1531 525283501
1418 982 31073190
1698 2477 547817465
1431 982 927896512
386 2477 780806341
2618 982 214267433
2065 602 177991581
1834 2477 354905976
1248 982 310307391
493 1531 847692900
1680 1531 734990865
2182 331 619813313
1207 602 482357636
1753 1531 602962492
610 982 522945413
1078 1531 652284934
2564 982 166235864
1226 982 627222561
1547 331 625620576
2623 982 453706784
2088 2477 93139633
2355 1531 342071376
351 602 630795675
2743 982 455074959
2872 1531 718985649
394 331 655653841
612 2477 836135459
1546 982 627589830
2828 2477 717623350
2130 982 244624495
2672 982 36607265
2296 331 748882761
360 2477 775061933
114 1531 251408258
85 1531 934008388
1955 2477 109021471
2786 602 831945043
330 331 804148948
1642 2477 20137595
349 982 866498803
2268 2477 889949111
2648 602 542130033
2812 1531 227292819
1725 2477 71800846
2864 331 172358943
2892 2477 616516620
2205 2477 673471285
468 602 864087911
1889 2477 660766220
2466 1531 387782819
2717 331 48009498
1765 602 818380824
390 331 847276328
433 1531 55186015
1489 2477 434731988
153 2477 721696277
2124 602 797242686
566 1531 5180847
1063 2477 303713820
138 982 819432345
2070 2477 795278094
2349 602 798098807
1128 331 297478147
666 1531 983024464
1615 331 566318601
315 1531 874854042
588 2477 118805060
1334 1531 550644844
1689 1531 940046993
577 2477 770185296
1884 2477 74193074
328 2477 88911954
44 1531 142487176
2472 331 279379450
1467 1531 671895894
2516 2477 739902778
188 331 351601840
2914 331 983315626
2320 982 707938159
1266 602 724963454
2513 331 150916888
1711 982 804831078
962 602 750282575
1029 331 58806551
2616 982 600131737
2024 2477 621384999
1092 1531 501144410
751 331 519716223
555 602 366405593
1807 982 2953818
2259 982 376066564
32 602 624563782
24 602 261095928
57 1531 935746714
551 602 175094635
151 2477 569399448
1771 1531 116674649
2726 982 653619789
2372 331 605588118
2797 331 959929293
2931 602 815631605
1158 2477 742291072
400 1531 693654691
373 2477 332950977
2486 331 947882828
2181 331 495119809
2700 602 616969512
1291 1531 406605631
95 982 769860489
1815 2477 985425655
2021 982 77994372
1842 331 821794707
2538 602 474665497
2608 982 823408182
1200 602 737909531
197 331 743168274
1817 2477 970665290
184 2477 279082412
541 2477 52619524
892 1531 368628817
1066 982 39553127
2750 331 258454193
289 2477 291711380
1598 2477 508286092
1715 982 344566342
1016 602 921679919
748 1531 306223034
494 1531 612283344
862 1531 438200933
271 602 317859578
1292 602 803664756
189 1531 107582221
68 2477 863872305
2831 982 322026945
397 331 739883864
2367 331 279078623
2237 2477 817701045
801 1531 28154554
9 2477 781558108
6 1531 792345607
1051 331 888033951
1538 1531 911002931
875 331 962476106
1460 331 637077291
793 2477 53981801
2964 982 836365748
1848 331 468648481
2645 1531 614624438
191 1531 897102276
2015 331 263242658
405 1531 123577401
669 982 23512813
2539 602 635815977
172 2477 670572110
1058 1531 537102006
1856 602 657077723
1254 602 299944316
2459 2477 314834261
817 982 921358405
1360 982 54473661
1865 602 949456740
2351 982 573158707
84 331 429797090
2336 2477 664299582
261 982 648668048
4 331 21266352
2798 982 284025661
482 1531 379770713
1246 982 454321746
1006 331 576191622
1060 982 286733062
427 2477 952870013
1648 602 916146297
1735 331 713776534
2575 1531 952009402
2592 1531 957366411
2043 2477 558829997
1983 2477 744177882
2842 331 988947595
2529 602 785567766
1543 2477 184509618
26 331 695392569
702 331 330661405
1344 331 160704106
1014 331 371642402
2119 602 825869201
1853 331 991351555
1135 331 678950240
1301 2477 462987551
1462 2477 208444051
672 1531 944573669
2928 602 28058815
1138 982 17325515
922 602 884695279
113 331 900582733
2460 982 507522552
1306 1531 390753046
2511 331 816626879
2302 602 480226399
1268 1531 364042808
2261 1531 596415259
1108 602 358719422
2856 982 145018816
354 602 900676850
2117 602 700400384
1763 982 426166406
2501 982 683157541
1208 602 540518529
1187 2477 565268211
2943 331 866113219
2509 331 932168082
16 2477 135494422
660 602 393714975
1971 1531 562614214
2444 1531 22663355
2556 331 894227980
2865 602 313735279
2691 602 612426350
784 982 600311609
737 602 63173706
574 1531 455928705
1773 982 545337046
1635 2477 323916314
2605 331 142458782
1025 602 943913188
147 2477 780082976
2973 2477 630257418
2819 331 809670508
1776 1531 23109573
216 982 251420918
656 331 947088438
1178 1531 20760825
2918 2477 854644075
2303 982 882165594
876 982 183222723
1719 1531 718293271
135 331 146117261
2744 602 593158260
2147 602 824078711
1808 602 247484484
492 2477 133174954
199 331 912056177
1229 602 991580224
1810 331 212327231
2462 2477 744251979
66 1531 936075112
984 982 329093197
1355 331 804769222
1785 331 499948110
2096 602 64545033
406 2477 714699718
2847 1531 775058734
527 331 472230870
1379 2477 205208969
628 331 409075770
431 982 827182040
1373 2477 773535825
1095 2477 815061564
1231 331 222643572
429 2477 702327438
2571 331 578606674
1444 331 781602553
2961 331 880370075
2504 602 87821365
1744 2477 566836581
764 982 660250958
2014 2477 720615970
1818 602 504055937
341 2477 226353746
1801 602 848689681
1320 1531 714574206
1075 602 594543156
314 602 123794639
399 1531 226014123
1258 2477 47301429
2386 982 847180833
2704 331 11108063
1126 602 284377324
837 1531 963477882
1111 1531 995793924
2900 602 102826068
655 1531 63056371
329 2477 99800235
1345 1531 797172805
1067 1531 161008891
2855 602 629437424
1847 602 765566584
1201 2477 255954497
1317 2477 298499024
2455 602 850855512
678 602 182916761
1191 331 198823060
2941 602 279320293
382 602 246202301
2215 982 84076977
1337 1531 345513813
2585 331 369635833
1688 1531 874448024
1604 982 971803405
2796 602 650789127
1624 1531 743478488
322 982 221238751
1957 331 704225605
2420 2477 482732014
757 982 928980827
941 602 437021380
1927 331 199703139
523 1531 837979436
2397 602 394323528
1017 2477 889410905
1284 331 648344129
1441 602 25005584
582 331 763680167
1989 1531 436497274
20 1531 114492138
744 1531 407177793
419 602 797456142
2196 2477 136553381
1754 331 919685244
2960 602 872621389
1979 1531 613259120
727 602 761400194
2066 331 339238410
2805 331 536168895
1285 2477 537022932
1194 2477 301701502
1298 1531 904236841
1241 2477 58793542
1777 602 617587338
183 2477 995802344
2229 2477 609383357
2073 1531 577588499
1757 602 452594957
1498 602 474745272
2554 602 664089389
2449 2477 942726842
789 602 995530803
2849 602 784568033
1234 1531 9746608
674 331 902811790
2032 982 887681516
1970 331 199826476
2400 2477 773845194
1854 982 865551926
1576 1531 150420997
1572 982 287321222
1614 602 846403935
2454 982 13518094
615 331 185324276
2324 1531 575665911
462 602 186062426
163 2477 621619211
841 2477 631331008
1652 602 916502980
310 331 4082588
894 602 663814714
2559 2477 726262867
1767 982 809689238
2354 602 89736504
1105 2477 423924924
776 1531 551829437
2235 331 717286973
1835 1531 626206062
1338 331 445858800
2221 1531 753549140
1564 331 543808127
950 602 124923406
2955 1531 672503835
2520 982 439767823
1142 331 717823426
2680 602 103577377
2020 331 383140383
874 2477 514944227
2737 602 656352604
1791 602 328308434
2881 1531 770976651
1488 331 207375474
1459 982 795860134
600 2477 210087389
1244 602 692135402
467 331 454604412
64 602 509062698
559 1531 505543903
2543 982 360093172
736 2477 693841802
2782 982 696695037
2551 982 923786806
2208 2477 609129630
1329 602 253714911
1091 602 993089583
2933 2477 105916914
2495 982 566686795
1643 1531 912818318
2476 602 119697924
1512 331 878262741
1728 331 435933607
2707 602 615622764
1571 982 488339747
2234 602 748345217
1143 331 620128054
1157 331 55947420
1110 331 933173090
1490 2477 587221459
2369 2477 509454333
2093 982 111619483
332 1531 374237890
324 602 391579929
2325 982 135645432
1876 602 58044800
357 982 521649038
1173 602 456039505
884 2477 593547278
146 1531 68178079
2622 982 894564547
1600 2477 102940795
861 1531 850212148
1687 982 497787614
159 2477 292086530
242 1531 358050277
1068 2477 63285715
711 2477 943619221
1086 1531 136326207
1562 1531 892025209
579 602 218801264
1249 1531 970546986
1417 602 955595544
447 2477 790087616
285 1531 913807912
1102 602 363773335
1043 602 732527247
2027 982 83753303
1117 1531 967335351
437 2477 564796488
1806 331 480284645
620 331 467398167
2298 602 266509446
947 1531 230680209
2815 602 272678482
1694 2477 636137942
284 602 537701249
308 2477 832254147
295 602 980043705
2284 982 667273923
908 1531 372871212
2684 2477 547201589
452 331 491693832
395 982 403331875
2190 1531 144112412
160 1531 880026505
1429 602 403982815
319 1531 66216927
2074 602 224054660
2802 982 599528406
869 982 315451333
2924 2477 163888819
1170 331 443971149
2300 602 441982740
318 1531 367262852
2199 982 705043247
1659 1531 471377427
17 1531 428275594
375 602 651301062
1048 1531 497857704
1899 602 1658685
2677 982 65184430
1013 2477 602593636
1729 602 737481933
1586 2477 141041115
235 982 904763855
2668 982 467991068
1973 2477 128582535
2306 982 605337906
2503 1531 43943281
2479 982 131183303
928 331 102732859
2795 2477 400283870
2709 602 4462213
2749 1531 621294926
1432 1531 17981975
243 982 445757242
1190 982 360174
926 1531 688262294
1192 331 515714295
2097 602 811176528
1482 1531 779377472
804 331 67099992
2144 982 205753287
2352 1531 310736679
80 602 324836603
2394 1531 705416886
108 1531 268448841
2976 602 994529919
2153 331 652509234
2594 602 771114625
2763 1531 228780739
2679 331 728084146
767 2477 42472889
2002 2477 294094475
2247 982 702743283
1186 331 668628962
2023 2477 371729184
1880 602 645593849
820 982 690854822
306 602 780433666
2391 1531 121636436
2274 1531 243007756
1794 2477 518668153
1331 982 114696886
2938 982 123354208
2803 1531 356345490
2412 331 993081199
2279 2477 353804602
2151 602 160354778
2286 982 532568892
2635 2477 705210327
1920 2477 704734220
1140 1531 229180909
297 982 265714062
2669 1531 512261320
1896 331 350203460
337 331 615586695
2364 982 661687128
1247 602 283212566
880 331 789392185
75 331 826558081
2957 602 500809086
192 331 600709321
1443 982 849651747
2712 2477 255528020
1762 2477 860998309
2822 2477 458084592
1204 982 758814021
2483 1531 302221222
2838 982 816815462
1502 602 926982165
2848 331 445516132
2572 331 789303127
783 2477 941160293
185 331 511690123
2727 2477 766288101
974 982 643271337
1500 602 62734456
1322 602 88615368
1184 2477 92002620
821 602 69345913
625 1531 182600404
2825 982 444571036
759 331 24217435
345 2477 48004394
440 2477 540166971
1475 982 354014641
720 331 412661097
2052 982 792581612
1960 1531 542260834
2860 2477 175624356
2230 602 397444656
356 982 225878704
1948 602 391021162
103 2477 874366742
2404 1531 461666001
1357 602 821326911
98 2477 269018624
1553 331 400611496
2103 602 284596096
895 982 818670423
2738 331 128667003
2632 982 965371220
1420 602 69512720
1168 602 558311676
1220 331 594831101
1205 2477 808326456
1267 982 167706517
1238 2477 294161732
1534 1531 299311208
676 602 973028632
136 602 700503052
1937 1531 371121482
556 1531 845049806
1070 1531 43996214
2410 982 843873548
1325 982 328270392
398 2477 765083763
998 982 298173343
1820 2477 722062250
2877 2477 937234407
2245 331 108840293
2378 2477 33200510
1924 2477 143739680
2465 602 228438158
473 1531 973888686
2184 982 147413121
498 982 597460810
1087 331 456915347
2670 1531 70680699
1651 331 72855291
168 602 538708053
1638 602 214019380
515 602 553741247
1956 1531 158908555
2619 602 174590120
2022 2477 63907644
671 331 964740709
35 602 694121585
2535 2477 995074952
2170 602 219524718
906 602 406074814
1732 1531 938881143
1879 602 73486311
1384 602 51760754
694 2477 908660057
2441 1531 4539215
2901 2477 787853544
2041 1531 905280558
927 331 634694208
2966 331 196531439
887 331 662913161
1632 982 784965648
2829 602 326352380
1372 2477 586056122
1952 602 324007515
28 1531 772103700
148 982 817201544
1316 1531 404917051
1584 1531 148060264
557 602 622473920
2714 331 609969740
1176 1531 296045819
512 1531 885435452
2238 2477 220029903
371 2477 22184931
1463 331 835880343
412 1531 806459837
1156 982 784100085
839 602 495058591
1008 602 813982060
2125 2477 352846496
1888 331 636295367
1745 331 133699966
1497 602 258966619
1522 602 464636696
2506 331 530723053
765 331 847883810
2396 331 630977913
2783 982 627133992
1998 1531 594120722
2671 1531 842181498
161 331 71181409
1661 982 84126209
1708 1531 17631224
2180 2477 247529826
2114 982 648931997
204 1531 681050166
205 602 140962333
2768 602 945507268
1408 982 482911898
2615 602 606397170
2337 2477 316284079
2141 331 500250826
265 602 848141887
483 602 334314077
985 331 191077370
685 331 192595179
2090 1531 219652472
1428 602 380595724
1339 331 226879623
943 2477 413505763
2599 331 873147008
30 331 814044060
967 602 502491939
598 331 117393209
2011 2477 389450037
536 2477 110261674
2500 602 884810866
1658 982 759312754
2661 982 421352059
2362 1531 975132399
1645 982 187417729
1892 602 169089673
528 2477 78721520
2433 2477 854249286
1611 1531 5006057
241 1531 452523330
2086 331 986576468
568 2477 463727413
2295 1531 422384463
2150 982 551207657
1365 602 600779104
960 331 663816441
2099 2477 646128245
1832 602 720469540
2541 602 30940213
1041 602 401373781
613 2477 251031971
563 2477 750160241
407 2477 990209959
1206 602 70521993
1179 331 748367410
119 1531 473450409
1982 1531 942522136
1333 1531 98161556
1084 602 658021660
2642 331 492127785
1895 982 293394409
1034 982 840819665
76 331 133152336
646 1531 795053169
1919 331 337079164
43 602 412522558
999 2477 182536743
2764 602 554818091
425 331 916329642
2116 1531 749731259
374 331 632269943
1667 602 560214670
25 331 121734295
195 331 513720299
2988 602 614265488
2840 1531 453645052
1289 1531 216907601
2947 2477 892634265
723 1531 347410362
1596 2477 77508385
749 602 901239647
105 331 447009643
2416 602 545516971
1198 2477 407136536
1994 602 675392587
510 602 834627125
707 331 155519904
162 1531 670254914
1349 331 13273562
761 982 802014254
1445 602 204442394
1628 982 82679558
1151 2477 723632383
1843 602 117079031
1936 982 595535442
2422 602 583147225
1749 602 106970043
681 982 746095484
232 602 291353237
589 982 788144658
971 1531 110496473
1780 982 93099361
1351 602 98662767
1830 2477 583114467
1202 331 306624383
834 602 601304849
2031 602 336923362
2209 982 7059607
504 1531 297658334
202 2477 252588938
170 602 286842514
2255 602 96754668
1670 1531 285712339
2451 602 367807658
2793 2477 499176914
174 331 720204113
430 602 582534009
909 2477 622677451
2765 1531 433068242
1112 602 28384518
166 2477 720951627
1131 982 710394497
1690 982 51971538
2013 2477 561751332
1380 331 952352603
415 602 456788801
2705 1531 192057848
1321 331 11727588
571 2477 109795029
2853 602 689864387
948 331 984466530
644 1531 250328292
1581 1531 715574685
502 982 235682116
2878 2477 597427964
2910 1531 48222204
2549 1531 73594472
275 1531 936772571
2638 602 808739652
1850 602 865087554
866 2477 638902775
2178 602 370517242
81 331 955588586
2475 331 556542085
2244 982 749975381
1514 602 46285338
952 982 450135620
1072 982 603098617
1702 331 14997573
2037 2477 165945498
2262 602 168873036
2662 1531 664001794
1188 2477 506550074
2573 1531 183955358
1412 602 444299186
2341 2477 686160899
2814 1531 99820525
1055 1531 863424658
643 1531 7673387
443 602 763368312
461 2477 900398686
1761 1531 952201460
266 1531 541360988
293 2477 141343941
2108 1531 942378804
1822 982 281669046
164 2477 115814388
2343 1531 327595922
2651 331 886462821
1593 331 875848915
1617 1531 188022330
2915 1531 492162589
1167 982 959037528
2944 982 80008343
951 602 467320996
1799 982 398087551
1440 2477 280907823
294 2477 372239633
1127 2477 329154150
2946 2477 323886147
898 1531 835216895
2734 1531 4838800
933 1531 564882492
934 2477 129614464
811 331 173885537
2730 1531 327048780
2656 1531 107698521
1774 982 480716940
2413 2477 878059706
1027 331 510860451
439 602 909626711
1000 982 725502807
2531 2477 814630394
1172 1531 21553357
1544 602 30898837
88 982 154133496
379 2477 542154308
255 602 841657756
636 1531 439039607
664 2477 287318556
248 331 367766806
2499 982 951020410
223 982 970767565
1054 602 853958922
581 982 966798349
1199 331 633409168
485 2477 617712080
991 982 971902418
1541 1531 207204866
1123 1531 257747348
819 602 440996598
1237 602 748107000
691 2477 29155944
1987 982 371618829
1568 982 77181471
1824 602 12569611
2527 982 380754998
879 982 489339124
1165 982 573087288
2517 2477 374848990
618 982 912349110
106 982 948461922
496 2477 530179664
2534 982 121203036
2756 602 51516233
2627 331 525690240
2925 982 181172506
921 2477 522525618
1750 602 326448516
1951 602 328484931
339 982 349218382
253 2477 97583179
1902 602 97204878
2167 982 990430250
2026 982 512097712
2482 331 578087346
1932 1531 710749640
653 2477 759628899
2157 2477 733362348
1592 982 328989764
768 602 85083086
914 1531 640547673
920 982 974851523
475 602 810289643
1484 982 51971556
844 602 60257166
1718 982 612850603
1448 2477 204498890
2681 331 669917763
38 1531 211047777
2347 982 102948168
1963 331 281643424
670 982 125930532
1540 331 187597869
857931 689595362 5406 54732 755226 550434 823401 332648 490866 785963 534711 312457 621857 526012 272446 990519 985227 213422 614149 816337 92397 946113 106249 332968 684725 107632 429251 573204 44186 372698 97180 453350 687977 556796 758605 390411 965124 894329518 936862 929501 325965 490084 840714 303159 544511 437011 300343 740932 672062 38783 890735 868099 122645 497648 882871141 538767 397136 998923 104501589 68700 823601 243820122 42486 723223 990179 335876150 964282 235738 347709 669959704 595079 403526 953897 924407 745112 585767 377344 654794 883687 622732 918561049 189467 751435 352599 28801002 343516 379886203 270639 828787 491304 758784 197011 768503 369690 125292 152432 253821 505577876 893227 955877 700017 627682 474764 156151 556593780 215291 190205 342721 600105 926364 80238 586838 506863 865905 995914 444495 681319 95641 126996 843307 335524 174409 717198 750028 719056 716099 768653 739509 279624 544856 687784 793372 854085731 321504 580458 374446075 364139 640309 145608 458813 711975 643848 932926 356446 96253 517126 146005606 29043 277491 82561 697855215 486221 67541785 96780410 831144 885385 781927 812090 207031 69361190 779518 89572573 418229 60396 864892 528927 166338 564672 539092 892481 55671 278036 419929 299555 422840 51748 501508 549975 645798 463693 326159 367455 16066 553232 102773906 340193 515676 178997 484183 367830 665259 44416 535536 545590157 440108 337704 233085 975744 279956 80372874 788704 420954 152687 630931 971789 421638 817101 87011 689880 742076 106535 812700 793289 57431 765152 662490 266336 878069 903821 615823 466728 570803 822714 664029219 559565 903129 194094 63707 977092006 371429 948316004 97801948 174092 950078 287663 887408 610329 772424 644728 83469 668482 965194 46417 582663265 453754 366384802 817009 868716 408909 937957 522387 245112 113191 700006 24096 300588 916106 720038272 65351 183153 380297474 926190 325928 926419 587835 868563 846958 692982 667799 404222 873867 221112 28354 436723 126586 133454 157653 629597 173932 652821 55804 219785 791488 577057 757254 873054 355604 246535 468034605 120879 948522020 974699 894803 869381 646435 984387 513077 611878675 267977 103045 989457 611827 606282 654725 796647 919972 492601 293350 869376 584946 430667 168624 638924 324974 198337 122665 566012 968016 974614 18759 247715 9987 978429 339585 897556 851042 292137 677907 571357 416225 255152 578324028 550190204 422216 160635 830187 81070 199069 723661 395196 710178 233500 41286826 623372 327954 836702 367618 743467 110366683 893824 126938 767629 646351 227924 739255 149378 852086 320891 675355 916742 928102 326107 502627 569927 673961 218677 620608 415898350 381983672 727163 124994 551692 573810 235710 888639 806683 220122116 398762 78777 255733 875960 615013 442036 712445 343261 460576 982478 878156 687936 640036 978862 258353 889495 991348 69653 463825 282122 463103 68624079 520973 302316 752290175 701715 687981 462782 701656 457935 336995 533620 505083 742251 795180 722938893 575787 447104 318427 324554 362849 821132325 611694 143434 291358749 925904 161935 277342 258650854 774132 667308 72075012 548326 83485 262801 985618 92775 450516 837413 431876 969219 641771 997641 798059 606821 351261 880636 228297379 476811 330901112 512494 193768 186148 315801 682103 691486 899978 180890 393416 10558 519646 298813 910628 93139550 824776 816533980 323923 492280 331569 441849 295328021 881005 66191 606296345 412319 611777 427051 62996 316950 192095 623447 795838 851311 925695 240456 70421 708218854 52417 658633 769226491 922497378 509570 879076 878614 56014 348090 206449 669581 529170 72659 412024 226751 589576 405618977 97808 371619 848839 319820 361047 656191 309604 464647937 112616 269589 292435 511845 392562 615654 672308 134057 33092 512843 108912 377387 800054 980436 525490 189512 906577 624867 283290 286183 13080 624535 987161 440228 160557 819310 910712 219761 706013 163288 862230 678614 114352 38772 621726 466300 857954 610331 703220 208443 592493087 234126 796039 738394 893811 188762063 5794898 258499 227319 922419 39794 316953 263058 134207 229789 8736 156989 29444155 126436 669175 24107568 195769 40363 353290 641520 309307 988733 54582 8048 792642 331702 896366 704634148 574266 406954 399783 668519399 202343 383870 427375 276821 269214 360033 570277 571719 797343 884290 569 705847590 571961 40562255 955445 603084 200440 707334155 776042848 97052 917895625 998552 604293 277445 925384088 131392 725692 864800 868956 214602 754866 940279 64054892 736665 725713 996299 495657 47822 431715 827815 237878 93576 527814 286870 769973 313965 297287 8119 877545 128722767 685665 45800273 172995 526086 970701 348050 189664574 773392 618649 572758 234539874 802585 933500 688517 705208 821118 938575 235260 371526 585268 805907 453589 767254 82916 190546 168949907 951761648 245092 420057 93083 951058 20415 856640 38210 910823 501442 820570 317737139 254533024 36219238 278664 151914 616814 681190 562103 597002 942064 484578 916144 48101 940166 281834 51659 24256 672767 432805 554407 63799 63998 925505 22083 636793 220888 49073 449130 277942 247802051 453915 670045 596128 151486 929543 418151 580901 127003 212882 834174 197823 304509 829536 753355 909584 445789 254892 302697 634425 514523 631050 506940 979680 770709 644185 289390 900630 675426 698183 242597 48743 10875 373773 573654672 178371 62763 114791 510731 95384 135727077 760469 681226 332791 161967 286252 242631037 80566075 636404 520858 785796332 816959158 379724 786744 298779 51419 225454 530868 420595 645527 825840 182506 304448 140245 508687 969936 53167 588922 955673616 27839849 362810 743846 22743 246511 855145 561231896 779294428 106671 182239 923837 615912 726194 858020 930437 995573 264442 949556 992071 134196 60725 649972 585145 321155 899122 589421840 848844237 277095438 357729 216646647 764782 371232 41986 863368 5333 123500 958882 922245 90266 87096 476706 31335 28701412 829304 373650 894487 417838 481861 669848 891516 723191 117863 364792 318259558 728180 39322 820898 286768 389574 374501 842093 461628 732107 596743 603449 852904954 908768 775477 50541 867934 535859 473230415 425622 545003 70011 469835 425783 153948705 528391 526522 29996 541183 409902698 873548 268548 276255 440265 439114 737364 678090 674591 87041969 729967649 108126 206518 579624 978065527 409092 729441 981911 656838 653946 68878 409090 758813 612001 29970 409879 62468 44646 482766 41831 645327 679701 220799 196757 330731 254597 706054 521897 823872 559234 9 620771 150289 780536 547527814 44555 342702088 580748 528381 897857 30150 136435 806603 400363 237832 386805 555263168 652828 273081 435978 975839635 805262 859507 867661 462961 690050 819647 462467 388148 605026 495439 457921 553190 297447 94598 866713 675786 526225 511369 566413 357555171 931972 795148583 338421 491554 669566 433641 201469 936849 933282 754647 160255 234611 493751 38746 684741182 726268 735009 126546 835448 793088 599062 421822 619363 814121 699532 30613 623502637 417854 703887 389723 132310713 977332 850152 253716 938862 258695 692499 737257453 706644 786590571 895229 810672 322471 666366 669723 693787 430990 100816 878995 527340 988099 628173 380517 718409 502763 782650 479222 322403 339342 501785 435119 31119 220542 153348 979047 850353 426105 578396 457870 178873 284826 609082 233653 184048 688898 938219 44760983 395657 163779 93789 88618 542830 540502 636670 255310 240750 728747 532528 655781 635801 105737 691296 780863 930926448 72371 854905 570600673 115902 859429440 433271 140273 276597 617402 894988 513524 907746 970108 895561 245989 442193 896582 344624 202148 915352 560377 486886 551343003 48311 790872 487982 59256 503860 896849692 783915 325499 508128 954150 113540073 278830 932725 129857 419950 410767 145324215 638117 431080 513826 940579 215847 120025 914404 682526 703760 83934 210118 800441 13517 731546 68837 846836 564873 348841 85587443 226454 108147 326393 702504 62781 267850622 229884 785490424 775882 476847 159550 869579 137921550 745425 343826 742399 600825 401055 560114 725153 735100 695846 123458 549633 642836 310718 960564213 156047 321963 877450 383793 99762 899943 500256 306072861 915287 136769 983146 549399350 448340 50652 503661 153094 167902 128395 705731 50241 174324 967586 756177 417566 39458 810652 931570 712865 40118 860346 558513 818392 223299 114104 535768 28318 963022 898195 465161 341959 900817 732170 125944 481132 811022 383821 969499 953738 773642 370476 729109 102373 979657 295189 243125 962234 337988 900369 612018 680513411 203478 301298 602925 992553 531627 503665 506160 970806 613290 917618 460106 286411 220380 443334 333633 1897 643377 128948 733145 144865 955180 743156 659389 378728 196595 293050 458759639 85717 187874 997311 572153 470044 805725 964164 165910 785151 805678 607140 873223 29725 74575 616405 893060 494811 588572 401797 712588 878385 172862 579113 131630 119483 404081 867481 596001 643571 65483 870902249 31918 484951 462445 209441 90835 270696 247838 663021 428947891 343948 322412 660006 505874 603377 500960506 751059869 485137879 728812 388063 342751 455282 517185 403250 136666 910236164 714236 908012 553874 204375 502192 632596 427752 930861 311067 209768 732378 154109 100212 961749 108667580 156378 333281 902536 556085 517548 931700 624542 850396 122760 579021 319461491 865655 360865 913784 705662 186591 233121230 586505520 375864097 452379 598609 200466 498690 709187 889926 819435 193420 355991 805727 475449 252384 616826 631797 862503 466266 789611 504046 827867 864887 938245 145700 483822 652167 232173 583166 354916271 459399 189633 111774 705056 331309 714543 831092 433197 712796 169112677 214576 354921 825374 621876 890868 452671 172166 339423012 816816 218971 314133 618143 5890 300160 407644 816377 10821 101835 514102 308858 238380 847272 126620 22944 687812 636781 210258 851004 134837478 426469 853971 595121 427483 396893 468687 795731 427261 489835 77497173 711521597 567500 820923 345274 676532 813367 898794 549503 484957 516157 766008 434396 254424 421157 218817 427621 168728 696480 500858 594014 591243 74389 79879 662992 438126 617228634 368697 537156 726863 454434 314362 948482 346620 748710 24485 885586 455107 864307 419961 870215 835711 74273889 798210 916055 457866 19967 993824 121125 470255 277048 278001 395070 761412 503132 531534 156921 386607 327282 403448 924530 1339 461970 576539 667632 697332254 235011 48411 573511647 953510 381669 588950 579829 543721 297716 686472 72644 751028 876942 383071 925550 940576 267267 33731 480157612 791697 21497 198864 526228 571013 741132 894996 848036 708129 393151 635425 593836 642247 801317 377816 696409 575375 252729 951947 558996 369677 357660 148905 706880 42146 663705 687431 990014 272579 860820 803758 709287 168371 28794 686024475 311407 651965 282937 92667 863489 258689 902999 490662 21128 979623 459840 986220 166432 242858 441176 732884 893901 585417 818280 144943 465621 684565 51796 737579 126443529 74629 684705 177356 99054 525912 386402 745414 699883 362865 841844 202982 17853 806665 497854 525537 469429 27059 697704 673892 277569 632778 720273 147390 660065 864862 246867 794902 233538 658218 108870 221123 346271 86047 907367 389983 441543 583512 811993 388999 676435 798001 740850 501071 270892 907505 857526 990801 78561 749843 156640 846350391 682239 899380 773864 33289 545634 365486 350648 90685 639046 76092 651261 617046 779359 781118 507578 951909 206373 990719 23560 627052 993919 662129 317938 321863 94469 542693 383873 452093869 897522 958027264 494326 78218 918612 907262 826601 382421 760141 573650053 815419471 63447 163419805 767476 507994 154861 470674 250518 904990 567073 335261 727577 376532 573322 23339 42717 306314 666176 371759 644797 815061 841316 443029 97509 230029 229351 184057 533819547 877652 311762 429553 752776695 466575 817074 154933 477493 84356112 513133 576947 466988 933400 102210 2028 489277 409937 699354 75128 467380 10842 164525 323531 187226 7812 215956 206983 960590 534673 450336 440379579 883066 104729 114641 45154 556446 330173 518634 875416 964159 535679 861239 918847 107180 841365 773124984 777695864 930969226 176556 278655 841071 95960 597128 143996 221988785 149610 509909 564078 716896 905982 772120 218016 726633 472777 6133 828352 411361 521653 740313 865916 498554 817218 144479 190628 753840 407773051 577820 82180 887553 790849 950452 269561 528957711 159462 850476 380366915 793395462 462668 317447 112462 325479 569631 316342 726185 646808 758713 871942 782530 191402 758970 931797 248944 789697 231022 606302 354719 467712 413272 567572 561129 713366 991455 564920 706545 769378 142604 62222 146090 930075 529896 280352 866824 652405923 646261 948403 264837048 156863 795764094 925887 188054 807625 976768 107047549 135681 128690 834000 500193 76735175 361756 128700 880877 428079 828014 710104 674601 979310 148200 929050 704851345 884849 567191 312057 927979 849316 292373766 704059 274841 764872 207435 43212 631369 562696 389906 382855 657785 114970 740497562 318508 715939 915700470 258379 797403 210000 97336 112928 72806 68428 353903 454500 599772 383430 89233 445864 107523 846641 510119 14823 822328 335919 330602 434803 480685 540774 747502 712795 970200 780823 54556 567530 739470 410128 688052 212492 52861 975496172 883661 820123 318995 631733152 197498 847977 812211 791402 184597 197266 982181 173745 410130 965771 596331 442581 163388 762577851 360525 398941 196007 568142 831350 966887 355883 771562 5637 873285 602816 175606 408076 762486 229108 693370 847678 837345 708609 129772 957221 417900 347584 994214 488793009 507353 572650 545748294 836679 230636 464081 737228 705859 932540 345895 141225 226586 740193 677460 284234 60067 711909 475352504 971878508 95852 566973 202675 612270 202040 444398 100171 155929 159413724 130622 942608 975215 250347 662988 780164 657311 447175 464911 860409 304588 184025 160805 162574 450081 941588 762988712 805347 763811 616109 322825 1309 201536 797039 397638027 813469 987640 723686 854393 362232 696435 729062 375061 680391 856837 659513 595120 518644 581716 891639 359915 350670 384991 17948 951396 171833 435602 715408 333381 640689 919694 199021 843453 10048 175062 488513 188240 985045 317150 103724 503075 981314 262523993 95796 448546 460205 536522 279855 741224 361125 389295 497551 992864 124131 597480 464082 839723 421821 880952 652670 921339 941628 585685 68299 687070 269049 837789 81600 7756 600773 200074 599042 240941 151861 724484 238007 443808 520496 85437 945381 165159 792540 567250 755005 704441 215019 540721 436063 286049672 890526 501032 655635 396228 539774152 440950 314035 184158 176522 106207 923067032 311388 963922 179361266 25397647 692222 44762 654848 713479 943561 793838 299170 916490 951352 199395 620842 580106 219996 222864 354725039 435328 41391 582526 897013 876262 929589 192347 37691 668289 881698 247369 797477 295553 576021 116314 659965 976712 341614692 426439 918357 988968 934494 186991 272914 989464 35218 632284 203097131 52434 512178 87653 362635 213270 386707 905304 207920 960409 423122 757475 176372 295962 431088 891516 929210 847904 919512648 855108304 693874 267995 724572 912281792 467411 781136 288029 339587 716388 679348 712992 778821 800710 548300 555628530 805857 775968 903178742 599426 100815 313688 9226 645195 647257 732904 736474 78625 72219 690698 128319 661841 359119 885334985 158526 605197 969554 636100 741389 898636165 262068 252136557 340887 993203 919212 321869 395020 288335 29867 694280 993248 720580 213617 251874 656650 356510 330516 97470 911519 76760028 282167 424124 28740 545838 859848 554912 936448 944539 913531 577125 156989 420660 426592 753348 370134 985038 568091 336410 949239 975508 208759 243154 763089 451003162 412058 686487 500820 361453 2718 886691 215279 247852 294836 848413 240809 184390 265500 28646 516434 91905862 294656 11256 660719 191647 433531 232645 698441 923535 859087 138883429 890081 375209 373702 48485 171193 692356 559542 52345 441100 813359 267626 461747 828721506 283733 380476 677156 971537 14145176 955357 948944 166306 32511 391619 962090 869267 153906 792690 966437 920677 190274 98344 801647 405163 498776 932580 19182 412625 857714 284090 77207 133387 508852 965126 500850 376379 750936 913680 454655 890263 509404 918913 850306915 713230 3526 678832 699985 355419 112498 26244 354187 620997 871396 340138 919280 996356 455771 456769 320482 265841 306976 796037 905337 743538 559901 963122935 353768 680210 155482749 415146 137572 287966 217501 58773046 460835 929315 885393 249229 97464 875570 492547 18431 706236 765131 478746 201947 139765 548632 498227 638747 736031 13547 232299 609578 631628 808904 845889 634913 356202 961993 595980 470051 950208 768075 66275 875474 758760 337441 392728 539040 323156 748477 577903 400887 106877 673641 607156 161801 793899 292197 893482 473106 724358 257004 855642 29513 201529 3026 787814 134306 547600 305091 365817 998241 870140 10652 52032 678492 252746 921314 755500 197849 99128 383557223 488662077 715897 943974 981811 982620 423396 493842 676894 793102588 587750 397595 52796 440791 978575 260800 535047 296344 735056 248405 671781 12426487 703542 876438 542070 833361 972068 983940 483907 160983 125963 786792 178001 477429 73655 514317 984587 549865212 362102085 186334 398846 323787 510693 121991 868316 872411 215605 222070 691792 505005 646013 100521 337256 810122 544457 542266 310739619 607976 268630 337818 459100 350251 52804328 568157 471996 970855 735350 517674 455801 7221 803289 281205 987970 291392 145560 572137 214881443 258582 376027 881556 294971 78554973 119603 371977 244159 900272 997808 41538 895099998 161397 346227 297528 245468 394557 863716 353899 555534 138844789 937458 342354 247870 380450 784484 814058 94186694 449569 663060 463703 916456 248225 635207 551357 247578 224328 873786 92985 393355186 930076 543945 137052 980652 783361 304987 267867 251348 791194 275574544 271710 679720 113776 289898 43579 278425 436586 95019 26274 235826 867345 246604 628981 670893 631370 424837 645353 200855 606757 242715 292042 247450 490254641 697077 487087 327049 148732 215538 469607 397500 974434 788030 61511 793448 716473 650085 681654 629931 964946 655119 336186 356551073 676295 865861 897740 857546 803072 14108 627425 660918 378655 233121 159472 931968 949457 480499 49413 328805 691301 624772 91178 482676946 302024 597805 6665 230458 822513 381959 59859 98553 766881 879032 421182 361110 323733 851160 113791 956566 898369 901859 846612784 965414 389161 835858 837599 370992 638693 852187 152012 713839 561066 742715 519942 737604607 249994 765862 791160 399102 301672 253014 51965 388101 313905 860288 304768 789710 657985 708484 133072 896020 218952 900312 812611 691274 63625 814059 664892 413610 248890 153443 573821 802052 681437 569775 339389 431877 238863 657157 163892 850082 179349 723368 168335 234652 278311 993423 131188 489218 931004 393334 905060 190286452 479317 659187 328560 768219 7794 539112 364020 288603 498079 986678158 457178 637912 134965 570503 877838 971772 752307478 274286 270210 160861 4873 839188 943556 661071 529205 888189 222547 535290 121219222 206495 560813 126231 531251 855575 57203 127513 715285 524485 971483 305260 400594 40672 998432 372860 557937 937798 520346 18013 232145 629921 437655 173264 677526 90486 634584 422431 843947 650769 559807 401083 889180 29149 629323 866823 306021 428990 442822 413865 266740 128094 737627 497780 164347 553458 535621 253676 453388 606326 249009 573475 409065 671993 223873 835918 21963115 36229 312167189 947718 444728 562150 159351 203023 392099 131275 434444 497744 547921 533672666 905503 966329 21231 437382 640498 9596 646157 870557 145460 984864 837594 662298 566944 150602 536607 541927 215267 446398 82047 426277 315812 817663 575309 662728 887125 578321 512000 436635 753389 158541 254656 967485 231264 150191 52418 30618 264724 419586 345035299 121332 527671 44296 699404 100371795 704 236954 494965 927970 921313 9445 560419 111591 442830 422353 699836 232890 523326 178102 997351 617815 442767 900250 537364 700242 289444 160599 701221 566051 476884 568244 431852 200118 510402 823795834 937975 703566348 451109 87308 297733 870470 562035 515961 332756 903825 452996 429937 182544 787004 25146 937791 581721 478207 694630 402660 218924 678495 758140 958973 763379 894301 91168 116725 47407 166043 232346 771242 442582 378738 266505 359435 414692 450338 909861 227509 681263 578629 521176 782906 125775 382400 604221 295865 122464086 605083 650453 708360 124365 85926 1734 362105 88965 25353 97916 388313936 886030 48927 464155 167773 219433 277305 76697 933232 462224 357201552 309286324 821478 534042 550806325 633742 986563 33566 360237 386758 16973 350284 814821 772086 20936 772989 786311 386582 151575 122363 314863 290415 388250 428087 516171 705971 871232 80435 373103 717257 481807 299340 269167 953187 708857 718761 953400 817192 155216 132771 679658 905248 47924516 445602 328351 596114 753495 527414 163988 111891 991666 973177 810460 918225 838747 833465199 886119 73672 592401 829969 880163 136025 124960 519939 510372 937024 764624 360328 679846 353876 798802 212533 903897 563613 952566 244434744 619257 975055 187424 370129 70165205 469388 585385796 982276 808226 537241 796935 965509 994671 132152 358942973 678700 79479 746012 654757 472595 443217 722764 294765 647377 923034 811220 475305 652964 246285 814371 345937 452344 264097 86165421 826233 272347 154867 442396 372389769 929794 65529 472937 452474 900201 296033 207931 765007 183145 903887 809901 261039 542472 