2946 2946
918 697 275666357
2866 697 103649051
2355 697 315349884
1200 697 862997882
2799 697 726583896
541 697 796588881
625 697 202529595
2636 697 697798523
334 697 615638929
1252 697 33455957
412 697 143021710
1291 697 894901086
90 697 490574027
1499 697 542830444
1767 697 512476341
2754 697 409255213
2369 697 964206316
2331 697 413132616
255 697 128447104
881 697 546212135
2633 697 665083576
2575 697 856438675
1797 697 999742712
2918 697 339894186
866 697 386365995
2652 697 441798534
2553 697 783954329
2143 697 366342626
2601 697 490190887
336 697 319784780
1810 697 611999573
1269 697 697509941
2179 697 70945219
2776 697 237562563
1434 697 138118481
1083 697 803649382
2737 697 557819697
2473 697 526354756
2245 697 46720523
440 697 373090955
1742 697 811669619
1227 697 101030393
248 697 128625262
694 697 429776511
1192 697 433050549
1835 697 126851423
485 697 821903425
2199 697 520055536
1564 697 162574623
1122 697 387348961
1482 697 253044652
51 697 625168853
1026 697 13939406
2211 697 77372607
2386 697 827372202
830 697 133213337
2345 697 324611229
1575 697 569081281
758 697 730026363
2527 697 85632872
2292 697 54408788
938 697 147649026
1989 697 759640996
1943 697 879782800
294 697 837902669
322 697 995083462
1022 697 11627583
613 697 530239782
2374 697 435390541
1148 697 231254846
528 697 291467831
616 697 793909963
619 697 682541976
89 697 204979126
2022 697 407790215
1509 697 888420385
357 697 767013021
2588 697 623009903
791 697 628638512
2117 697 904939203
413 697 538732395
1848 697 301248894
1206 697 774652276
1491 697 109783543
1534 697 805378297
473 697 225957671
1410 697 602227531
388 697 9530858
2097 697 646235931
995 697 60378085
245 697 417494459
1616 697 500212663
2067 697 816710421
547 697 102179197
540 697 446961593
1041 697 908513841
1210 697 990230970
954 697 370986369
1977 697 545438420
1475 697 891267111
1551 697 560310222
1188 697 37751313
2267 697 43593891
176 697 54416886
143 697 992364181
2707 697 836677558
1228 697 564329255
219 697 290880737
1643 697 793698400
249 697 335835856
2393 697 761147801
611 697 908186867
1077 697 24088431
1944 697 385070495
594 697 838307912
71 697 240795415
1423 697 44865204
1178 697 322990549
693 697 169498193
1921 697 824542417
2412 697 623769079
2228 697 853659637
442 697 382741535
2542 697 901948761
1893 697 918396369
2488 697 636638697
1587 697 23983296
831 697 432914013
739 697 245744982
700 697 709826360
444 697 590978877
792 697 672373859
2661 697 234475524
2429 697 140228326
1909 697 4282506
2318 697 168927068
2360 697 89799650
1936 697 255914922
2883 697 841642427
196 697 844737742
543 697 143892920
1272 697 34615700
763 697 142366487
381 697 260006652
1042 697 336705483
2092 697 260099717
203 697 533256823
2063 697 264054675
2285 697 929203852
2638 697 701739313
564 697 28025370
1129 697 854226578
2669 697 739758995
2077 697 172986814
1327 697 33810102
34 697 870854262
1541 697 340215309
360 697 349345540
2278 697 89293931
2420 697 85017853
358 697 30180637
109 697 510854348
2922 697 6699430
874 697 341525883
1224 697 449154994
1095 697 245562356
2543 697 589903440
1395 697 112965513
2101 697 402331100
1885 697 159887016
2469 697 557283404
2888 697 937378923
180 697 189201064
917 697 462402443
921 697 116302191
1320 697 233986630
1415 697 182053958
558 697 323463342
2851 697 367772139
520 697 82760038
1029 697 889798375
2890 697 439566650
1753 697 27582002
2249 697 403579607
2526 697 862681
165 697 116644556
2250 697 268826240
2006 697 230716374
1814 697 543962368
1918 697 28601169
1418 697 477005546
2591 697 880746442
2243 697 311027834
2363 697 992825955
1481 697 854472318
1889 697 338969000
2483 697 48228398
1729 697 296856479
1244 697 418400367
1368 697 22667445
2453 697 444995277
2159 697 51761030
2507 697 281141321
2200 697 798084399
1341 697 914263566
1333 697 787062727
2088 697 478722838
2281 697 646902417
977 697 160970570
127 697 768062611
2814 697 31358014
2099 697 80616309
466 697 743067944
2276 697 513869089
2862 697 775843492
1104 697 779280101
1859 697 832863188
2612 697 152060679
2804 697 695236635
77 697 18220952
2342 697 842549408
1652 697 186052164
943 697 36577499
2039 697 823168359
256 697 146559458
1247 697 900791132
1150 697 63702297
2581 697 519988565
1232 697 57224507
1157 697 399896249
990 697 538508634
1162 697 625391398
2033 697 64724410
1163 697 926898992
403 697 792682924
494 697 490724115
2512 697 713710226
2048 697 250939049
67 697 101713485
283 697 649416116
2656 697 306078902
207 697 396859896
1683 697 865051001
1273 697 524248107
2879 697 54860939
2617 697 677646738
1035 697 707601786
695 697 406676860
1606 697 539751006
2864 697 130508188
93 697 938960331
2516 697 739239962
2087 697 535619230
1886 697 797204205
289 697 691271836
2700 697 704500341
110 697 6754054
115 697 700848417
2798 697 312874067
2662 697 921355820
107 697 255718017
542 697 752655666
1637 697 163501488
1588 697 470088703
982 697 932011551
817 697 231701858
1734 697 37526343
2148 697 374991191
347 697 502819874
2005 697 937842353
2131 697 432811442
2111 697 532457499
779 697 817473606
2710 697 838665413
2304 697 451127663
2322 697 694686319
2434 697 349733438
1488 697 68342614
1722 697 643103738
1592 697 850977556
1487 697 31177766
2059 697 3809967
326 697 49775677
1311 697 835988303
889 697 118913046
2080 697 788866644
515 697 74653764
2648 697 961057327
1119 697 472123535
1598 697 332460382
253 697 142368246
324 697 704773543
281 697 918636793
2472 697 175596577
65 697 11025546
521 697 841779905
2546 697 526419008
2706 697 826043705
1180 697 626810444
1955 697 82174569
1318 697 941179302
2749 697 596255506
163 697 665268698
484 697 376381337
1374 697 24376997
447 697 207106156
615 697 922816229
901 697 132355265
2015 697 665639855
177 697 151257294
1072 697 329866635
1053 697 907269716
1552 697 974025925
861 697 114679981
1642 697 931289764
2655 697 121965621
561 697 570718070
2937 697 587420628
1328 697 745330311
2653 697 468538081
2163 697 908927751
1879 697 54965958
479 697 896774397
1465 697 768435207
287 697 566996831
1568 697 389602831
1828 697 218571286
928 697 844880959
2819 697 586521347
425 697 862199292
1586 697 143754087
2476 697 202262956
1253 697 439106837
1039 697 956884357
2910 697 556405450
2040 697 17830698
696 697 117280071
2319 697 872369210
2871 697 926506543
2224 697 880341438
134 697 558761428
448 697 37810064
2140 697 223687355
1167 697 15112744
371 697 288566959
2408 697 208972869
2178 697 587741077
1876 697 427268455
1000 697 255526459
989 697 108338039
1841 697 388024092
1657 697 781999525
675 697 922521147
2362 697 495278528
458 697 362469457
2188 697 519714595
2217 697 934072484
140 697 889544656
40 697 7345966
2065 697 447060560
2506 697 962439983
339 697 607290827
1756 697 103826738
2920 697 401017507
1419 697 77821671
1694 697 211708462
2688 697 692096564
1036 697 110697061
1120 697 129009513
1452 697 852335577
2310 697 853636934
1853 697 717079268
1664 697 926185464
1996 697 520711929
1067 697 252814804
1383 697 305626681
1847 697 149170871
2074 697 721887353
867 697 363923440
1018 697 759453994
1619 697 474141470
953 697 390161016
1066 697 726011319
270 697 165449976
825 697 977027751
916 697 417631845
712 697 394923215
312 697 577305563
1346 697 347664214
2682 697 322777839
839 697 133608393
1380 697 498552394
268 697 90569722
118 697 626653606
2611 697 79464208
1408 697 483476138
2293 697 750752742
1413 697 770756484
882 697 509848560
1134 697 72345051
703 697 403408996
1060 697 523571650
663 697 911061005
2030 697 132341602
631 697 718378719
865 697 793116856
790 697 686394831
1172 697 344713112
1882 697 975070653
776 697 216592068
589 697 951499530
796 697 336783500
2289 697 841878118
1790 697 468839600
1727 697 965881938
2401 697 17542113
586 697 119387003
2390 697 701503712
2079 697 852301691
636 697 54592162
262 697 843840387
1111 697 766858577
383 697 447497975
1388 697 849561519
2177 697 352453187
1976 697 5395470
720 697 25870492
2298 697 171229843
868 697 547322277
7 697 420018372
2757 697 295231042
2204 697 141568903
2290 697 612387938
2309 697 195957054
2660 697 744827324
1997 697 711898206
1511 697 222394583
2763 697 34207614
119 697 268995802
581 697 305370694
1864 697 419601531
1560 697 139966949
331 697 921797132
1884 697 400483204
2854 697 762307326
2824 697 866979138
1219 697 216475106
1894 697 907951975
804 697 105505456
1264 697 630359878
2857 697 977097339
2007 697 577158673
2112 697 87243582
1791 697 748570576
1262 697 5908034
1303 697 296283774
1715 697 385162606
4 697 395890679
1870 697 316468101
2901 697 988124321
1466 697 570621996
1531 697 262601251
97 697 374888214
892 697 261239070
1486 697 921097473
195 697 210673174
1151 697 316257655
2241 697 222754983
639 697 910483560
2334 697 339453795
491 697 759789457
282 697 413768103
1135 697 32886480
2078 697 612910635
2625 697 766626000
1506 697 463129347
1788 697 71248262
2676 697 659003604
1880 697 515673680
975 697 824858013
1013 697 226548400
590 697 593985548
986 697 11232475
1332 697 405864947
1211 697 163808473
529 697 84817609
2377 697 477370646
2397 697 255903262
2728 697 670209117
2571 697 371321911
1090 697 942660500
1293 697 772041343
101 697 933030033
2695 697 527051098
1968 697 242435535
2295 697 584749213
2173 697 640815200
2821 697 205801002
898 697 542503562
727 697 862789175
1453 697 390507552
2885 697 971706140
1728 697 627697651
2364 697 23874967
705 697 81102328
1718 697 101219974
1960 697 689370742
1733 697 829142358
803 697 393165369
2942 697 823743271
1184 697 991744514
595 697 951877212
2903 697 166099509
1146 697 19085413
1910 697 409414299
1464 697 635204210
2029 697 618530520
1479 697 173688711
734 697 253688109
923 697 56097530
679 697 436110598
204 697 353257134
579 697 222960073
560 697 724905679
186 697 722311638
1279 697 925301558
1370 697 340475523
2561 697 574099769
2741 697 856386648
2720 697 46450972
192 697 700874537
2752 697 903151190
1165 697 373084623
2424 697 757731057
1706 697 360626993
2435 697 853920186
2558 697 360659556
2315 697 498355250
1069 697 907125680
2475 697 248481200
1759 697 301906434
2782 697 941251905
2587 697 812690679
2629 697 153815168
1973 697 463888339
2266 697 524318183
460 697 928875728
951 697 318672658
1604 697 420504368
1741 697 700380075
1562 697 178370117
680 697 799412121
2917 697 343052559
2445 697 653767738
2017 697 995938418
2193 697 376729320
1209 697 16445822
973 697 182215950
665 697 37812759
1091 697 314676339
1046 697 373682834
395 697 365868464
2674 697 111376542
2628 697 426720940
1667 697 313993214
225 697 440793142
1207 697 100920570
2610 697 74062749
2586 697 186231389
926 697 935435951
585 697 367999694
2613 697 194737163
2009 697 747263162
1644 697 180449050
978 697 779203935
869 697 962787133
2308 697 116251122
1362 697 756632259
1112 697 115166096
1999 697 301573790
1377 697 885941668
132 697 48939936
2122 697 896471495
375 697 20966998
147 697 658396054
2350 697 707679866
173 697 891725370
2335 697 47422399
651 697 546773198
757 697 473778423
1838 697 73722040
1757 697 432156353
2175 697 798178889
1898 697 917984645
23 697 269396557
2773 697 298904673
25 697 935885033
875 697 651236367
2456 697 475663417
2677 697 434372190
587 697 443381229
1963 697 617654495
1630 697 516269971
1287 697 132831833
1917 697 926173882
2137 697 756595587
601 697 906238513
378 697 934108889
2018 697 937549903
2552 697 78095496
1600 697 223574382
1583 697 844261320
433 697 937380456
968 697 306612027
1427 697 113497842
1342 697 12487591
2149 697 716955307
18 697 934242741
819 697 369490370
2932 697 780172523
1843 697 236743372
2053 697 957200750
437 697 756197359
908 697 23644173
2657 697 975744424
816 697 406035230
510 697 28063926
469 697 583857908
2858 697 596293812
599 697 563901488
1109 697 928667207
2869 697 185125544
1529 697 806991055
2349 697 951864856
2259 697 577747386
1308 697 566812548
133 697 750965459
562 697 802684534
2165 697 512482341
53 697 706075098
1222 697 41231273
2152 697 507607114
1297 697 3576272
1540 697 169477384
1258 697 734106801
1962 697 44964231
750 697 218010590
958 697 83349763
1674 697 180148640
2747 697 105089058
1620 697 772525347
2555 697 40359232
212 697 126411928
2081 697 959403406
216 697 937895168
1350 697 623867044
2734 697 464896764
1948 697 491270854
733 697 592613494
1089 697 116877039
313 697 3352877
684 697 568106022
1755 697 474286127
2110 697 898549353
1298 697 22407618
979 697 751133710
886 697 51996660
709 697 213672342
1569 697 204591654
534 697 898265449
1436 697 691739669
2608 697 101710180
2305 697 778513873
2535 697 649025817
2215 697 256478678
2491 697 191148953
931 697 591890982
258 697 906405881
2564 697 553019839
890 697 486818243
2897 697 620284378
2745 697 565593360
812 697 537527433
1310 697 251511691
1017 697 367057516
2001 697 233201661
2294 697 617417113
1412 697 544430422
278 697 842184162
2751 697 116926074
111 697 392769191
2142 697 74441529
2124 697 841690414
2702 697 821606208
1182 697 254395441
2470 697 498980260
100 697 64383527
2320 697 418811964
1567 697 750259761
1116 697 812767629
1815 697 764762338
1831 697 569929684
891 697 300366487
2771 697 499083157
1686 697 519487510
333 697 239153971
1863 697 977296504
1397 697 964247561
1171 697 910813
983 697 953028310
373 697 179895113
1140 697 901400448
45 697 39614283
832 697 141956845
386 697 865520695
1088 697 845911000
96 697 356501749
702 697 169018359
894 697 806380586
10 697 731300101
2463 697 918230118
1698 697 81656999
1113 697 415434985
1371 697 107874875
2361 697 411001017
809 697 59426602
1775 697 75548240
2166 697 378688083
1319 697 856989321
1057 697 80344645
2738 697 103008951
2352 697 51119367
1532 697 793754819
288 697 34362747
242 697 548540115
250 697 589298691
230 697 837584110
2155 697 846080754
1513 697 924273406
1537 697 614940644
1259 697 480704332
2904 697 115109092
1902 697 879949
2093 697 171855933
2181 697 51473095
933 697 531111664
178 697 280095000
655 697 220966874
264 697 872427978
2425 697 912363347
2145 697 259202152
1777 697 411624489
714 697 449103777
751 697 27108015
2848 697 393667187
1923 697 730905232
28 697 112111966
1149 697 884255975
717 697 69057142
404 697 866972936
252 697 88567027
2146 697 220173704
94 697 998788186
2850 697 670073854
1702 697 488205106
711 697 252108514
1005 697 674262347
778 697 228488053
746 697 43242397
1908 697 982641554
644 697 506261880
772 697 283931774
1975 697 692670710
354 697 242496453
1379 697 714864000
1231 697 415158342
645 697 147974497
1798 697 336481911
737 697 133818057
2468 697 837478908
2715 697 86648400
1369 697 526522893
1515 697 638471964
1721 697 608561554
934 697 236886667
1131 697 925290866
2012 697 965933287
1776 697 762736740
604 697 234309617
2016 697 997460732
2258 697 224653965
1646 697 360087416
1654 697 985487502
741 697 12050380
2583 697 540228412
1555 697 402728310
2681 697 795218026
1622 697 353046897
2061 697 708693421
247 697 872528770
1983 697 805970725
2794 697 628711892
572 697 338891166
2721 697 22233909
446 697 333445017
226 697 724434479
773 697 290079222
179 697 232566046
228 697 540948956
2024 697 172432689
257 697 696452001
1617 697 401544960
267 697 953908124
2538 697 377896655
2225 697 984644533
1605 697 777636333
1364 697 859216923
797 697 496290344
838 697 690781565
2252 697 741661749
949 697 422717243
1 697 174271756
932 697 301312343
682 697 720040145
1924 697 274103113
1106 697 542003021
1507 697 339590439
1937 697 626746997
902 697 824266931
2764 697 26859598
2768 697 978260571
1609 697 733599803
2284 697 211931646
2855 697 112461546
863 697 683483162
837 697 695928766
2271 697 218821696
1705 697 169963816
810 697 820407312
1857 697 588344889
735 697 908268241
1825 697 180620268
1007 697 416921311
2881 697 675815633
2631 697 861038870
2170 697 113828082
2939 697 451588056
2049 697 830264778
32 697 7276233
1183 697 131725474
307 697 178198270
374 697 760667839
1133 697 740789327
1176 697 214127239
2803 697 922486137
399 697 99320743
91 697 352785249
689 697 473442082
29 697 655917821
824 697 935939922
11 697 845144635
896 697 665840104
1865 697 484371435
1986 697 834248336
913 697 898164228
2025 697 777626291
1353 697 107679951
452 697 966334455
627 697 553132665
1919 697 893365084
141 697 74328030
2237 697 390868053
2300 697 637909437
401 697 466162906
2887 697 200249566
2418 697 688086664
2933 697 282121444
1407 697 8681496
2907 697 451630049
455 697 82752904
555 697 295660156
46 697 788233920
489 697 826151814
208 697 236065992
2248 697 126817405
1774 697 735347436
1925 697 585414015
57 697 436094280
1202 697 506464782
1738 697 229772826
1900 697 247681138
2324 697 905735568
2767 697 556465896
1625 697 587551805
2413 697 177512702
2556 697 592653092
241 697 50375883
582 697 275751773
1904 697 632266582
726 697 7248547
450 697 251395935
1740 697 90509079
976 697 994238909
1570 697 804126648
275 697 275218171
2313 697 534362815
56 697 86494502
2746 697 95919616
114 697 480102785
2618 697 849159155
52 697 528847969
61 697 42609580
2748 697 869445138
2886 697 809967305
1082 697 216314220
410 697 678669455
1402 697 795646868
2670 697 212679492
991 697 551333536
2115 697 457971745
2372 697 418346213
2839 697 370736737
744 697 385102570
1025 697 125116812
2299 697 635186013
1878 697 170497740
1584 697 439307622
2358 697 885097351
2672 697 40566858
1359 697 56108643
842 697 56753320
493 697 893316685
2229 697 677913222
1892 697 642798445
1440 697 312247385
1707 697 568863535
2680 697 906926275
605 697 147276324
2380 697 890024722
468 697 54261214
1147 697 738631214
1627 697 216188813
2196 697 797055059
274 697 785591612
2062 697 544821464
1028 697 989729569
1655 697 404853265
1920 697 227559607
49 697 813591637
1260 697 803740224
2704 697 698633779
2623 697 325447548
641 697 609696123
2521 697 316323591
1132 697 845447156
1301 697 59703929
519 697 276211695
1916 697 909667052
213 697 122788887
210 697 677901381
9 697 672710823
532 697 435145409
653 697 644306835
2366 697 807386715
502 697 537148873
2444 697 701575412
2551 697 24285419
638 697 65908025
2640 697 13377172
1719 697 995147262
1154 697 499121281
1964 697 536130206
1194 697 261393129
1926 697 765376528
1787 697 333491572
1372 697 659427508
1496 697 566268098
2486 697 997075946
341 697 188007090
1821 697 748577568
142 697 687789757
2089 697 229191237
2172 697 437853527
1670 697 266173053
220 697 83472189
486 697 478397692
2436 697 225042847
16 697 35831971
2479 697 432043135
2354 697 142229750
2207 697 151452633
2057 697 844096765
1978 697 281596
823 697 414251994
1613 697 427026447
1330 697 130799267
2514 697 201260124
2524 697 331795046
1389 697 338702901
2158 697 501941106
1043 697 346197633
2371 697 960802919
1197 697 106154096
2582 697 232606026
852 697 115865034
293 697 47532333
1223 697 562066453
1610 697 69793999
1872 697 811227993
138 697 28804709
2742 697 313649831
86 697 240855825
125 697 599189512
2343 697 522463462
2287 697 68616345
854 697 753370057
2405 697 467152414
240 697 18520141
390 697 703066835
1572 697 762793255
1823 697 353946467
426 697 250770291
1107 697 141847759
2817 697 7253852
2941 697 621681713
1428 697 964710684
85 697 679106236
2889 697 512273792
148 697 986696573
2438 697 542759444
1602 697 967838434
1998 697 930419508
1078 697 31073470
2639 697 142391273
1629 697 421043653
150 697 138552541
2876 697 934269828
1070 697 981478126
522 697 436643382
2307 697 559591911
2484 697 173004018
1159 697 313247614
1659 697 977051978
2454 697 797786833
2569 697 461949513
36 697 372265144
676 697 991070467
1447 697 839868980
2086 697 604134564
449 697 349975412
273 697 916315802
2064 697 702310758
135 697 484299606
2448 697 642406732
2201 697 396002150
2208 697 17302285
2713 697 567102573
2689 697 17143761
2126 697 985422093
1660 697 339716871
419 697 809965924
2034 697 548559860
563 697 426212876
1501 697 504083951
1241 697 520005614
794 697 693414071
1974 697 496644302
1384 697 132424982
430 697 565974001
2786 697 636063
481 697 437522918
535 697 2159131
1084 697 640546488
2722 697 671352133
1101 697 810228876
770 697 883279570
1647 697 42486509
802 697 823008125
2187 697 939884592
2503 697 65506666
736 697 558546027
2339 697 300707071
1220 697 289290398
2432 697 967728637
318 697 43755136
1631 697 246458810
2493 697 215670476
708 697 285758561
2373 697 956727221
2002 697 98823068
73 697 361882867
1138 697 656460494
1055 697 537661639
1451 697 937097623
1993 697 107831218
1040 697 664093473
2664 697 135856510
2176 697 258724758
1334 697 698409910
833 697 437104579
1063 697 142597987
910 697 613962068
1136 697 322756886
2026 697 154756695
41 697 473065597
2563 697 210608815
8 697 55113582
2439 697 931268722
432 697 40025614
346 697 499993460
1668 697 15594135
2793 697 239232522
1703 697 393990600
766 697 651548832
424 697 183434133
1373 697 727889491
765 697 148402113
2560 697 116615987
2431 697 504059828
298 697 583730632
2378 697 69908138
2392 697 270368010
2118 697 804414015
820 697 813020360
2090 697 369574759
1877 697 205505888
63 697 720780967
822 697 240895408
1127 697 417912268
1233 697 726615435
1229 697 322668673
1174 697 866473420
1044 697 553880389
1803 697 239925456
1811 697 933175684
2659 697 677424938
2614 697 81120485
2632 697 64181804
748 697 982749740
924 697 324312075
873 697 817968739
1559 697 899133439
1577 697 913570715
1503 697 726869492
2144 697 872435970
1744 697 421669612
1546 697 608528796
1284 697 276198934
154 697 611095030
2781 697 204396585
1677 697 509594003
988 697 862169507
329 697 536106656
2171 697 683754267
31 697 326714180
1335 697 636674965
1922 697 918188483
1547 697 716749816
2759 697 798727157
576 697 416371270
435 697 136298872
1474 697 860611274
2502 697 406155058
2725 697 252763126
136 697 831306773
1098 697 183073969
251 697 2145094
355 697 67970089
271 697 860228954
2760 697 136941202
1099 697 132607264
296 697 586463053
1313 697 726528968
2504 697 378785932
1557 697 716724954
2153 697 4872149
1952 697 447611290
754 697 913820766
2845 697 815919676
1709 697 668955366
2197 697 920384046
2853 697 989814810
478 697 420637680
2329 697 687458253
66 697 3805665
1324 697 940134319
2750 697 85764034
2732 697 336102776
167 697 290389387
1770 697 688061996
2779 697 738360120
2894 697 765957641
2837 697 36812966
2577 697 445453100
1354 697 561186014
1193 697 287879441
387 697 514193286
259 697 367625583
719 697 992373218
850 697 939987962
1050 697 110655565
855 697 431601853
2462 697 606652955
942 697 155030626
2861 697 95785847
1785 697 54045146
1245 697 950836900
356 697 578457122
43 697 130804528
2083 697 421040911
1716 697 163517428
911 697 508623657
2105 697 68028046
1965 697 246744184
139 697 794267083
2825 697 173378771
745 697 332887813
1901 697 32746425
1723 697 158645491
2072 697 619570799
2104 697 618335326
853 697 411076304
643 697 71579093
438 697 699210211
1820 697 868572754
2417 697 589789976
2800 697 913352091
310 697 789218200
1773 697 325188945
1746 697 75264366
1004 697 97403603
1544 697 682250276
992 697 274622183
265 697 641662031
266 697 483731233
2060 697 553913581
189 697 991969176
1656 697 382861882
217 697 510358350
2945 697 332502057
2246 697 105978546
1271 697 722036084
600 697 735839400
1450 697 20840133
162 697 690296030
2058 697 703929562
1498 697 372217982
1833 697 765491378
2884 697 607121912
546 697 463967535
1563 697 55232795
392 697 450314272
323 697 301617824
1015 697 473051331
2311 697 847207329
474 697 325263030
2192 697 13994487
1896 697 642420041
673 697 556425053
1381 697 675548044
1470 697 681173230
2698 697 492710452
2227 697 432607908
2280 697 749583487
506 697 882032555
1995 697 88982083
2770 697 261330444
1994 697 657918746
462 697 693587691
1731 697 799555286
2388 697 518306215
1390 697 896858779
2414 697 523565783
821 697 593597554
1840 697 853069448
2450 697 443226058
58 697 998294356
2423 697 512383158
84 697 304843204
1545 697 943205764
72 697 910233406
215 697 304227024
899 697 630835581
1195 697 648862713
1037 697 61308061
1255 697 486445966
499 697 526742
1950 697 452364175
1621 697 299274480
1623 697 199340129
1713 697 698245358
2724 697 553926790
1500 697 538671049
2076 697 104566172
1558 697 344025294
453 697 897694800
1323 697 881224538
2532 697 593918820
1296 697 461498788
2221 697 756864133
624 697 390516864
1058 697 311759743
2797 697 585045400
1724 697 191384095
2119 697 41023575
798 697 467645250
660 697 959567050
1048 697 835016294
2905 697 255738229
2619 697 772439459
149 697 671100223
1142 697 225353059
1701 697 692040875
1678 697 136121445
1080 697 619565794
1682 697 710239842
1177 697 695442334
1778 697 361414603
75 697 939108060
871 697 402116934
963 697 804467828
533 697 812426387
915 697 27736273
2826 697 950317175
201 697 684575330
1979 697 838530593
1748 697 14099736
1114 697 335859917
970 697 320661349
784 697 860882190
330 697 237770520
828 697 334005500
2873 697 118400932
2753 697 17095889
1405 697 542143689
1406 697 605837002
158 697 20357511
1679 697 610788241
1612 697 34114438
2272 697 402897076
623 697 159827039
124 697 646471095
2709 697 649924456
2451 697 646088838
2896 697 795568327
1314 697 334001257
835 697 940704846
2375 697 787865556
2150 697 669079375
48 697 583190260
1463 697 701463572
1300 697 850162633
2701 697 73575733
2690 697 769023242
1760 697 707135171
1124 697 787769629
2943 697 30064821
314 697 131411338
799 697 584382058
22 697 47537175
1946 697 365272628
1367 697 505129565
1761 697 755991078
2003 697 586082535
1792 697 518707440
1938 697 145978788
2402 697 730507721
2035 697 762818545
2916 697 669958717
2519 697 994032748
2935 697 53400462
1818 697 484344507
480 697 90380546
2880 697 781255278
99 697 535043146
1687 697 612072353
597 697 8621497
1932 697 277640002
465 697 277685925
1982 697 538432094
2102 697 873452793
1062 697 74470329
2422 697 706141970
2396 697 526391417
1144 697 175260868
545 697 719552655
927 697 60432007
1030 697 266754584
1396 697 28504825
1665 697 723334411
764 697 687972538
1286 697 123292363
1675 697 585668393
588 697 308654775
2624 697 378203226
1012 697 675341965
1092 697 518576077
1603 697 326258185
2716 697 467861067
232 697 305268046
1881 697 474927133
1027 697 691040836
2404 697 644272664
2167 697 327962419
2597 697 535481573
1249 697 460940795
2832 697 207598936
1387 697 212337913
1959 697 313238843
2923 697 900191900
1690 697 10139234
1661 697 699048241
919 697 262756816
2495 697 502084690
2471 697 85351269
1304 697 70065708
768 697 804967679
1634 697 743209578
2013 697 30512990
290 697 515741225
2860 697 601408390
1469 697 978029601
2849 697 812563566
344 697 109690688
1688 697 790502098
2494 697 993458883
1981 697 388456026
1336 697 513668182
1339 697 478114522
2522 697 939550724
1945 697 25769923
198 697 14203924
1404 697 126865073
2421 697 84734364
946 697 124128855
2602 697 410378816
372 697 125170453
501 697 898548360
2675 697 991029451
2784 697 293082726
1607 697 243579072
2877 697 319341727
1855 697 37017809
2023 697 325485404
1635 697 870705020
1846 697 752214518
783 697 113368856
286 697 780053697
2344 697 584654612
2703 697 801046313
1250 697 242546090
2257 697 650439240
1807 697 773287793
2671 697 391416850
937 697 95737540
1103 697 614476623
998 697 64662096
2233 697 631673491
1276 697 187907252
2085 697 85682328
2914 697 388689903
859 697 935346905
1435 697 299424911
1355 697 975971056
1984 697 304598681
393 697 657005043
2508 697 448857870
1416 697 305288067
941 697 401819510
1292 697 881400264
2409 697 267686898
715 697 884801199
1441 697 988359772
1780 697 473841874
2609 697 559002182
1001 697 418144647
1739 697 619229253
1752 697 60269030
2645 697 358089258
2501 697 701733338
939 697 144775261
2260 697 42359942
1221 697 970087036
2291 697 482864367
1394 697 795747239
1614 697 156262774
2239 697 559065856
699 697 363525556
1947 697 669095412
1155 697 646024157
1010 697 145941592
472 697 687858734
303 697 272405772
1789 697 500405131
1689 697 498484145
1628 697 418759453
1483 697 823663594
1510 697 541571138
1520 697 677008706
42 697 703731514
277 697 921045419
349 697 844913119
621 697 476560512
1730 697 87905210
1019 697 782973422
1445 697 324771368
311 697 472637290
1455 697 340352309
531 697 133456174
459 697 975277833
1535 697 191662390
1827 697 958334619
81 697 390408026
805 697 717440224
1439 697 744200323
2234 697 380261884
2548 697 746098918
2931 697 171099960
1566 697 133034806
544 697 840682327
1473 697 175254392
37 697 483936116
2474 697 835954934
1011 697 557710284
781 697 964471574
1673 697 472048001
123 697 143505780
1808 697 182721195
2594 697 548980955
1590 697 49266751
2822 697 931149906
2830 697 100030074
713 697 303977835
1282 697 684077233
1398 697 294360471
1648 697 7625557
1836 697 928470953
397 697 970481883
592 697 365783696
530 697 403996249
302 697 176569431
2541 697 696911434
2490 697 522808833
769 697 426365242
629 697 121866192
335 697 669087328
2805 697 948841189
2658 697 913189034
2668 697 113501476
6 697 440282308
221 697 460417143
295 697 100413102
1834 697 232690022
504 697 136156246
668 697 39103663
1460 697 851187245
1591 697 47609997
2758 697 399172000
1338 697 851888172
1796 697 469641520
944 697 452147440
2346 697 751277973
2590 697 428014640
1289 697 767342283
1021 697 105617463
47 697 960719228
1745 697 443989761
78 697 968182282
1126 697 642956137
2919 697 862996181
416 697 986657891
187 697 462385326
483 697 183260400
269 697 484800501
1494 697 457371844
1539 697 816495312
1492 697 795727030
291 697 821611158
2330 697 471906427
1052 697 658976084
1169 697 384548778
512 697 7942434
2820 697 296272752
849 697 752774413
2254 697 613838061
2156 697 416752105
2606 697 501220
1087 697 297522858
1045 697 528983346
2274 697 626812580
2718 697 796194718
1662 697 145400047
235 697 332245571
128 697 929657151
2536 697 876352430
112 697 907332792
1762 697 190346450
402 697 907674301
1480 697 764631560
2574 697 160648792
492 697 745522112
1456 697 840757368
2743 697 326789811
578 697 727885032
2169 697 977606835
2481 697 101358732
126 697 374101034
2568 697 85652672
523 697 724604599
2641 697 49739918
1512 697 327486047
2370 697 860016785
570 697 563712999
2882 697 85259736
2893 697 993170780
1801 697 76574341
516 697 49145276
1495 697 627531754
487 697 481013288
490 697 614904626
2130 697 864431070
2103 697 267567161
2765 697 756600095
1934 697 81030698
1888 697 888501029
972 697 485543155
681 697 875694092
377 697 573339727
610 697 348530194
1266 697 494436404
1242 697 107020924
1351 697 212878852
2190 697 402789502
2135 697 379852805
2921 697 732476386
2231 697 889696380
1618 697 128075630
2411 697 181880239
2778 697 782944924
2410 697 184572827
782 697 478892397
948 697 229403842
1378 697 20593757
2840 697 568127530
2480 697 744218367
755 697 284620767
1638 697 568532991
906 697 154105
2127 697 680168611
2549 697 284240691
2515 697 931954796
607 697 129896966
2598 697 791821640
1179 697 56717658
2604 697 952428731
2407 697 250056199
1212 697 675416329
771 697 65834885
2183 697 342744834
1971 697 749253445
2206 697 268730245
1548 697 441207765
2440 697 158152272
947 697 133907286
1579 697 453686226
2045 697 368751984
2168 697 206956722
1299 697 806326931
1261 697 534277724
2273 697 473811417
2940 697 798146925
2603 697 30664595
1033 697 668370017
2157 697 179252762
1064 697 901359181
795 697 572718016
513 697 733750772
121 697 708755697
851 697 843841033
1972 697 749258652
648 697 537527039
1747 697 589205457
2054 697 79663909
2326 697 213046484
475 697 758620685
1047 697 131118061
1173 697 128896386
1639 697 303663583
35 697 49843611
895 697 896762981
2795 697 641065471
508 697 571686804
246 697 401130515
2544 697 614783611
1137 697 386597634
1411 697 692043464
1433 697 473514171
767 697 204894950
2443 697 861330968
1316 697 534710537
905 697 870472549
967 697 601236246
2317 697 793867462
1201 697 315868765
1779 697 818464844
2027 697 706541376
1348 697 386914865
517 697 454393267
957 697 801022303
620 697 214880590
2523 697 341009209
206 697 865689658
236 697 407734415
701 697 424729906
20 697 168231977
1448 697 173143829
408 697 69430428
2924 697 1836176
1315 697 561999418
1263 697 249989656
2831 697 728496699
1942 697 781472091
1251 697 433640805
2125 697 277480995
2368 697 524449526
1533 697 51288015
2262 697 219338363
434 697 35620929
1294 697 335023648
1478 697 834180387
2337 697 491791375
2683 697 22602215
2727 697 255065632
2075 697 48833306
166 697 929205505
1927 697 21106072
2666 697 667740433
55 697 67725579
935 697 900880293
1696 697 686586118
774 697 964361047
1489 697 95129886
864 697 829572747
1764 697 420213384
1115 697 585566375
2256 697 496169988
151 697 641272240
1611 697 700114549
1118 697 323630851
2184 697 175235678
2123 697 272971814
2533 697 183983752
667 697 218599401
2251 697 999273030
1608 697 290055692
1128 697 829430516
1751 697 796137612
2247 697 638478853
2852 697 563798311
1519 697 962097448
205 697 244781120
227 697 334443763
2806 697 370282028
2323 697 24565345
1578 697 115585728
181 697 745063860
2600 697 758432168
2928 697 116210983
971 697 548724963
1145 697 532625281
723 697 91288325
658 697 108073705
936 697 146267539
2554 697 198961694
538 697 661219180
749 697 56768198
677 697 994675361
60 697 511373073
985 697 627239388
2107 697 597072675
1593 697 695537063
211 697 641718477
117 697 247618376
1123 697 202962558
1290 697 321340040
2219 697 407218548
2419 697 1925689
182 697 279729709
1121 697 230280703
2607 697 103986919
1417 697 496866398
92 697 921207408
1704 697 944282202
2912 697 710095573
1079 697 680516351
710 697 384698003
2384 697 667863744
24 697 979481947
2802 697 205970672
1867 697 327438036
2872 697 26398409
964 697 194150934
2818 697 98204687
1819 697 321227988
524 697 551764021
1153 697 888530820
2809 697 847761111
556 697 289203054
1246 697 2742986
2605 697 365846518
103 697 853310486
2630 697 397839955
361 697 673075172
1653 697 165533643
2340 697 2506861
1809 697 874858208
2195 697 39544484
2500 697 68132635
2020 697 473399854
1961 697 243534457
1735 697 701682528
1685 697 789546403
1987 697 664200666
1307 697 961972009
353 697 136606721
1763 697 772170337
144 697 164694361
1669 697 93583091
1856 697 370710722
1446 697 716574287
1771 697 888016424
1991 697 67401586
1781 697 466981544
2874 697 592789935
1929 697 962101464
1038 697 74341453
649 697 290984648
391 697 112323741
887 697 221456834
2385 697 45189727
756 697 938993012
2811 697 152844123
580 697 188573924
2094 697 129005915
1360 697 244958815
234 697 403699964
1198 697 773494248
319 697 909783211
1505 697 752178135
980 697 174250248
1187 697 521376943
566 697 323219495
2353 697 986679830
1226 697 398327983
350 697 399532548
1714 697 375809730
559 697 799241818
2650 697 174912145
2651 697 485944426
199 697 406491233
2895 697 98399966
1907 697 242143867
2595 697 592716796
635 697 562765058
1786 697 158873168
1692 697 899146443
1697 697 765453694
200 697 585105425
1632 697 127314365
146 697 84222854
956 697 238354704
1933 697 954656495
1471 697 375567284
2510 697 608378853
1866 697 420674014
672 697 944853553
1074 697 113608842
1980 697 585312312
1449 697 292874359
2082 697 926248136
1175 697 84846589
98 697 645747872
44 697 221917342
1895 697 926848871
686 697 653464705
2635 697 511493522
2141 697 45301236
243 697 628556511
2766 697 726907255
439 697 98544476
2762 697 293367430
914 697 906497939
457 697 385669685
1059 697 972122963
1957 697 795574702
1839 697 511574073
1691 697 273359930
1553 697 53255559
642 697 667968516
1829 697 807177375
2927 697 354640589
456 697 528398742
1958 697 204361041
129 697 748519703
2242 697 939295237
2426 697 481182873
729 697 928252901
965 697 101894194
1461 697 160722439
1795 697 610186003
1992 697 428310005
1749 697 662177775
500 697 62002248
2139 697 381309496
662 697 770872343
325 697 786024912
2934 697 397123197
1234 697 984692960
1873 697 578893041
292 697 869306807
2828 697 170408419
2459 697 243922673
1949 697 708611760
1754 697 192619292
497 697 31560718
2014 697 451881208
1170 697 720740515
877 697 573507242
1651 697 878645525
59 697 293941885
328 697 813071923
407 697 687943065
633 697 337852929
1414 697 518272934
1283 697 130497484
1854 697 79198121
80 697 924392450
2109 697 73991637
1514 697 398774967
421 697 348803835
1899 697 667320602
637 697 690918257
984 697 104618069
369 697 304724481
2004 697 953811124
2133 697 532248589
1096 697 147164344
415 697 97094410
1784 697 100841228
688 697 81999812
120 697 685375063
441 697 695299016
1217 697 232688050
807 697 111904854
223 697 13864219
646 697 256896915
2098 697 118584100
1758 697 142649259
1393 697 664786350
2138 697 948355703
1160 697 469816606
1504 697 465621459
974 697 41786790
1736 697 701321433
640 697 17579442
2000 697 1808534
814 697 129713384
1071 697 858351003
1391 697 64090292
1766 697 967009887
2788 697 668564332
747 697 129610152
2646 697 998770913
1034 697 708496853
1530 697 681637284
2042 697 653964418
2649 697 341855436
567 697 226596756
2478 697 46780738
2043 697 325985241
498 697 375810096
1935 697 906829381
2736 697 800577453
2900 697 842100763
2466 697 482154132
2712 697 494080028
829 697 31122999
1626 697 37907027
573 697 748668085
470 697 944338078
2114 697 62340978
304 697 554167804
826 697 818336094
284 697 66584010
237 697 86750882
961 697 703577447
1782 697 752664079
1913 697 405798531
33 697 47624641
2400 697 814314939
2867 697 716483289
996 697 134817280
443 697 286180100
1454 697 30887273
1585 697 888606862
1576 697 117897380
753 697 324681517
409 697 310578618
2209 697 380910325
2579 697 111561985
1849 697 662844167
184 697 721381726
104 697 995033457
1438 697 621015786
1666 697 220462403
2160 697 869968755
1684 697 100842740
308 697 453299876
2540 697 527021145
2520 697 679637855
1645 697 994685154
2780 697 977018353
1425 697 108894920
568 697 726264995
1890 697 987216882
327 697 460436519
1700 697 697401857
1016 697 405786080
1624 697 270683608
463 697 54547105
2492 697 59682500
1130 697 974225670
2430 697 82348211
1401 697 932251304
398 697 98667786
2010 697 918951060
759 697 918210017
1858 697 691417935
2936 697 954206317
2047 697 736302688
2460 697 140315829
202 697 229749615
994 697 72533300
2387 697 978922355
1830 697 535116621
2461 697 28143859
614 697 672655513
1189 697 459947540
359 697 480641815
596 697 793955662
2465 697 765977446
2189 697 21185163
105 697 91079573
811 697 504263126
2731 697 554413937
813 697 942667762
106 697 5384405
15 697 585170912
2717 697 34842399
116 697 63931797
2673 697 929653267
30 697 404696927
1468 697 959415161
565 697 912385389
229 697 514533347
730 697 18596301
379 697 397104739
2395 697 720650808
2891 697 972925367
351 697 264414863
806 697 888135210
2756 697 67808450
2836 697 274218037
1676 697 32306529
1802 697 501923379
698 697 52094382
1008 697 691430831
1931 697 81356609
780 697 91916110
909 697 713026224
131 697 219123315
2841 697 673313802
654 697 875480521
1023 697 441659015
2032 697 363164416
1472 697 233920782
1385 697 81816002
1565 697 445788299
1768 697 359049834
2069 697 803106133
74 697 610799589
2685 697 73793136
2482 697 421649141
2210 697 886398187
1267 697 260338311
1420 697 299110235
1649 697 231037319
1068 697 24254188
2446 697 190323211
732 697 270336639
2946 697 222372065
88 697 187871134
301 697 294950334
2116 697 540285577
785 697 610103957
1365 697 88667003
2644 697 365371374
1442 697 232703605
603 697 911903276
2232 697 36399983
2236 697 813763831
761 697 884992541
396 697 669681740
860 697 28559448
411 697 254776486
2185 697 385876193
2827 697 995486552
2774 697 733150577
102 697 687451111
2930 697 256605692
2528 697 496825298
1640 697 716262505
445 697 466279633
1295 697 472785889
1458 697 891061369
2513 697 253877739
1804 697 422326937
342 697 930888271
2321 697 810491925
1940 697 746554279
1239 697 514550294
632 697 156459329
1636 697 302059786
2447 697 264707058
777 697 497755696
364 697 275537247
2723 697 408464461
1056 697 43963649
2037 697 551622854
1953 697 820886864
2296 697 125197110
1215 697 357963753
940 697 719845611
647 697 703003156
420 697 699931659
2813 697 705122325
2621 697 771045471
1596 697 247370665
12 697 786871767
2755 697 97888446
1671 697 767079056
1891 697 190279081
337 697 175577125
1325 697 313630093
1912 697 754503972
1966 697 257442603
1806 697 736883304
2154 697 65399591
2807 697 561925873
185 697 14373158
1105 697 877740680
1168 697 8106173
2496 697 132512712
1869 697 105423430
847 697 95771823
193 697 342137811
2761 697 790453817
160 697 863684355
191 697 351201493
1270 697 330031049
190 697 825426690
609 697 828536278
1699 697 134500372
2314 697 489194480
2332 697 768580699
1430 697 352426640
527 697 638320970
1240 697 695740212
2694 697 307754102
168 697 241181334
1281 697 274289178
2382 697 597960166
113 697 343895928
2846 697 54401528
2052 697 565713045
2589 697 85324727
130 697 280514000
707 697 200865142
482 697 614730382
2865 697 668127317
2498 697 425956548
2202 697 222772341
922 697 42369408
2634 697 62283801
661 697 834594553
2735 697 413265495
2833 697 705363788
2938 697 813208191
2106 697 726306168
743 697 932436077
2572 697 853363142
2415 697 117213817
365 697 706516731
1274 697 29468357
2261 697 817089918
2485 697 34955419
2550 697 910926121
2240 697 127473909
79 697 42534397
1517 697 840245520
2944 697 23742481
1680 697 914554013
1543 697 770015662
2238 697 405444180
1431 697 603447370
2458 697 483430669
279 697 624688065
1516 697 243494264
2164 697 938219993
2263 697 738013811
1321 697 686552068
1837 697 951848931
683 697 924754299
626 697 575133478
2041 697 257869811
2205 697 625199591
962 697 330120985
2816 697 719122551
1312 697 515591368
690 697 411971992
1905 697 434704631
1305 697 299317750
1549 697 537844423
2212 697 376212094
883 697 52599456
2265 697 95227293
2726 697 503882029
1589 697 754577804
1824 697 685946372
1538 697 371410936
725 697 522560612
2870 697 273956768
955 697 748182244
1236 697 34922026
2356 697 289094879
231 697 485485177
362 697 301551707
1329 697 826911266
2449 697 76507789
2592 697 380869194
857 697 752965415
2084 697 986629365
2286 697 796834131
2696 697 135048428
846 697 495648482
2562 697 144488188
183 697 7215157
2518 697 75357562
218 697 849615949
145 697 835653073
1574 697 837005495
650 697 36836937
526 697 173588725
1156 697 521774013
1732 697 275657310
843 697 549857080
2336 697 54579269
54 697 655092974
612 697 178722184
657 697 108878736
1443 697 414273480
1951 697 705056315
1850 697 679481185
2191 697 491645571
930 697 34046541
815 697 473614820
509 697 829270615
1525 697 231817653
338 697 787949646
2416 697 933557387
495 697 541107711
1386 697 598205860
1695 697 396870558
718 697 514688981
507 697 836091593
752 697 746314449
2046 697 181816510
848 697 135560063
2282 697 350383429
551 697 466878276
69 697 186589638
2898 697 797678155
2711 697 828376730
1086 697 320525984
593 697 99322130
1476 697 26145840
787 697 161760629
2868 697 404874633
156 697 929763260
1164 697 390284434
2557 697 756884371
348 697 245857599
903 697 998952226
1158 697 410100043
925 697 792525793
214 697 457874093
14 697 467765321
2100 697 861115644
2796 697 755280143
1361 697 466763307
1601 697 150590835
2113 697 18630713
2068 697 889429274
2925 697 27757482
987 697 977521700
2772 697 760891314
2517 697 422619539
2301 697 194557998
2452 697 364263636
2691 697 350191027
1191 697 778706110
858 697 353075352
1772 697 672628026
64 697 518829227
1031 697 668417222
1356 697 16599723
1422 697 387500899
1799 697 80500697
912 697 36834131
1426 697 164862716
1580 697 239668716
476 697 334488092
1110 697 825219388
2403 697 785140323
17 697 870193732
1526 697 694136337
1571 697 57227692
2021 697 80837391
2926 697 688724044
300 697 307892844
904 697 86349046
1903 697 776114479
557 697 38208332
2679 697 114766393
2693 697 111171525
514 697 416731947
1006 697 632971919
685 697 493134250
272 697 533011029
157 697 827166722
285 697 4878461
13 697 687465713
21 697 876476453
1805 697 390719489
2863 697 947603197
1358 697 657705220
2174 697 119170933
2129 697 111855396
2699 697 137335997
1988 697 285110987
2835 697 601997157
2095 697 133597735
2487 697 624434516
1581 697 497640982
1054 697 187475529
2790 697 632857987
2791 697 105197890
2203 697 171378926
2537 697 106862441
1268 697 214762168
1615 697 928589583
981 697 895574936
1190 697 31157595
385 697 601202674
2161 697 11519473
740 697 960094388
1967 697 117933859
952 697 346970185
608 697 97756463
422 697 375994577
808 697 492735969
2902 697 38502454
505 697 720448660
2775 697 871045446
1337 697 443866026
320 697 740672888
2325 697 682407902
1161 697 343624664
108 697 478583434
1203 697 379048713
2697 697 777399214
164 697 788750538
1204 697 49143947
2338 697 905183626
2381 697 618514285
1493 697 446777
1024 697 976928576
872 697 749548273
423 697 406354620
2584 697 90735148
2398 697 628827586
536 697 307130383
2615 697 914962969
2031 697 957353304
1897 697 640911368
1235 697 409766549
2838 697 775785296
1743 697 75969128
1213 697 781201835
893 697 51305904
2255 697 83462138
1399 697 750816129
2253 697 888400030
316 697 209840128
738 697 136346770
845 697 37874974
2834 697 486907544
239 697 956219020
38 697 564749848
760 697 6870154
671 697 980272841
1141 697 402094895
1429 697 2124741
431 697 670445137
577 697 899624523
1826 697 8196888
2596 697 208604407
2128 697 853490956
2223 697 71508267
2389 697 837838366
742 697 250288846
2269 697 945281681
1108 697 694756868
966 697 262844329
306 697 15319206
1254 697 349795787
606 697 157165088
1462 697 23314440
194 697 92087105
550 697 966156469
2121 697 375317538
2647 697 543720921
669 697 539707041
2132 697 260307669
2376 697 173878604
2316 697 686521951
1205 697 858877966
2328 697 413853806
1970 697 271727817
2534 697 292189090
2406 697 591914798
2511 697 908917655
841 697 132881513
3 697 138507658
1357 697 642043458
1285 697 371643835
2036 697 217978394
2856 697 14889656
602 697 357501705
2808 697 339067521
305 697 934085077
1990 697 351928446
617 697 59655060
1800 697 126915840
670 697 603260415
317 697 37244235
2678 697 305543913
1306 697 326025164
2842 697 156141963
1076 697 725115871
1597 697 945417118
1941 697 179864896
1237 697 925085850
2244 697 77046908
1573 697 474237101
1317 697 463322178
2427 697 145107695
1094 697 354258218
630 697 197185702
1485 697 716444312
2505 697 715779965
1256 697 749519232
2071 697 991512710
591 697 891401521
2789 697 645510983
2399 697 822896462
1794 697 406932099
716 697 383354496
1437 697 781176524
2573 697 493160435
722 697 904233458
68 697 56551846
50 697 378252729
1331 697 72275525
427 697 15311991
2441 697 922495082
554 697 551180927
5 697 853219102
2565 697 917763217
2073 697 591296922
315 697 488086784
2559 697 915952103
454 697 485652366
2070 697 241429218
2194 697 44978199
76 697 366983017
428 697 465786805
172 697 44814142
2180 697 985069664
900 697 953138723
1230 697 705319383
2686 697 856381934
884 697 850119184
1085 697 761384294
518 697 392087063
2230 697 404543675
2801 697 142439768
997 697 723434688
254 697 834738431
1225 697 650858868
2539 697 396121832
728 697 788763118
405 697 430406965
548 697 39268188
2740 697 371798541
2056 697 281199536
1238 697 250281723
1875 697 353835203
1081 697 83144039
929 697 916317453
352 697 843728980
2218 697 175948786
1093 697 330785182
389 697 548140974
1939 697 181448284
1322 697 297694327
2913 697 945475692
2547 697 375460198
197 697 17389443
1874 697 721412013
2359 697 130817499
1014 697 791374785
704 697 563628053
1750 697 909377951
945 697 61266469
920 697 828906723
539 697 518177547
1382 697 137996266
2455 697 49047240
1817 697 907083442
2283 697 502579776
1641 697 971296023
1102 697 301338594
2812 697 529065413
2442 697 527389235
687 697 229928583
1432 697 67408111
1009 697 995585110
840 697 183707261
1345 697 462285516
2220 697 735359331
1708 697 608402067
1658 697 30875396
2823 697 220881835
2705 697 114606123
1693 697 19147379
1594 697 424791882
1928 697 904120635
363 697 625361595
1816 697 158324119
1681 697 667324027
238 697 775853443
2136 697 954064926
2642 697 392711683
2616 697 488002715
2433 697 965328539
1349 697 487313548
1409 697 163855776
525 697 405984834
575 697 790777046
2654 697 643000034
418 697 420469193
2769 697 349322966
511 697 982722386
656 697 204995049
1075 697 320123494
2580 697 107386227
2787 697 638930387
155 697 596177805
368 697 3998936
2684 697 722376631
2347 697 412038041
2626 697 137775933
2051 697 962571233
2428 697 480409107
1522 697 984188028
2162 697 804081553
2637 697 444888276
2008 697 513619119
2096 697 772257531
343 697 42647662
2050 697 412076717
2275 697 481342115
2847 697 984715004
1020 697 12057240
1599 697 6188285
1343 697 845645558
1915 697 20408694
1914 697 320905772
1051 697 138056851
19 697 660253726
1842 697 566045073
1969 697 460363547
731 697 813617133
876 697 587501322
70 697 151468442
2147 697 732370225
260 697 36858148
1871 697 13085049
1117 697 825946314
2620 697 916503064
666 697 729949759
376 697 813113813
137 697 981422976
1711 697 179060712
1257 697 428527648
1477 697 617962377
467 697 948366409
95 697 988262950
332 697 58666220
2091 697 698690879
1032 697 820850380
370 697 146236189
1002 697 64389493
2908 697 926923098
706 697 654730874
222 697 19746146
628 697 855477400
209 697 125025389
2186 697 68346587
1288 697 631551782
888 697 174529902
122 697 166845004
1400 697 160976589
1911 697 762484387
2019 697 590973008
2279 697 81073232
2 697 164480994
2663 697 906925728
345 697 69000790
1861 697 442120184
297 697 244667112
1725 697 700269081
83 697 598301012
786 697 813010004
2915 697 685601260
2383 697 804239444
553 697 158785608
2692 697 474351895
1508 697 583063641
1717 697 478221190
1208 697 69724454
1049 697 790785140
1248 697 911258916
170 697 140156790
1490 697 540386406
2235 697 671272002
2367 697 169713310
1726 697 347231674
1352 697 368465738
2055 697 314853586
1502 697 680070422
280 697 547152898
366 697 562102369
429 697 605324969
1860 697 990383806
1536 697 474395545
1554 697 186733491
1181 697 309071588
87 697 940269836
1822 697 801414004
1366 697 255884084
827 697 925412353
1061 697 274698536
678 697 100227047
574 697 52202869
1523 697 925200156
464 697 962927683
999 697 725172581
2708 697 783013730
169 697 385650702
1954 697 227167269
2108 697 124986125
2066 697 423127663
1421 697 700556040
1100 697 507866691
1166 697 976365340
1097 697 292632122
27 697 857435729
879 697 194686324
1813 697 363332393
2733 697 702973611
836 697 16060658
1930 697 713845221
1556 697 973780463
1403 697 551508934
2297 697 20783633
583 697 711197365
2687 697 974155746
691 697 309984692
2843 697 889229046
2268 697 591444178
2277 697 412425831
2134 697 725192915
1199 697 49588152
1582 697 542077638
2226 697 936127560
2730 697 578677172
2792 697 533098230
1985 697 8486056
2875 697 487285036
488 697 915817513
1832 697 897537004
959 697 408926422
1887 697 455129606
1424 697 126115899
244 697 44910495
1459 697 47348720
1073 697 66409403
2714 697 65198653
1484 697 269361269
1309 697 228877203
1280 697 52615184
1185 697 904761768
2585 697 23051325
993 697 870532264
1363 697 14497049
1139 697 726709727
1595 697 814341899
152 697 450968586
907 697 72342909
789 697 697957557
414 697 403902803
2011 697 598111057
801 697 488841777
793 697 886381592
496 697 858803572
1143 697 661409486
549 697 311112754
775 697 910628377
2878 697 450703086
1883 697 640321520
2028 697 387718518
1720 697 664550408
2529 697 731226932
2489 697 525641879
159 697 985158301
2333 697 426850223
340 697 598247457
2829 697 388851504
2777 697 740484435
2509 697 721627126
1344 697 817506477
1542 697 2478421
1812 697 525160283
2365 697 63693877
1497 697 81384996
652 697 171248360
724 697 487112291
1852 697 803824138
2909 697 159461558
1712 697 62928249
2198 697 829685839
2929 697 162194372
2719 697 379799339
1672 697 323072254
1663 697 539689506
174 697 153422495
1851 697 54709892
309 697 94969037
1527 697 628208626
1550 697 431191047
380 697 888998775
1906 697 861517053
2351 697 32234145
1769 697 420945678
2303 697 136423424
2599 697 477766609
2464 697 613831645
417 697 398788302
2783 697 41924327
2288 697 276362735
2785 697 676601137
2270 697 354436583
1467 697 761968449
1444 697 623433139
1521 697 602459679
2593 697 517945944
2627 697 155698435
1340 697 663128620
1196 697 422393263
1868 697 989873232
161 697 703047724
2899 697 201703533
969 697 289460767
1265 697 532055526
1528 697 954626539
1518 697 28730226
2578 697 271621921
2151 697 368831282
39 697 106184945
2038 697 198447047
82 697 590811252
552 697 900921454
618 697 502708407
960 697 840928452
2437 697 18805753
2810 697 716830956
537 697 307645975
800 697 573226085
1065 697 252568036
2525 697 698692117
2306 697 321000676
2815 697 433643158
885 697 962043410
2911 697 214202618
2044 697 923400246
762 697 574363314
598 697 798570123
2892 697 824613381
1275 697 298937838
2379 697 230563738
1302 697 447506721
153 697 4925919
2531 697 87984443
382 697 380224615
503 697 592869217
2729 697 407895218
2739 697 365239023
477 697 357541362
659 697 164583418
2391 697 29735638
1561 697 414161818
1347 697 29952446
2906 697 210499075
1277 697 78313598
1326 697 36010459
2576 697 242939740
2182 697 623381051
2499 697 73588497
1243 697 254119297
1214 697 32851378
1710 697 567797026
436 697 130502594
394 697 690070734
2327 697 812208479
2497 697 956683183
1737 697 77743
2530 697 317612467
834 697 240855227
384 697 663744166
2264 697 810195719
2859 697 225245677
1392 697 348676158
897 697 952847602
634 697 911298373
1844 697 7148583
299 697 17330278
175 697 553498208
1152 697 500778246
856 697 619765080
2643 697 71321738
2566 697 568763897
1524 697 346757139
2665 697 378406949
224 697 252081364
1845 697 688930906
1375 697 171001855
2667 697 341270897
788 697 175395402
171 697 943914792
321 697 438278042
1650 697 221754662
2467 697 321968269
1793 697 108307407
2312 697 898288755
569 697 13296493
870 697 503615902
674 697 708565520
2844 697 803740529
26 697 212128006
2302 697 863767846
233 697 301485996
2744 697 532731887
2457 697 31564218
664 697 522157420
263 697 759599714
878 697 183512912
818 697 537215522
2357 697 633208267
1125 697 28795591
1633 697 188899881
2622 697 308818854
1765 697 60003216
276 697 190398496
188 697 711857496
2394 697 537884219
844 697 523178623
62 697 872244995
451 697 155438887
2120 697 100174131
367 697 979985196
400 697 98120445
721 697 966465591
2545 697 31711511
2222 697 661913826
1216 697 323194915
261 697 190303875
1003 697 16116985
584 697 525451443
1218 697 618351210
2213 697 444540735
406 697 821519208
2214 697 64744980
1376 697 451213191
461 697 304113278
862 697 287295106
471 697 182645971
1186 697 75993713
1862 697 920748632
2567 697 293548233
571 697 715766550
622 697 894051840
2216 697 788856262
2341 697 934432565
2570 697 81538132
1956 697 688082576
950 697 878024720
1278 697 843722965
1783 697 615795130
692 697 221789098
2477 697 277830964
880 697 223566854
1457 697 66294507
2348 697 71955277
290081 718585 57738370 299292 362954 183249 559419 541659 31911 117538 34872 487804 291382 193774 899485 379620 518036 990821 10414 245393 312070 734523 722758 98551 861633 50075 603471 369188 343948 927041 392593 314183469 253143 560624 731462 937333787 515491 656164 884196 455111 377980 311497 221561 261284 667176 510430 145763 837595 104068 736762 938178 103446 342703 34166 46529 269556 467113 175821 148074 543610 218067 206976 500083846 108711 331944 556404 196075 650274770 184228475 785920 4227 839784 40454 100288 341688 908679 381465 703472 151331 811474 5890 787647 865299 422176 740488 650156 189090 904337 238003 994251 881256 474618 561972308 614418 981295 248145 287027 720756 253208 664817520 93587368 698818847 920944 261085 438253532 139216 76566 36221 776493 428380 421297 291944 705830 798290 124071 150110 438351 222632 928160 996295 697608 136266 575277 150422 504426 79636093 23878 772882 528123 625780 766949 335239 131375 715230 277085 201477 593664 926231 618210172 686171 394691 37316833 107673 48263 320778 176896362 403100 678829637 45531 336232 728481 518826 172568 877063 726899 6638 790092 852363 746548 959856 482578 37918 352893 37193215 568594 99680 716260 434055 117655 436035 78550 191206 565245 325028 609123596 478548 991936 763780 88430 438873 177322 287298 628756 577501 47189 93446 451772 961796 140292 401248 63692 68435 869991 992613 307556 633176 793024 677705 795912218 782196 937554 721066 966249 590894 437667376 177962 471444 753969 192645 689758 400690 176461 580915 989430 139608 630362 158776 79914781 403044 566506 928264 721239 702063 299950 904450 349559 169329 924844 698445 698967 781184 338988 8172 911391 977356922 458363 817948 936975 31845 929716295 575461 13582 136729 350413 738274 554934 5172 198585622 47647 581834 307617 811661 541731 973696658 590294 775383 143 533009 144174 711685 588159 928706 35837 748753242 720191 891513 240353 476400 54175 853648 310428599 878053991 280602 343877 621752 774692 252498 689107 670124 270343 850588206 306766 718208 754602 337847 675103 732963 836272 296556 524366647 609478 899711 643890 368920 899817 8824 983443 986766 605128 837138 543313 375536 690894 785972 343979 143389 531900 805918 217825 588902 944071 838569 948394 473139 677398 984957 1940 8400 310439 917141 186893 468096 439932860 381264 663259 469492 83416200 965933 489821 240450 959235390 7415 222595585 700591 524527 332679 342694 421979 927487 62150 730404601 604223 588830 808674 216392 528629 124137 894732 344320 608902 708764 491716 497101 42023 678345 162993 156965 180433 864001 18219 754511 490699 332355 448376 121648 465059 811169 364244047 919005 751454 815924 774914 286155 219247 348087 79063 667233 222297 183542 813363 607418 775866 296428 180737 586785 766633 750885 992469 962210 16535 762912 73178 595658 650587369 285529 27707 581129 237790 339885 639429 668713 325818671 431363 6700 818968 890174 691976 845064 533871 723235 885402 629649 35625 940323 897695963 135509493 80843 641441798 604803 899570 888280 446617 203495 424217 273631 662636 90268 739215 241085 437361 332796 218121 389488396 589975 122396 670955 657239 635271 740694 492818 737237 359735 779546 473145 385345 369859489 209132 610593 225338 637946 704772 429635 528591024 497785 277215 406859915 710293 512411 453575 570029 483482 99823 247197 950631 289213 20847 719614 487153 740144 777976 696791 301698 535429 365304264 214599 557050 942728 70913462 551017153 751709843 775803 424582 523475 41143 795539 86298 707760892 25221 630467 643650 692793 914929 239369 411038620 640491 686563 27480365 179459 786438 732543 218677 741881 246449 12963 601153 459791 797210 922411 580967 890187 90521 47151 688107 939941 39926 456961021 751078 746062 769726 797935 128886 876571 953939 151047 146523 178940 20756 960714 944058 932241 608420 40120 447738 682942 253166 800880 394677 139763 657158 819475 808696 121387 716388 485914 962031 826429 224838 192669 551724 683694 818375 191096 613321 489092 33963 736856 294216 114525 741464 830985753 113902 926458 821583 732962 793216163 858705 379027 246813 483937 552623 677152 405934 947243 332459 825372 76224 3175 862269 110943 285661 222911 543738 811682 800880 906014 548935 618709 507347 528669669 758766 231728 551909 910852 196105 913843 295313 841781 181869 73502 642237 38232 597862 151677 75644 439543489 715783 824595 18352 940588 505769 701113 490415 683819 441591 337597 436557 40395 808329 31536703 545622516 695396 57269 942985 806791 805119 681026 76526 919062 707313 146354 108144 920834 30683136 654743 600181 575512 15512788 83488 406634 512485 288757 791487 920227 900217 283355 342147 847616 95219 194051 477754 547899 685983 110671 857974 623122 979494 235813 893940 368804 686583 321686 944320 387674 273983 226328 599869 779306 372558 330639 884268 419747 560984 105655 435163 274420136 397087 295213 746419 22527 817375 126857 162228 211077538 66579 387528 184668 931405 324550 711063 725032 271098 578013 235309 146430 578447 754716 763014 468063 766227 934081 412608 912009 454195 828263 99930 429667 137041 568823 318474 397301 367146 605946386 832307408 264841 943922 561985 728295 486604353 20124 570141 542405 734133 895951 753178 470064179 436828 398692 138871 414828 880727 458126140 126945 325062 951891596 783009 202246 18156548 491964 120902382 206837 551479 537637 593244 137932 57275906 652209 487932 477493 297541 18230 713792 318742 179360405 192445 854476 73072459 249251 105628 266514 739498 452056 333073 181336 4700 658092 565441 694587292 49051 2200 394910 801794 321821 701343 729886 351868 562638 705024 110272 909576 221855 291193 443748 943363 201893 190593808 557824 854789 302123 367889 939689988 713728 468970 366284 368154 809959 710437 437113 720786 739993 794006 162045984 324421 824139 647045 672104 280711 92841 66662 958159 35526 262494 901090 702970 828340 611905 19146 423782 565316 6959 526890 631087 201931 986672 103993 663383 113459 689288 130756068 621750175 572123 58905 584060424 283290 602227 174768 372017 141983 916322 49165034 253752 452630 101139 463702 680213 976759 290980 620640 91903 170732 222994 980465 221906 561545 824276 871317 817809 115002 285063009 909626 962748564 429736 850672 280919027 483952 12455309 484974289 731383 201239 160891 550576 58794 470354 783906 749195119 442085 332764 89707 178746 323832 298186 706050 114482671 718008 31740 873829 682574 600742 844502 167820 547918 873253 909852 63616 698446 569603 526523 618949625 563399 385124 314910 989499 772397 998392 241051 290105 988460 153792 814591 838152 228739 195975678 655148923 491726 962728 413013 197210942 58860 303070 915009363 936325 425691 564130 492412 2197 366129 95906 49360 736015 967040 380614 693516 245805 918111 329821046 667238 880142 608530 764818221 659912 497021 674601 302710 964289 166818 723177 102438861 113436102 452911 388407 44583 417048 779068 882351230 192645 37637 388322 934928 569943 945683 365846 628380 200621 428991 640960 438156 572134 158471 440396 358170 569115 202801 500952 659552 796601 867236 813785513 138697 177597 984479 434914 641210 680214 659514782 16251 813073 804643 561414 476214 350551 610613 69425 353042 92917 215975 14549 475198 93361 318317 41078 107231 434668 597341325 183343 889719 571209 937784 263159 74041 82730 641483 516168644 534210 999093 397422 649546 215423 200618 652048 541443 720182 828515 614904 194534 765763 767687757 874835 779828 93211 38084 756226956 427434780 478116 811005 882365 664370 568098 731637 407602 455249 752780 458710 632463 786896 221717 682449159 151463 339751101 983819 205681 288782 135065 874430 881533 90685 831944 472941 95024 545704 160635 50064 752772 20589 460803 598337 565731 157230 537957 389947 214853 763231 74021 680364 830329 938060 764170175 635331 994424 226514 436528 454665 674196 891231 556473 649690 714470 825220 400930 441824 748844852 182791 836060 6287 632573353 309408 767899 904999 694498 839185 244449 51370 389816 640550 82588 685532 58951 736931 427209 608891 206827 350706 803879 738305 62393 910117016 584170 132082 20499 837481 938529 3740 528333 551111 245683 798738925 434863 258301 495358 998436 106548 363227 168658437 469830 494722 260595 4939 24885 260683 834906 794986 210896 78731 901198 504639 274698 231862 166988 14985 507657 520352 867589449 169949 964300 321956 314537 13389 338284 398597 835275 310878 260731 132665 495204 305643 804110 271771 126253 568273 787854 761230 528554 601183 196389 405037 93064 44928791 725385 279082 236497268 776058 211542872 812141828 10030 379451 928972 450223659 911069 657430 464616 67351 9496 774493732 479828 456588 188577004 18000 515836 317262 375919 879537 553333 987668 766428 190630 305853495 662289 636196 603664 839028 363552 247291 767955 778477 423483 68505 548029 835103 705387 821147 254743 360151535 143164 94415 534772 630159 308167 109059 442428 406405 728190467 912502 988604 24908 523790 967626 77835907 78396 284994 399556 266778 972529 20531 169958 671764 640071 389310 522076 637435 216066 699912 750680 578143 385485 61688 756739 587565 617801 847895 876549 343737 79622 27410 135217 735053 153128 346871 362248900 27955 346613 916010 527274 764125 891144 44994 204210 832266 100819 654989 389752 120615 225721 247387 708548 425200 82540 625176 104017 861287 666188 302952 744470 726783 277220019 287973 356533995 728212 638663 950100 96256488 100468 797782 600385 894566 325464 105643 778805 262394 366450 970093 463445 250944 431594 342960 941951 879308 709574 927740 495509 461574 29012 209438 640114 246918 702378 539776 602818 323696 998993 88545175 613802 268504 640851 936430 250700 844749 183936 670271 962538 684023 549683 546382 366981 854476 230845 245160 250188 454613 197240 545933 130764071 700011 324320 602308 325147 665511 159186 755915 542486 38285 89350 767463559 676343663 874792 450542 156267 286717 59574 522069 504577 953360 501725 183014 383448 803148 647768 320648 724406 875279 28435 475102 16165332 638220 520966 529529 499434 470545 558415 855551 678275891 551998 369491 244764 598393 962532 757036 929563 294348 728291 76546 25067 790014 88632 48465 728960 808385 155301 103351 273584 586719 543796 241753024 894514 475519787 195176 265513 807081 139163 603662 511331 973876 221490 310053 961419 830244 799678 31695 885621 637935 695888 721495 29893 314052 511490 363555 712646 189273 802264 492904 347113 682582 5386 91691002 946305 142018053 555972 709703019 239679 114783 202691 229484144 293056 287117 689759 192060 209824 832317 649139 432027 320375 572400 573268 140535 259949 521966 910939 861659 878450 414275 149516877 786344 907560422 131540 703939 117482 578529 317258 691457 29629 199577 916313 610059569 376307 302700 917051762 205711 567996 78561 941161 943528 253664 661361 180646 927038 684775 186379 723095 4824 66858 442170 591084 537108 70169 513401 695472 32111 585303 81442 503260 398053 971564 937423 337549 869068 692862 100649544 540528 391521 467671 190982618 822203 158169 568248 835253 793452 688412 967227 929598 531727 666211 870284 529568282 300325 28715 753088 368211 301538 399321 869212763 868012 801854 726373 565543 570352736 324138 410733 50772 623204153 765833 581730 283561 245304 853911 899976 316698 689351 774676 243419 238560 19597236 847747 232101 14623 935347 611859 648002 674531 62364 638152 596235 794947 130508 77831 470801 69186331 302603 810303 739660 645689 154658 121220 691467951 883902 836766 313080 731786 215206 341283 577669 84906 365842 524777 620006 645091 615256 103064 8931 12693 337616 483929 452264 263204 873621 652219 235967 446024 313829 323222 824246 817335 806820 814413 206292 586929 541057487 96067 307791 49081 416701 89022 338131 757586 815625 813196 255048 70554 429604 342545 65876 229089 429277 838810 503690 899552 86920 872540 762063 711 997299 997132 374846 411606 261802790 923230 280197 794973 589497 643874 574153 472113313 546116 670888 282211 534073 410366 244740 480717545 924030 584573 924964 894174 113735520 51868 229714 661933 284728 149504 814060 523308 434471 230228 950138 511289 145125 796252 807204 593068 109945 935141 173223 572948 771204 459229 904647 651941 794836 64129890 225155 659666 196649 764972 27669 208354 972930 708547 477892871 569518030 620700 298749 932346 8721 393007 204088 55340 93559 483926 504931 651458 392570 54770 190245 259272 144303 315748 92380 995515 300073 996692 441245 436232 321001 783171 806069 917209 709162531 857320 862424 16706 785517 656456 912569 106229 35605 539558 312395 215443 928553 995450 443107 971156 904131 670215 664959 443672 743876 676459 495288 720754 134316 667318 160414 32004 149461 993822 400719 746914 169576 65093 204991 63081 812948 994573 338287 696281 32911 96381 77136 31734 322912 768039 594046 139623 21945 158293 547512 854946 965616 743026 26668 487413 994108 753923 731364 847501 555049 27724566 597421 559518 256604 440953 306997 117278 469218 824684 457707 343607 669245 686238 218387 177937 243830 639960 781411 411682 167164 599307 529429 935983 824452 260224 616608192 771167 570830 340206 164529 530261 579967 57355717 152689 251615 239275 793603 830624 741589 445007 513595 254360 602446751 503705 391399 388517 194809 418493 779439 247173 755433 434796 299621 359876 19768 946282 501244 215718 168080 533877 457692 888000 351715 324958287 179695 168715 956094 731550 196938 909261 723777 284595 136304 986466 361114 197035 268774 254921 47119 438441 993854 832750 297029 12139 72286 119157 368036 83024 64281 617819 686368 977891812 220667 994074 681097 670497 530215789 167178 161690 553891125 379269 721745 939421 972159 899497 794422 646168 203518 28164 255007 278131 404985 249903 167885 375403 210161 706897 88358 13268 629655 984939647 340936 211191 895446 129456 483247 319398 245991 22150452 258931 809365 749815 235393 87918 229228 487857 93654 612965 304869542 926360 475656993 153669 524366 860603 958323 371716 877642 787526 864362 246841 926294 50573 793845950 740660 628328 440811 913017106 472952 904165 293715 707480 244084 459393 244769 541204 891063 559181 576604 117872 991657 436796 243445 972732 787563 860126 796165 207496 599717 508033 846983 188427 53157 610323 462318234 253111 886944 175066 501748 507025 569117 6878 756010 315479 701909 887987 304342 121807 315061 674915 30637 730413 944939 613142 324928 718976 495030 56045 314291 815159 264923 199821 358434 443915 166976 766346 94470 774886 463556 381317 571623 699700 446338 920443 473318006 528511 456396 666478 454883 346432 312910 223044 937833899 745450 750968 513259 693289 152210 392755 224949483 272150 79972 441375 327841197 476122 521436 119653045 934647801 631966 208856347 560579 406338 360154 739578 391217 994885 731459 330985 530678 66618 360799 308564 255961 765538 939973 3329 927177 376825 987964 462517449 575883 916685 623582 564755 617086 825626 483568 196055 955744 762976 591703 115142 357417 775969 115882 894637 310658147 299817 990222 113183755 131954 461373 656688 987447 840872 309242 676906118 109102 426595 729723263 709954 697237 786256 68933 22706384 994226 775379 397113 58981 664197 113021 695684 988016 763611 675733 60858 189415 271051 237607 922020 634568 706107 201945 206468058 119968 28138 362634 742060 451930 818166 81691 540512 329458 117828 986269 588087 353994 184535 270074 670907 364406 823374 716273 960044 24415 979863 629999 348624 784627 7730 519928972 927651 870550354 354588 771871170 811133 302757345 227514 649109 584097 818702 72666362 431316 191410 77327 556857 897947 799171 275167 158127859 699133 275908 345607 82676 404001 855277 125682 919342 992707 775025 284420991 511159 681309237 837002 974749 714638 623884323 194645 324444 671885 2714 833410 937831 29908 248316 170502 222163 841519 846071292 156151 624241 73996 277582 906651 275378061 394119 663223979 927513 137390 556001 199348764 531778 840531 843425 765 987603 579982 842555 850182562 224909 755352 412770091 473773 57186 226801 930023 76578 736261 252228 910204 418356 915601 158853 190475 104577 137107 220648 867922121 266808 514696 987062 747156 784227 634520337 168527 727382 163335 684322058 661340 820698 734065 415163064 701354073 693424 858886 275316230 924066 262518 537213936 798577 716572371 182095 302426 590494 888682 661377 309493 400584 680986577 134745 702404 762337 857841 862663 278857 482239 475151 887795 252810 529295 250252 637333 114018 392823 27359 117441 528569520 54365 483548 486377 564798 62639 342915 288759 695549 411187 432822 918844 362333 449525 367573 487166 368976 791580 642886 354089 95314 177312 109355 673214 663907 197726 498074 803620 191599 362606 421920 925034 708132812 611111 504203 792982 489282 858466 590183 872813 535449 562564 933562 791367 451457 162380 791391 755037 489477 476101 628005 13004 801055 324142 264762 162187 371245434 975247 973042 699906 786265 530829925 793880 814654568 845865 584849 775079 657639 999128 108971 880224 922224 537089 863802 673336 569969 618057 516092 187529 580869 843306850 549696 316846 964263 841181 830410 354326786 658356 319636 862689 448626 117380359 783326 550278 87898 790420 30629 525011 988825136 169970 19425009 44681 67254 283568 342650 110774 346422 513842042 190916 960157 660492 187415 185567 886518 733530 631460 129513 582435 489611 881426 113093 162514 317701 852088 326001 991640 167985 329559 290127 143491 292724 631406 386758 584636 933443 424249 240813 989274 137793 580943 982253 203316 932963 495581434 314834 691464 191169 890520 232871 619905 667872 677845 210023 1128 85248 521148 26558 47265 203143 275093 469752 961598 93387 669206 651242 180698 208302 36809971 713417 706612 232426 616424 332241 22738 273879870 916229 782585 104608 588397 645801 699467 649448 38494 951501 67733 723612 857373863 224732 271044423 214102 133513 198750 863659366 411187 107373 51276 100411 887793 254576 975951 195168 627207 245417 957101 790073 934234 989074 24072381 38028 957774290 82968 76194 838108 927680 483991 49755 641590337 587144 285371016 265979 254141 486208 42464 56741 323370 598320 940131 734887 227052932 859739701 348821 440838 60181 642141 593811 150568 928900 8630 595938 850392 958952 901229 318472 314369 393812 170968105 922656 168087 300677 259470 490028 539631 509121 424114 629441 532418 591294265 171434 962404 442027 152763 295170 753917 550523221 462748 139368 965358 926455 104716 445701 947551 796990 465960 336555 960220 908790 861832 303806 335804 950469 243960 847137 687348 992434 23409 550696 579184657 403598 771190 880385 683121 768252 537073 183506 727611 167108 4447 925523 803736161 599767 786070 590439 641594 619558 631134 612140 409970 358708 790418 713679 225044 192015 492772 798754577 374952 450588 588019 16367 485258 7774 327714 124613935 76805 99764306 994226 318893 489324 633066 913024 603789520 526052 89813 630322 226471 417263 212076 575906 212372 198581 356423 249583 166057 527450 753958 543788 620421025 822654 620294 318860 567378 437734 56004 35310 947940 194983378 617595 853401 644347115 153807 309423 681656 257283 364214 166113 635768 342500 759779 952189 893219 366881 72783544 722146 30512 952021 624203 776252 739942 924067477 477913 294454 713842 890054 723008346 186104 463556 611677663 775954 445263 432370 632959 200613 434137 322588 973263 437019 851112 849973 403975 429792 179971 747538 991352 30060 91420 241859 202489 722241 190941 324993 782906334 680311 303429 652647 65030 594253 116858664 937932871 7000 832532 650205 870769 703628922 668165 442659 401026 509881 255599 176434 876711 815915 674406 535114 425072 290427 661093966 284735 576157 915938 229074 772533 17261 627629 482795 755169 226104 973630 831554 653162 583086 382904 378301 686140 19692 760180 633531 21721 393314 215674 958542 847056 891212 37142 390969173 413398 289108 996382 19040 80769 625170 762880 164446 724246 988403 59105 282705 986264 549759 645636 271097 308755 82521 444444 929792 447699 497016948 231660393 182841 321977 982389 572318 725418 622864121 391929 160272701 229340 155172 875181 957317 73959 683956 359284 272079 467330 752789 787413390 306831 139254 380165 990716 884740 993788 248973 9192 992033 755146 493533 488894 749265 549722 306715 581827 313157 602550 254120 179548 116075 95352 446055 448320546 310274 663668 790455 444969 20985 677886 312969 92163 869489 364040314 42915 687042 863008 688984 12199810 741081 860369 766817 529723 327494 223411 107503 918243 497583 296642 256850 208767 551311 47832519 261364 785635 184274 152053 716696 935449 877723 7404 990292 120475464 748946997 26825 760205 50930 116950 618001 798418 155917 16045 674985 64450 53390 181374 59716 190577 251300 67223 765001 14294606 203438 549830 593297 100653 674868287 170346 341891 169061 692087 47313 946207 897731 633375 520158 600264 58863 188093 474323 213527 342129 359380 512095 52743 978028 374578 324534 176511 868953 740833 257751 591891 174299 677063 736621 711724 174692 825223 91177 370801 41082 32601 760692696 991525 679576 934746 576397 312265 844347420 975387 968633 145657 263522 229103 546576 206663 570824 370967 759228 143934287 97193 453999 775996 73572 533907 771841 465718 495668 197618 727539 39669 401505 80005361 792923 795565 4284 564207 621156 363357 857930 880320 259284 914042 937020 606512 923609 63320 352688156 512595 827369 200405 520363450 