9 9 10 1
1 1 1 1 1 1 1 0 0 1 
1 0 1 1 1 1 1 0 1 1 
1 0 1 0 1 1 1 1 1 1 
1 0 0 1 1 1 1 1 1 1 
1 1 1 1 1 1 1 1 1 1 
1 1 1 1 0 1 1 1 1 0 
1 0 1 1 1 1 1 1 1 1 
1 1 0 0 1 1 1 1 1 0 
1 1 1 1 1 0 1 1 1 1 
1 1 0 1 1 1 0 1 1 1 
1 1 1 0 1 1 1 1 1 1 
1 1 1 1 1 1 1 1 1 1 
1 1 1 1 1 1 1 1 1 1 
1 0 1 0 0 1 0 1 1 1 
1 1 0 1 1 1 1 1 1 1 
1 1 1 1 1 1 1 1 1 1 
1 1 1 1 1 1 1 0 1 1 
0 1 1 1 1 1 1 1 1 1 
1 1 0 1 1 1 1 1 1 1 
1 1 1 1 1 1 1 1 1 1 
1 1 0 1 1 1 1 1 0 1 
1 1 1 1 1 1 1 1 1 1 
1 0 1 1 1 1 1 1 1 0 
1 1 1 1 1 1 1 1 1 1 
0 1 1 1 1 1 1 1 0 1 
1 1 1 0 1 1 1 1 1 1 
1 1 1 1 1 1 1 1 1 1 
1 1 1 0 1 1 1 1 1 1 
1 1 1 1 1 1 0 1 1 1 
1 0 1 1 0 1 1 0 1 1 
1 1 1 1 1 1 1 1 1 0 
0 1 1 1 1 1 1 1 1 0 
0 1 1 1 1 1 1 1 1 1 
1 0 1 1 1 1 1 1 1 1 
1 0 1 1 1 1 0 1 1 1 
1 1 1 1 1 1 0 1 1 1 
1 1 1 1 1 1 1 1 1 0 
1 1 1 1 1 1 1 1 1 1 
1 0 1 0 1 0 1 1 1 1 
1 1 1 0 1 1 1 1 1 1 
1 1 0 1 1 1 1 1 1 0 
1 1 1 1 1 1 0 1 1 1 
1 1 1 0 1 1 1 1 1 1 
0 1 1 1 0 1 0 1 1 1 
1 0 1 1 1 1 0 0 0 1 
1 1 1 1 1 1 1 1 1 1 
1 1 1 1 1 1 1 0 1 1 
1 1 1 0 0 1 0 1 1 1 
1 1 0 0 1 1 0 1 0 0 
1 0 1 1 1 1 1 0 1 0 
1 1 1 0 1 1 1 1 1 1 
0 1 1 1 1 1 1 1 1 1 
0 1 0 1 1 0 1 1 1 1 
1 1 0 1 1 1 1 0 1 1 
1 0 1 1 1 1 1 1 1 1 
1 1 1 1 1 1 1 1 1 1 
1 1 1 1 1 1 1 0 1 1 
1 1 0 1 1 1 1 0 0 1 
1 1 1 0 0 1 1 0 1 0 
1 1 1 1 1 1 1 1 1 1 
1 0 1 1 1 1 1 1 1 1 
0 1 1 1 1 1 1 1 1 1 
0 1 1 1 0 1 1 1 1 1 
1 0 1 1 1 0 1 0 1 0 
1 1 1 0 0 1 0 1 0 1 
1 1 1 1 1 0 1 0 1 0 
1 1 1 1 1 0 1 0 1 0 
1 0 1 1 1 1 1 1 1 1 
1 1 1 1 1 1 1 1 1 1 
1 1 1 0 1 1 1 1 0 1 
1 0 0 1 1 1 1 0 1 1 
1 1 1 1 1 0 0 1 1 1 
0 0 1 0 1 0 1 1 1 1 
1 1 1 1 1 1 1 1 1 1 
1 1 1 1 1 1 1 1 1 1 
0 1 1 1 1 1 1 1 1 0 
1 1 1 1 1 1 1 1 1 0 
1 1 1 0 1 1 1 1 1 1 
1 1 1 1 1 1 1 1 1 1 
1 1 1 1 1 0 1 1 0 1 
1 1 1 1 1 0 1 0 1 1 
423534673 148458344 20189164 176155988 347271927 990970218 569616226 438894294 578737233 605516158 
868380030 349124744 21890523 871108124 715928955 64896107 685577900 238265328 535764583 654472949 
607835113 561139290 515550113 258571154 436701517 105921518 32583008 50540830 540479912 651608821 
57014572 667111020 21837659 766526954 2028132 920463042 857859297 32172028 320037560 940000859 
421307714 800428436 619586220 79322851 880374942 480396485 306876954 326075391 537157800 702759390 
116809904 182761410 953940263 571407326 179414637 492259129 330403958 333143288 443403305 734525152 
973622277 962812695 160384010 825786154 796165335 660659284 724210192 904747262 56457217 74574722 
55125130 179132980 263898930 139803811 2391198 201335324 56150311 53281136 996583109 762369527 
437463602 750521813 57639756 214609276 546921660 2608242 747560661 224186197 623630782 79135516 
709155540 993492383 886944074 571795290 814097938 913085038 550759169 579470056 486081838 642829382 
193246875 12970040 674573079 884632227 41512033 580269803 520380819 289479282 84696503 539848796 
597787067 16790165 380269964 324934678 922434684 458473572 59943143 786316377 166834967 303653926 
370554726 495260313 378920866 670203292 14105525 696988671 23874950 838838391 545950746 734850534 
44671487 111610076 213412586 50788958 393704607 953051111 997656337 320341165 992901067 454926373 
892587150 205716937 681210172 188701209 896107764 980009184 590938751 85956792 401098731 475138000 
142262645 44897772 235977645 48443311 687939796 144174870 471115145 946294084 702523557 51519876 
507136611 801673612 769457860 898684672 370646833 5570102 112181090 965313089 72731007 242969128 
776086918 271928182 795832301 873976 133202824 72174786 905009837 511545459 701008789 953065146 
247096325 77769497 768239662 70759657 347814099 963853983 187049129 331909709 70707458 390627180 
931259822 381951448 696371226 991765020 271708603 833470192 457416111 5214207 192809377 965487087 
582231533 694119324 836800773 925365412 794780179 338486568 524650208 843729616 937474292 473653007 
206228991 83983017 656959351 141615731 528467331 920244570 297124120 634643367 111522145 539281282 
853327973 785274548 401732324 355794353 838985601 980095957 994611495 429721838 802910373 865602555 
461541787 460689203 464735898 409259337 531177607 915747823 279149888 21059481 741902722 72799362 
987243019 809615605 744423419 408327366 80903296 677095967 591083442 145931137 211822268 212173577 
85937469 608984819 556180974 127508318 416284292 881123662 123292376 978492151 549565253 738245945 
125821521 869109351 207443344 568730188 41006534 808096624 826047052 354279831 249256885 535501195 
208296368 932325915 511203376 925993572 195368907 24057167 727190880 84131419 513596669 207815581 
756775936 310952197 271793788 920570082 372560862 172615080 666629840 257140977 422138973 661826499 
305983062 125215761 902823157 756085636 330142657 796758907 244354481 626164304 3703956 962696669 
94853040 684316478 33097129 68996057 576740774 766136220 196955054 787145862 47858775 520657769 
390370211 881523182 986059555 10256856 293636958 243023246 36127860 67073491 307628551 541193434 
923870802 241990264 22681755 715113910 778832592 805328786 118803053 115135230 397396124 209395241 
104850848 704686335 816286579 880704755 486988718 806779388 640709802 810312925 776442341 795454122 
24677287 386629000 852687333 331919028 490831461 771877319 313063971 29668664 589115892 265935906 
104769129 32417095 280077046 467598166 70895698 874277481 83105315 758978258 473020372 178426135 
359602374 440707899 485524399 228275007 729567550 2569960 682781182 639579332 696819582 3628647 
350494895 831246331 408096141 766173432 921103873 482275887 472682502 752377102 30085387 123234334 
842536601 66708688 286620214 788224634 900328585 476734109 58414014 579574377 755591469 895962499 
681892406 32521732 527331439 592424391 40600832 718277853 834978639 384168288 43777752 819412082 
201924704 747311228 20115020 66124986 109687882 59179514 153128505 571167904 522738247 490733550 
453449303 903302786 915844263 75406368 544895919 34010290 362440012 19866764 280973597 344858102 
977899053 958289893 571371475 31721993 760054231 473688587 47271894 675335703 522304488 56154264 
451127423 987631940 223443347 65572696 349417724 356030758 800893471 423681229 790706380 374285894 
768847719 64501415 360550470 65085603 467234395 436784721 34390291 900797487 2273149 156038503 
648320687 147094865 542560102 151179832 504231660 446686561 380452671 430531657 624986735 210521903 
791827784 203512018 480884017 248804220 218262868 284110655 291954431 872697215 395008330 259501489 
243764219 204109665 802103718 88221050 911099161 135681730 765466103 758613924 594399394 614144306 
618868062 786680170 307018420 499974328 852440853 364091581 306392512 708968527 321739494 272064705 
56236810 47392867 35088814 928980557 17675054 391766873 180026853 499025007 411807382 250774021 
563506189 650899686 754214404 909908018 750453573 639414438 655932174 957786397 394993081 111907927 
305975452 157557754 326893871 974410966 89592684 306786413 626298748 802342835 340693647 862702354 
980207372 344384433 155035626 70562294 99619677 422679882 632287414 521019676 639364484 41378600 
736269824 883187449 293457064 73196203 805758249 656742648 204924546 185138283 830290023 763465718 
624607203 251986092 10104641 53220550 855341 394071020 291714840 81286320 193323738 134101850 
433087386 415036906 67941873 456601947 504043340 80839718 601730195 708438535 137395209 277982467 
516210292 3760041 755780477 330878106 182494553 457899844 492824489 293980659 367173023 950398218 
60572514 469255052 38663861 249796834 782605011 59968472 750154653 331326187 672267255 874149311 
419625839 785813491 946347808 483717400 128752085 954781182 920850290 113899314 318689168 51808454 
103719784 914638672 341160690 639913525 497534286 986772264 291528802 431358701 446598085 134036323 
828324571 328476353 429204034 454671392 979729517 786917690 394199439 624519537 379000507 461049363 
453146697 53468123 560751483 352100796 632685409 575925467 23930104 574356955 761624219 817668957 
787764884 476650950 491484434 421954 107924800 47727369 525679025 411810531 144418818 4123110 
761507771 28032391 642453623 544411090 713579333 562475505 958450509 934297074 71733687 733924814 
147888328 995066276 466911822 590876486 409068863 185568503 928648861 735697267 997050780 735036720 
993129223 155934948 861821920 248517959 723894087 708274202 347099036 552931944 867475176 642059 
875783801 570716275 995029453 61956259 474460338 65259132 1389737 98475326 169876884 299737932 
580663689 759372080 855792645 534639070 11120710 5494845 293833466 28290531 586481428 470214432 
986561023 172288063 971500279 924108808 6011314 317496202 761139271 758591255 54115400 177983631 
15117105 308973282 935806472 220631760 167784506 237925619 452226508 42317056 912045235 54605385 
419720579 101770631 2107207 610724823 617317040 365171458 765483123 346210049 7413484 159195329 
44389126 897254947 313452640 305851207 589825193 12136714 67996237 22944973 26555986 254150009 
606819716 401297855 990565584 734997413 385265902 499551550 60262722 792857272 166779397 16285085 
612245920 584054098 829191512 23662819 175262000 734635523 231567115 161765711 31002898 54823890 
952838997 320324047 51103924 450291387 984549121 944902792 278046303 215528489 663988206 314918226 
627720105 983886720 77929871 92514873 289460737 911641237 895668587 344185853 540367654 428700211 
819840925 64750738 798589359 682136216 58208084 59142560 254954885 42690548 36127573 136149253 
712257636 31049457 774994550 790572367 969432670 247068968 175114273 287990339 4683351 571713957 
571321558 532709720 914225803 978461036 71784103 805645884 11049220 10572787 380309951 301841230 
318293029 531610531 928696533 802254370 558832418 653067867 222844345 889754624 8397443 902566380 
603513295 38790756 957467818 788641950 876844686 238272384 628806211 868445610 965778944 291741367 
