20 19 19 402184409
1 1 0 1 1 0 1 1 1 0 1 1 1 1 1 1 1 1 1 
1 1 0 0 1 1 0 1 1 1 1 1 1 1 1 1 1 1 1 
1 1 1 1 1 0 1 1 1 1 1 0 1 1 1 1 0 1 1 
1 1 1 1 1 1 1 1 1 1 0 1 1 1 1 1 1 1 0 
1 1 1 1 1 1 1 1 1 1 1 1 1 1 1 1 1 1 1 
1 1 0 1 1 0 1 1 1 1 1 1 0 0 1 0 1 0 1 
1 0 1 1 1 1 1 1 1 1 1 1 1 1 1 0 1 0 1 
1 1 1 1 1 0 1 1 1 0 1 0 1 1 1 1 1 1 1 
1 1 1 1 1 1 0 1 1 1 1 1 1 1 1 1 1 0 1 
0 0 1 1 1 1 1 1 1 0 1 1 1 1 1 1 1 1 1 
0 1 0 1 1 1 1 1 1 1 1 1 0 1 1 1 1 1 1 
0 1 1 1 1 1 1 1 0 1 1 1 1 1 1 1 1 1 1 
1 1 1 1 1 1 1 1 1 0 1 1 1 1 1 1 1 1 0 
1 1 1 1 0 1 1 1 1 1 0 1 0 1 1 1 1 1 1 
1 1 1 1 1 1 1 1 0 1 0 1 1 1 1 1 1 1 1 
1 1 1 1 1 1 1 1 1 1 1 1 1 1 1 1 1 1 0 
1 1 1 1 1 1 0 1 1 1 0 1 1 1 1 1 0 1 1 
1 1 1 1 1 1 1 1 1 1 1 1 1 1 1 1 1 1 1 
1 0 1 1 0 1 1 1 1 1 1 1 1 1 1 1 1 1 1 
1 0 1 1 1 1 1 1 1 1 0 1 1 1 1 0 1 0 1 
1 1 0 1 1 1 1 1 1 1 1 1 0 1 1 0 0 1 1 
1 1 1 1 1 1 1 1 1 1 1 1 1 1 1 1 1 1 1 
1 0 0 1 1 0 1 1 1 1 1 1 1 1 1 1 1 1 1 
1 1 1 1 1 1 0 1 1 1 1 1 1 1 1 1 1 0 0 
1 1 1 1 1 0 1 1 1 0 1 1 1 1 1 1 1 1 1 
1 1 1 1 1 1 1 1 1 1 1 1 1 1 1 1 1 1 1 
1 1 1 1 0 1 1 1 1 0 1 0 1 1 0 1 1 1 1 
1 1 1 1 1 1 1 1 1 1 0 1 1 0 1 0 0 1 1 
1 1 0 0 1 1 1 1 1 1 0 0 1 1 1 1 1 1 1 
0 1 0 0 1 1 1 1 1 0 1 1 1 1 1 1 1 1 1 
1 0 1 1 1 1 1 1 1 1 0 1 1 1 1 0 1 1 1 
1 1 1 0 1 1 1 1 1 1 1 1 1 1 1 1 1 1 1 
0 1 1 1 0 1 1 1 1 1 1 1 1 0 1 1 1 1 0 
1 1 0 1 1 1 1 0 1 1 1 1 1 1 1 0 1 1 1 
1 1 1 1 1 1 1 1 1 1 1 1 1 0 0 1 1 1 1 
1 1 0 1 1 1 0 0 0 1 1 1 1 1 1 1 1 1 1 
0 1 1 1 1 1 1 1 1 1 1 1 1 1 1 1 1 1 1 
1 0 1 1 0 1 0 1 1 1 0 1 1 1 1 1 1 1 1 
1 1 1 1 1 0 1 0 0 1 1 1 1 1 1 1 1 1 1 
0 1 1 1 1 1 1 1 1 1 1 1 1 1 1 1 1 1 1 
1 1 0 1 0 1 1 1 1 0 1 1 1 1 1 1 1 0 1 
0 1 1 0 0 1 1 1 1 1 1 0 1 1 1 1 1 0 0 
1 1 1 1 1 1 1 1 0 1 0 1 1 1 1 1 1 1 0 
1 1 1 1 1 1 1 1 1 1 1 1 1 0 1 0 1 1 1 
1 1 1 1 1 1 1 0 0 1 0 0 1 1 1 1 1 1 1 
0 0 1 0 1 1 1 1 1 1 1 0 1 1 1 0 1 1 0 
1 1 1 1 1 1 1 1 1 1 0 1 0 1 1 1 0 1 0 
1 1 1 1 1 1 1 1 1 1 1 1 0 1 1 1 1 0 1 
1 1 1 1 0 0 1 1 1 1 1 1 1 1 1 0 1 1 0 
1 0 1 1 1 1 1 1 1 0 1 0 1 1 0 1 1 1 1 
1 1 1 1 1 1 1 1 1 0 0 1 1 1 1 1 1 1 1 
1 1 1 1 0 1 1 1 1 1 1 1 1 1 1 1 1 1 1 
1 1 1 1 1 1 1 1 0 1 1 1 1 1 1 1 1 1 1 
1 1 1 1 1 1 1 1 1 1 1 1 0 1 1 1 1 0 0 
1 0 1 1 1 1 1 1 1 1 1 1 1 1 1 1 1 1 1 
1 1 1 1 1 1 1 1 1 1 1 1 1 1 1 1 1 1 1 
1 1 1 1 1 1 1 1 1 1 1 1 1 1 1 1 1 1 0 
1 0 0 1 1 0 0 1 0 1 1 1 1 1 0 1 1 1 1 
1 0 1 1 1 1 1 1 0 1 1 1 1 1 1 1 1 1 1 
1 1 1 1 1 0 1 0 1 0 1 0 0 0 1 1 1 1 0 
1 1 1 1 1 1 1 1 1 1 1 1 1 1 1 1 1 0 1 
1 1 1 1 1 1 1 1 1 1 1 1 1 1 1 0 1 1 1 
1 1 1 1 1 1 1 1 1 1 1 1 1 0 1 1 1 1 1 
1 1 1 0 1 1 1 1 1 0 1 0 1 1 0 1 1 1 1 
1 1 1 1 1 1 1 1 0 1 0 1 0 1 1 1 0 1 1 
1 1 0 1 1 0 1 1 0 1 1 1 0 1 1 1 1 0 1 
0 1 1 1 1 1 1 1 1 1 1 1 1 1 1 1 1 1 1 
1 1 1 0 0 1 1 1 1 1 1 1 1 0 1 1 1 1 1 
1 1 0 1 1 1 1 1 1 1 1 1 0 1 1 1 1 1 1 
1 1 1 1 1 0 1 1 1 1 1 1 0 1 1 1 1 1 1 
1 1 1 1 1 0 1 1 0 1 1 1 1 1 1 1 0 1 0 
1 0 1 1 1 1 1 1 1 1 1 1 1 1 1 1 1 0 1 
1 1 1 0 1 1 1 1 1 1 1 1 1 1 1 1 1 1 1 
1 1 1 1 0 1 1 1 1 1 1 1 1 1 0 1 0 0 1 
1 1 1 1 1 1 1 1 1 1 1 1 1 1 0 1 1 1 1 
1 1 0 1 1 0 1 1 1 0 1 1 1 1 1 1 1 1 1 
0 1 0 1 1 1 1 1 1 1 1 1 1 1 1 1 0 1 0 
1 0 1 1 1 1 1 0 1 0 1 1 0 1 0 0 1 1 1 
1 1 1 1 1 1 1 1 1 1 1 1 1 1 1 1 1 1 1 
1 1 1 1 1 1 0 1 1 1 1 0 1 1 1 1 1 1 1 
1 1 1 0 0 0 1 1 1 1 1 1 1 1 1 1 1 0 1 
1 1 0 1 1 1 1 0 1 0 1 1 0 1 1 1 1 1 1 
1 1 1 1 1 1 1 1 1 0 1 1 1 1 0 1 0 1 1 
1 1 1 1 1 0 0 1 1 1 1 0 0 0 1 1 1 1 1 
1 1 1 1 1 1 1 1 1 1 1 0 1 1 1 1 1 1 1 
1 1 1 1 1 1 1 1 1 1 1 0 1 1 1 0 1 1 1 
1 1 1 1 0 1 1 1 1 1 1 1 1 1 1 1 1 1 1 
1 1 1 1 1 1 1 1 1 1 1 0 1 0 1 1 1 1 1 
0 0 1 1 1 1 1 1 1 0 1 1 1 1 1 0 1 0 1 
1 1 1 1 1 1 1 1 0 1 1 1 1 1 1 0 1 1 1 
1 1 1 1 1 1 0 1 1 1 1 1 1 1 1 1 1 0 1 
1 1 1 1 0 1 1 0 1 1 1 1 1 1 1 1 1 1 1 
1 1 1 1 1 1 1 1 1 1 0 1 0 1 1 1 1 0 1 
1 1 1 1 0 1 0 1 0 1 1 1 0 1 1 1 1 1 1 
1 1 1 1 1 1 0 1 1 1 1 1 1 1 1 1 1 0 1 
1 0 1 1 1 1 1 0 1 1 1 1 1 1 1 1 1 1 1 
1 1 1 1 0 0 1 1 1 1 1 0 1 1 1 1 1 1 1 
1 1 1 1 1 1 1 1 0 1 1 1 1 1 1 1 1 1 1 
1 1 1 0 1 1 1 1 1 1 1 1 1 1 1 1 1 1 1 
0 1 1 0 1 1 1 0 1 1 0 1 1 1 1 0 1 1 1 
1 0 1 1 1 1 1 1 0 1 1 1 1 1 1 1 1 1 1 
1 1 1 1 1 0 1 1 0 1 1 1 1 0 1 1 1 1 1 
1 1 1 1 1 1 1 1 1 1 1 1 1 1 1 1 1 1 1 
1 1 1 0 0 1 1 1 1 1 1 1 1 1 1 0 0 1 1 
1 0 0 0 1 1 1 0 1 1 0 1 1 1 1 1 1 1 1 
0 1 1 1 1 1 0 1 1 1 1 1 0 1 1 1 1 0 1 
1 0 1 1 1 1 1 1 1 1 1 1 1 1 0 1 1 1 1 
1 1 0 1 1 1 1 0 1 0 1 1 0 0 0 1 0 0 1 
1 1 0 1 1 1 0 1 1 1 0 1 1 1 0 1 1 1 1 
1 1 1 1 1 1 1 1 0 1 1 1 1 1 1 0 1 1 1 
1 1 1 1 1 1 1 1 1 1 1 0 1 1 0 1 1 1 1 
1 1 1 1 1 1 1 1 1 1 1 1 1 0 0 1 1 1 1 
1 1 1 0 1 1 1 1 1 1 1 1 1 1 1 1 1 1 1 
1 0 1 1 1 1 1 1 1 1 1 1 1 1 0 1 0 1 1 
1 1 1 1 0 1 1 1 1 1 1 0 1 1 1 1 1 0 1 
1 1 1 1 1 1 1 1 1 1 1 1 1 0 1 1 1 1 1 
1 1 1 0 1 1 0 1 1 1 1 1 1 0 1 1 1 1 1 
0 1 1 1 1 0 1 1 0 1 1 0 1 1 1 1 1 1 1 
1 1 0 1 0 1 1 1 1 1 1 1 1 1 0 0 1 0 1 
0 1 1 1 1 1 1 1 1 1 1 1 1 0 0 1 1 1 1 
1 1 1 1 0 1 1 1 1 1 1 1 1 1 0 1 1 1 1 
1 1 1 1 1 1 1 1 1 1 0 1 1 1 1 1 1 1 0 
1 1 1 1 1 1 1 1 1 1 1 1 1 1 0 1 1 1 1 
1 0 1 1 1 1 1 1 1 1 0 1 1 0 1 1 1 1 1 
1 1 1 1 1 1 0 1 1 1 1 1 1 1 1 1 1 1 1 
1 1 1 1 1 1 1 1 1 1 1 1 1 1 1 1 0 1 0 
1 1 1 1 1 1 1 1 1 0 1 1 1 1 1 1 1 1 1 
1 1 0 0 1 1 0 1 1 1 1 1 1 1 1 1 1 0 0 
0 1 1 1 1 0 1 1 1 1 1 1 1 1 1 1 1 1 1 
1 1 1 1 1 1 1 0 1 1 1 1 1 1 1 1 1 1 1 
1 1 1 1 0 1 1 1 1 1 1 1 1 1 1 1 1 1 1 
1 1 1 1 1 0 1 1 1 1 1 1 1 1 1 0 0 0 0 
1 1 1 1 1 0 1 1 1 1 0 1 1 1 1 1 0 1 1 
1 0 1 1 0 1 1 1 1 1 0 1 0 1 1 1 0 1 1 
1 1 1 1 1 1 1 0 1 1 1 1 1 1 1 0 0 1 1 
1 1 1 1 1 1 1 1 1 1 1 1 0 0 1 1 0 0 1 
1 1 1 1 1 1 1 1 1 1 1 1 1 1 1 1 0 1 1 
1 1 1 1 1 1 0 1 1 1 1 0 1 1 1 1 1 1 1 
1 1 1 1 1 1 1 1 0 0 1 1 1 1 1 1 1 1 1 
1 1 1 1 1 1 1 1 1 1 1 1 1 1 1 1 1 1 1 
1 0 1 1 1 1 1 1 1 1 1 1 1 1 1 1 1 1 1 
1 1 1 0 1 0 1 0 1 1 1 0 1 1 1 1 1 1 0 
1 1 1 1 1 1 1 1 0 1 1 1 1 1 1 1 1 1 1 
1 1 1 1 1 1 1 1 1 0 1 1 1 1 1 1 1 1 1 
1 1 1 1 1 1 1 0 1 1 1 0 1 1 1 1 1 1 1 
1 1 1 1 1 1 0 1 1 1 0 1 1 1 1 1 1 1 1 
1 1 1 1 1 1 1 1 1 1 1 1 1 1 1 1 0 1 0 
1 1 1 0 0 0 1 1 1 1 1 1 1 1 1 1 1 1 1 
1 1 1 1 1 1 1 1 0 0 1 1 0 1 1 1 1 1 1 
1 1 1 0 1 1 1 1 1 1 1 1 1 1 1 0 1 1 1 
0 1 1 1 1 1 0 1 1 1 0 1 1 1 1 1 1 1 0 
1 1 1 1 1 1 1 0 1 1 1 1 1 1 1 0 1 1 1 
1 1 1 1 1 0 1 1 1 1 1 1 1 1 1 1 1 1 1 
1 0 1 1 1 1 1 1 1 1 1 0 1 1 0 1 0 1 0 
1 1 1 1 1 1 0 1 1 1 0 1 1 1 1 0 1 1 1 
1 1 1 1 1 1 1 1 0 1 1 1 1 0 1 1 1 1 1 
1 1 1 1 1 0 1 1 1 1 1 1 1 1 1 1 1 1 1 
1 1 1 1 1 1 0 1 1 1 1 1 1 1 1 1 1 0 0 
1 1 1 1 0 1 1 1 1 1 1 1 1 1 0 0 1 1 1 
1 1 0 1 1 1 1 1 1 1 1 1 1 1 0 1 1 1 1 
1 0 1 1 1 1 0 1 0 0 1 1 1 1 1 1 1 1 0 
1 1 1 0 1 1 1 0 1 1 1 1 0 1 1 1 0 1 0 
1 0 1 1 1 1 1 1 1 1 1 1 1 1 1 1 1 1 0 
1 1 1 1 1 1 1 1 1 1 1 1 1 0 1 1 1 1 1 
1 1 1 1 1 1 0 1 1 1 1 1 1 1 1 0 1 0 1 
0 1 1 1 1 1 0 1 1 1 1 1 1 1 1 0 1 1 0 
1 0 1 1 1 1 1 0 1 1 1 1 1 1 1 1 1 0 1 
1 1 1 1 1 1 1 1 0 1 1 1 0 1 0 1 1 1 0 
1 1 1 1 1 1 1 1 1 1 1 1 1 1 1 1 0 1 1 
1 1 0 1 1 0 1 1 1 1 1 1 0 1 1 1 1 1 1 
1 1 1 1 1 1 1 0 1 1 1 0 1 1 1 1 1 1 1 
1 0 0 1 1 0 1 1 1 1 1 1 1 1 1 1 1 1 1 
0 1 1 1 1 1 1 1 1 1 1 1 1 1 1 1 1 0 1 
1 1 1 1 1 1 0 1 1 1 1 1 1 0 1 1 1 1 1 
1 0 1 1 1 1 1 1 1 1 1 1 1 1 0 1 1 1 1 
1 1 1 1 1 1 1 1 1 0 0 1 1 1 1 1 1 1 1 
1 1 0 1 1 1 1 0 1 0 1 1 1 1 1 1 1 1 0 
1 1 1 1 1 1 1 1 1 1 1 1 1 0 1 1 1 0 1 
1 1 1 0 1 1 1 1 1 1 1 1 1 1 1 1 1 1 1 
0 1 1 1 1 1 1 1 1 0 1 1 1 1 1 1 1 1 1 
1 1 1 1 1 1 1 1 1 1 1 1 1 1 1 1 0 1 1 
0 1 1 1 1 1 1 1 1 0 1 1 1 1 1 1 1 1 1 
1 1 1 1 1 1 1 1 1 1 1 1 1 1 1 1 1 1 1 
1 1 1 1 0 1 1 1 0 0 1 1 1 1 1 1 1 1 1 
1 1 1 1 1 1 1 1 1 1 1 1 1 0 1 1 1 1 1 
1 1 1 1 1 1 1 1 1 0 1 1 1 1 1 0 1 1 0 
1 1 1 1 1 1 1 1 1 0 1 1 1 0 1 1 0 1 0 
1 1 1 1 1 0 1 1 1 0 1 1 1 1 1 1 1 1 1 
1 1 1 1 1 1 1 1 0 1 1 1 1 1 1 0 1 1 1 
1 1 1 1 1 1 1 0 1 1 1 0 1 1 1 1 0 1 1 
1 1 1 1 1 1 1 1 1 1 1 1 0 1 1 1 1 1 0 
1 0 1 1 0 0 1 1 1 1 1 1 1 1 1 1 1 0 1 
1 1 1 1 1 1 1 1 1 1 0 1 1 1 1 1 1 1 1 
1 0 1 1 1 1 1 1 1 1 0 1 1 1 1 1 1 1 1 
1 1 1 1 1 1 1 1 1 1 1 0 1 1 1 1 1 1 1 
1 1 1 1 1 1 1 1 1 1 1 1 1 1 1 1 1 1 1 
1 1 1 1 0 1 1 1 1 1 0 1 0 1 1 1 1 1 1 
1 1 1 1 0 1 1 1 1 0 1 0 1 1 1 1 1 1 1 
1 1 1 1 1 1 1 1 1 1 1 1 1 1 1 1 0 1 1 
1 1 1 1 1 1 1 0 1 1 1 1 1 1 1 1 0 1 1 
1 1 1 1 1 0 1 1 1 1 1 1 1 1 1 1 1 1 1 
1 1 1 1 1 1 1 1 1 1 1 1 1 1 1 0 1 1 0 
1 1 1 0 1 1 1 0 1 1 1 1 1 1 1 1 1 1 1 
0 1 1 1 1 0 1 1 1 0 1 0 1 1 0 1 1 1 1 
1 1 1 1 1 1 1 1 1 1 1 0 1 1 1 1 0 1 0 
1 0 1 0 1 1 1 1 1 1 1 1 1 1 1 1 1 0 1 
1 1 0 1 1 0 0 1 1 1 1 1 1 1 1 1 1 1 1 
1 0 1 0 1 0 1 1 1 0 1 1 0 1 1 1 1 0 1 
1 1 0 1 0 1 0 1 1 1 1 1 1 1 1 1 0 1 1 
0 0 1 1 1 1 1 1 0 1 1 1 1 1 1 1 1 1 1 
1 1 1 1 1 1 1 1 1 1 0 1 1 1 1 0 1 1 1 
1 1 0 1 1 1 1 1 1 1 1 1 1 1 1 1 1 1 1 
1 1 1 1 1 1 1 1 1 1 1 1 1 1 1 1 1 1 1 
1 0 1 1 1 1 1 0 1 1 0 0 1 1 1 1 1 1 0 
1 1 0 1 1 1 1 1 1 1 1 1 1 1 1 1 1 1 1 
1 1 1 1 1 1 1 1 1 1 1 1 0 1 1 1 1 1 1 
1 1 1 1 1 0 0 1 1 1 0 1 1 0 1 1 1 1 1 
1 1 0 1 1 1 1 1 1 1 0 1 0 1 1 1 1 1 1 
0 1 1 0 1 1 1 1 1 1 1 1 1 1 1 1 1 1 1 
1 1 1 1 1 1 1 1 1 1 1 1 1 1 1 1 0 1 1 
1 1 1 1 1 1 0 1 1 1 1 1 1 1 1 1 1 1 1 
1 1 0 1 1 0 1 1 0 1 1 1 1 1 0 1 1 1 1 
1 1 0 0 1 1 0 1 1 1 1 1 1 1 1 0 1 1 1 
1 1 1 1 1 1 1 0 1 1 1 0 1 1 1 0 1 1 1 
1 1 1 1 1 1 1 1 1 1 1 0 1 1 1 1 1 1 0 
1 1 1 1 1 1 1 1 1 1 1 1 0 1 1 1 1 1 1 
1 1 1 0 1 1 1 1 1 1 1 1 1 1 1 1 1 1 0 
1 1 1 1 1 1 1 1 1 1 1 1 1 1 1 1 1 1 1 
1 0 1 1 0 1 1 1 1 1 1 1 1 1 1 1 1 1 1 
1 1 1 1 0 1 0 1 1 0 1 1 1 1 1 0 1 0 1 
1 1 1 1 1 1 1 1 1 1 1 1 1 1 1 1 1 1 1 
0 1 1 1 1 1 1 1 0 1 1 1 1 1 0 0 1 1 1 
1 0 1 0 1 1 1 1 1 1 1 1 1 1 1 1 0 0 1 
1 1 1 1 0 1 1 1 1 1 1 1 1 1 1 1 1 1 1 
1 0 1 1 1 1 1 1 1 1 1 1 1 0 1 1 1 0 1 
1 1 1 1 1 1 1 0 1 1 1 1 1 1 1 1 1 1 1 
1 1 1 1 1 1 1 1 1 1 1 1 1 1 1 0 0 0 1 
1 1 1 1 1 1 1 1 1 1 0 1 1 1 1 1 1 0 1 
1 0 0 1 1 1 1 1 1 1 1 1 1 1 1 1 1 1 1 
1 0 1 1 1 1 1 1 1 0 1 1 1 1 0 1 1 0 1 
1 1 1 1 1 1 0 1 0 1 1 0 1 1 1 1 1 1 1 
0 1 0 0 1 1 1 1 1 1 1 1 1 1 1 1 1 1 1 
0 1 0 1 1 1 1 1 1 1 1 1 1 1 1 1 1 1 1 
1 1 0 1 1 1 1 1 1 1 0 1 1 1 1 0 1 1 0 
1 1 1 1 1 1 1 1 1 1 1 1 1 0 0 1 1 0 1 
1 1 1 1 1 0 1 1 1 1 1 1 1 1 0 1 1 1 1 
1 1 1 1 0 1 0 0 1 0 0 1 1 1 1 1 1 1 1 
1 1 1 1 1 1 1 1 1 0 1 1 0 1 1 1 1 0 1 
1 1 1 1 1 1 1 1 0 1 1 1 0 1 1 1 1 1 1 
1 1 1 1 1 0 1 1 0 1 1 1 1 1 1 1 0 1 1 
0 0 0 1 1 1 0 1 0 1 1 1 1 1 1 1 1 1 1 
1 0 1 1 1 1 0 1 1 1 1 1 1 1 1 1 1 1 1 
1 1 1 1 0 1 1 1 1 1 1 1 1 0 1 1 1 1 1 
1 1 1 1 1 1 0 0 1 1 1 1 0 0 1 1 1 1 1 
1 1 1 1 1 1 1 1 1 1 1 1 1 1 0 1 1 1 0 
0 1 1 1 1 1 1 0 0 1 1 1 0 1 1 1 1 1 1 
1 1 1 1 1 1 1 0 1 1 1 0 1 1 0 1 1 1 1 
0 1 1 0 1 0 1 1 1 0 1 1 1 1 1 0 1 1 1 
0 1 1 1 1 1 0 1 1 1 1 1 1 1 1 0 0 1 1 
1 1 1 1 0 0 1 0 1 1 1 1 1 1 1 1 0 1 1 
1 1 0 1 0 0 1 1 1 1 1 0 1 1 1 0 1 1 1 
1 1 1 1 1 0 1 1 1 1 0 1 1 1 1 1 1 1 1 
1 1 1 1 1 0 1 0 1 1 1 1 1 0 1 1 1 1 1 
1 1 1 1 1 1 1 1 1 0 1 1 1 0 1 1 1 1 1 
1 1 1 1 0 1 1 1 0 1 1 1 1 1 1 1 1 1 1 
1 0 1 1 1 1 0 1 1 1 1 1 1 1 1 1 1 0 1 
1 1 1 1 0 0 1 1 1 1 1 1 1 1 0 1 1 0 1 
0 1 0 1 1 1 1 1 1 1 1 0 1 0 1 1 1 1 0 
1 1 0 1 1 1 1 1 1 1 0 1 1 1 1 1 1 1 0 
1 0 1 1 1 1 1 1 1 0 0 1 1 1 1 1 1 1 1 
1 1 1 1 1 0 1 1 1 0 1 1 1 1 1 0 1 1 0 
1 1 1 0 1 1 1 1 0 1 0 1 0 1 1 1 1 0 1 
0 1 1 1 1 1 1 0 1 1 1 1 1 1 1 1 1 1 1 
1 1 1 0 1 1 1 1 0 1 1 1 1 1 1 1 1 1 1 
1 0 1 1 1 1 1 1 1 1 1 1 1 1 1 1 1 1 1 
1 1 1 1 1 1 0 0 1 1 1 1 1 1 1 1 1 1 0 
0 0 0 1 1 1 1 1 1 1 1 1 1 1 1 1 1 1 1 
1 1 1 1 0 1 1 1 1 1 1 1 0 1 1 1 1 1 1 
1 1 1 1 1 1 1 0 0 1 1 1 1 1 1 1 1 1 1 
1 1 1 0 0 1 1 1 1 0 1 0 1 1 1 0 1 1 1 
1 1 1 0 1 1 1 1 1 1 1 1 1 1 0 1 1 1 1 
1 1 1 1 1 0 1 0 1 1 1 0 1 1 1 1 1 0 1 
0 1 1 1 1 1 1 1 1 1 1 1 1 0 1 1 1 1 1 
0 1 0 1 1 1 1 1 0 0 1 1 1 1 1 1 0 0 1 
1 1 1 1 1 1 1 1 1 1 0 1 1 1 1 1 1 1 1 
1 1 1 1 1 0 1 1 1 1 0 1 1 1 1 1 1 1 1 
1 0 1 0 0 1 1 1 0 1 1 1 1 0 1 1 1 1 1 
1 1 1 1 1 1 1 1 1 1 1 1 1 1 1 1 1 1 1 
1 0 0 1 1 1 1 1 1 1 1 1 1 1 1 1 1 1 1 
1 1 1 1 1 1 1 0 0 1 1 1 1 1 1 1 1 1 0 
1 1 1 0 1 1 1 1 1 1 1 1 1 1 1 1 1 1 1 
1 1 1 0 1 1 1 1 1 1 1 0 0 1 1 1 1 1 1 
1 1 1 0 1 1 1 1 0 1 1 1 1 1 1 1 1 1 1 
1 1 1 1 1 1 1 1 1 1 1 0 1 1 0 1 0 1 1 
1 1 1 1 1 1 1 0 1 0 1 1 1 1 1 0 1 1 1 
1 1 1 1 1 1 0 1 1 1 0 1 1 1 1 1 1 1 1 
1 1 1 1 1 1 0 1 1 1 0 1 1 1 1 0 1 1 1 
1 1 1 1 1 1 1 1 1 1 1 1 0 1 1 1 1 0 1 
1 1 1 1 1 1 1 1 1 1 1 0 1 1 0 1 1 1 1 
1 0 1 0 1 1 0 1 1 1 1 1 1 0 1 0 1 1 1 
1 1 1 1 1 1 0 1 1 1 1 1 1 0 1 1 1 1 1 
1 1 1 1 1 1 1 1 0 1 1 1 1 1 1 1 1 1 1 
1 1 1 1 1 1 1 1 1 0 1 1 1 1 1 1 1 1 1 
1 1 1 1 0 0 1 1 1 0 1 0 1 1 1 1 1 1 1 
1 0 1 1 1 1 1 1 1 1 0 1 1 1 1 1 1 1 1 
1 1 0 1 1 1 1 1 1 1 0 1 1 1 1 1 0 1 1 
1 0 1 1 1 1 0 1 1 1 0 1 1 1 1 1 1 1 1 
1 1 1 1 0 1 0 0 1 1 1 1 1 1 1 1 1 1 0 
1 0 1 0 1 1 1 1 1 1 1 1 1 1 1 1 0 1 1 
1 1 1 1 0 1 1 1 1 1 1 1 1 0 1 0 1 1 1 
1 1 0 1 0 1 1 1 1 0 1 1 0 1 1 1 1 0 1 
1 0 1 1 1 1 0 1 1 1 1 1 1 1 1 1 1 1 0 
1 1 0 1 1 1 1 1 0 0 1 1 0 1 0 1 1 1 1 
1 1 1 1 1 1 1 0 1 1 1 1 1 1 1 1 1 1 1 
1 1 1 1 1 1 1 1 1 0 1 1 0 1 1 1 1 0 0 
1 1 1 1 0 1 1 1 1 1 1 1 1 1 1 1 1 0 1 
1 1 1 1 1 1 1 1 1 1 1 1 1 1 0 1 1 1 0 
1 1 0 1 0 1 1 1 1 1 1 1 1 1 1 1 1 0 1 
1 0 0 1 1 1 1 1 1 1 1 1 1 1 0 1 1 1 1 
0 1 1 1 1 1 1 0 1 1 1 1 0 1 1 1 1 1 1 
0 1 1 1 1 1 1 1 1 1 1 1 1 1 1 1 1 1 1 
1 1 1 1 1 1 1 1 1 1 1 0 1 1 1 1 0 1 1 
1 1 1 1 1 1 0 0 1 1 1 1 1 1 1 1 1 1 0 
1 1 1 0 1 1 1 1 1 1 0 1 1 1 1 0 1 1 0 
1 1 0 1 1 0 1 0 0 0 1 1 1 1 1 0 0 1 1 
1 1 1 1 1 0 1 1 1 1 1 1 1 1 0 1 1 1 1 
1 1 1 1 1 1 1 1 1 1 1 1 1 1 1 1 1 1 0 
1 1 1 1 0 1 0 1 1 1 1 1 0 1 0 1 1 1 1 
1 1 1 1 1 1 1 0 0 1 1 1 1 1 1 1 1 1 1 
1 1 1 1 0 1 1 1 1 1 1 1 0 1 1 1 1 1 1 
1 1 1 1 1 1 1 1 1 1 1 0 1 1 1 1 1 1 1 
1 1 1 0 1 0 0 1 1 1 0 1 1 1 1 1 1 1 1 
1 1 1 1 1 1 1 1 1 1 1 0 1 1 1 1 1 1 1 
1 1 1 1 1 1 1 1 1 1 1 1 1 1 1 1 1 1 1 
1 1 1 1 0 0 1 1 1 1 1 1 1 1 1 1 1 1 1 
0 1 1 1 0 1 1 1 1 1 1 1 1 1 1 1 0 1 0 
1 1 1 1 1 1 1 1 1 1 1 1 0 1 1 1 1 1 0 
1 0 0 1 1 0 1 1 1 1 1 0 1 1 1 1 1 1 1 
1 1 1 1 1 1 1 1 1 1 1 1 1 1 1 0 1 1 1 
1 0 0 1 1 1 0 1 1 1 1 1 1 1 1 1 1 0 1 
1 0 1 1 1 1 1 1 1 1 0 1 1 1 1 1 1 1 1 
1 1 1 1 1 1 0 1 1 1 1 0 1 1 1 1 0 1 1 
1 1 0 1 0 1 0 1 1 0 1 1 1 1 1 1 1 1 1 
1 1 1 1 1 0 1 1 0 1 1 1 0 1 1 0 1 1 1 
1 1 0 1 0 1 1 1 1 1 1 1 0 1 1 1 1 1 1 
1 1 1 1 0 1 1 1 1 1 1 1 1 1 1 1 1 1 0 
0 1 1 1 0 1 1 1 1 1 1 1 1 1 1 1 1 1 1 
0 1 1 1 1 1 1 1 1 1 1 0 1 1 1 0 1 1 1 
1 0 0 1 1 1 1 1 1 0 0 1 1 0 1 1 1 1 1 
1 1 1 1 1 1 1 1 0 1 1 1 0 1 1 1 1 1 1 
0 1 1 1 1 1 1 1 1 1 1 1 1 1 0 1 1 1 0 
1 0 1 0 0 1 0 1 0 1 0 1 1 1 0 0 1 1 1 
1 1 0 0 1 1 1 1 1 1 1 1 1 1 1 1 1 0 1 
1 1 1 1 1 1 1 1 1 0 1 0 1 1 1 1 1 1 1 
1 1 1 0 1 0 1 1 1 1 1 1 1 1 1 1 1 1 1 
1 1 1 1 1 1 1 1 1 1 1 1 1 0 1 1 1 1 1 
1 1 1 1 0 1 1 1 1 1 1 1 1 1 1 1 1 1 1 
1 1 1 1 1 0 1 1 1 1 0 1 1 1 1 0 1 1 1 
1 1 1 0 1 1 1 1 1 1 1 1 1 1 1 0 1 1 1 
0 1 1 1 0 1 1 1 1 0 1 1 0 0 0 1 1 1 1 
0 1 1 0 1 1 1 1 1 1 1 1 1 1 1 1 1 1 1 
1 1 1 1 0 0 1 0 1 1 1 1 1 1 1 1 1 0 1 
1 1 1 0 1 1 1 1 1 1 1 1 1 1 1 1 1 1 1 
1 1 1 1 1 1 1 1 1 0 0 1 0 1 0 1 1 1 1 
1 1 1 1 1 1 1 1 0 1 1 1 1 0 1 1 1 0 1 
1 0 1 1 1 1 1 1 1 1 1 1 1 1 1 1 1 0 1 
1 1 1 1 1 1 1 1 0 1 1 1 0 1 1 1 1 1 0 
0 0 1 1 1 0 1 1 1 1 1 1 0 1 1 1 1 1 1 
0 1 1 1 1 1 1 1 0 1 0 1 1 0 0 0 1 1 1 
1 1 1 1 1 1 1 1 1 0 1 0 1 1 1 1 1 1 1 
1 1 1 1 1 1 1 1 1 1 1 1 1 1 1 1 1 1 0 
1 1 1 1 1 1 1 1 1 1 1 1 1 1 1 1 1 1 1 
1 1 1 1 1 1 1 0 1 1 1 1 1 1 1 0 1 1 1 
1 0 1 1 1 1 1 1 1 1 1 1 1 1 1 1 1 1 1 
1 1 1 1 1 1 1 0 1 0 0 1 1 1 0 1 1 1 1 
1 0 1 1 1 1 0 1 0 1 1 1 0 1 1 1 1 1 1 
1 1 1 0 1 1 1 1 1 1 1 1 1 1 1 1 1 1 1 
0 1 1 1 1 1 1 1 0 1 1 1 1 1 1 1 1 1 1 
1 1 1 1 0 1 0 0 1 1 1 1 0 0 1 1 1 0 1 
1 1 0 1 1 1 0 1 1 1 0 1 1 1 1 1 1 1 1 
96307545 109199073 172927909 664917493 353926589 459588407 529878987 200506185 813365159 460496861 258386599 88557605 3451319 66596234 669971372 766415009 492827093 425388635 121918163 
49560955 169805739 559619150 665327386 48019093 299973417 89326535 331676928 401104246 295486207 477535758 49186059 395220933 672340774 504657870 493148739 302246352 236024664 5476247 
680446132 846504203 380317075 603375710 457163760 818417289 394390682 731507704 435453322 803197316 956117620 552779171 454232988 64336347 781324011 93461629 858562370 541002383 385736206 
815904266 154880797 778847302 75962032 421873842 853760465 195354568 759212262 138081856 951334023 795644036 54914189 861578853 40229227 968943372 888905666 51870002 723182127 693603221 
357725544 651970978 35625606 971180152 738374565 338673679 413902507 709731507 768664165 334623928 991836632 721210985 482970070 991699521 943905999 873403742 277184746 813951026 336446548 
60667260 644238296 521510262 123549617 66859344 433457820 270185182 742000433 435649678 76281714 762619292 303501989 454407817 113669471 736035273 974184418 735671484 395259560 489780447 
992821568 100441412 24822616 714764351 245206045 649384291 744851392 920935340 66871128 619767806 314036975 682842062 495811030 798586911 77782333 482709681 343941377 869430133 383921861 
3350595 86808388 725110991 511385061 313426138 55943825 304268965 419323329 281218987 375890651 98702735 21241021 102178644 498677915 184672972 825275144 128621139 483064655 467644 
787570956 370685324 797392887 489722726 138255870 668152519 646115223 532137716 420968020 459944752 188542391 51330609 529136201 298097109 207359718 631509778 6995034 811957803 301276979 
983446314 421126093 195538570 969144498 673032756 20985637 956449453 997075453 226360461 68285103 155500083 885337264 831787447 764174074 718881568 503557100 418328279 238465879 872666204 
638474965 68682040 350449757 354625587 917691156 366098630 955043430 854493907 552186710 559592084 905559058 683167954 823580107 547894103 876145859 850188709 725989032 313242088 413431584 
1122858 795701925 26259910 29262738 763815711 95257983 821800337 290884299 658954152 311562359 877433232 566469690 862279629 860795090 752600620 153543832 605082362 33711703 809257587 
137088094 835755645 32836052 377216663 97011276 38300683 869913497 811646572 930854372 7490619 302871036 632056813 831493612 90521867 886419411 995723703 525838064 311517271 514042621 
31344012 594619838 494962277 810687193 728290002 537149928 739711067 90515149 169997585 654453829 38983365 944491713 913119865 308696433 17580051 245225377 489096794 74859592 297042714 
224323038 904399785 268545135 35127695 893026286 557832066 144870603 320725649 650624711 788122529 989584904 914666780 784794216 207317223 217796883 69673620 979613777 442714587 102243744 
70889796 863056390 738864422 68477092 168400597 78515088 746852374 20712156 557816535 100934140 763222301 723803975 647858493 281319897 492671567 183206308 767505632 7173565 629519335 
58529019 324733434 6503618 814776002 88861209 931180717 87568642 412280546 387235339 534429562 333878815 31198700 824182946 32308682 882018238 45469100 67066615 894776937 843767814 
916607628 206458340 235674118 122170917 530499104 317816967 514011572 825015499 853674397 358196931 579264876 759539885 849215580 364881855 272431753 482903811 876472924 325536869 329604682 
286727179 245714622 719224292 809152595 75178371 812938823 507221039 189831469 535403827 507770337 90289275 508893377 742475618 417777946 641417157 286353633 294224220 732593316 889114954 
6647742 28728306 580249811 15387916 302957172 811838969 682228770 772406868 870528891 924302026 237049262 443434539 689080627 562292929 917663674 293001696 48695393 566331326 801806889 
713724293 646274731 748070823 785646855 886785650 61497629 36765411 930192129 262422976 409924264 65626337 700476392 711670479 545552031 897696912 949446450 759162305 309842745 208100069 
130492024 150671868 141427730 711996760 844875769 797005996 904445097 631110758 953800982 872373054 167811810 14267918 394252500 321720806 967469446 834215001 75962973 596421147 838070974 
297403341 375598975 766047510 843375260 495309301 302072620 743925334 245348755 531497956 554171384 888676895 434163450 678446254 806862494 129244150 939418508 837981163 890013820 130008358 
407323627 746945593 490461714 462900031 396786456 853760439 598946183 893642386 182424829 644952202 259855652 43366582 819065059 863834971 433827286 90782470 213099516 33561046 17625519 
333659424 676883419 861726511 671538791 11826023 48935158 194986134 565887957 726996354 212998443 683553733 173284983 944344283 240003641 626707834 200802798 828322593 502856770 142532596 
814060418 233676999 4619344 568252793 534058138 588647299 367279821 236595920 100334917 8697039 903569929 586726856 562210485 439281772 801931447 61668271 968099262 496208602 909489264 
487842779 22082907 352172000 816523311 166965797 106074410 910127370 907950803 524129641 221224939 49732645 790114721 541849096 974556677 977998279 536705727 455232614 632354817 909048770 
457965498 749733740 56640780 379339700 467339265 755892998 419647866 408572282 119417704 62820006 573614398 951540151 392221862 602801088 24728178 97385553 772330454 817065036 489138133 
381711092 232128762 156121415 151110472 738054030 27520626 32114993 478574673 930892497 270838667 693862033 825122456 217981620 455546604 979379821 145550444 978258162 215204134 451014355 
456040767 126132618 812408620 112307539 228278309 524161342 403492055 122533250 265525850 518331412 787160930 404488056 586377657 250434520 865585133 850157139 126761798 51664535 440157690 
49956530 334784932 580984101 383576563 61449530 846079903 413522328 261597090 38389013 125803172 742286795 921008311 194168430 2393412 13582813 232181573 69641461 135594421 46703278 
240719941 240340578 671206481 560238697 32624145 458115307 198516245 870683893 629218028 175663565 821401379 752515715 947981174 874224584 16857407 953784835 440783159 19805602 965833303 
709179822 314381596 797761699 66631411 294157182 674191860 46206742 339146 31022000 561934067 29164240 37578029 586628939 812020272 538862497 706848665 778801808 62743335 896165348 
737037353 986347406 28525879 533823733 223815201 846202001 705876517 871314869 307035749 390435500 545209496 419947784 917937663 855350327 515277466 222934615 347695261 793652043 248631326 
302845455 854591248 373479496 226652532 1414176 984850894 979949648 341071318 63883902 374647665 119151562 200090079 26194852 928889654 951712992 105796111 567838988 81000319 24509952 
554757449 93585848 829853777 990189663 262752084 576137388 973031895 65673842 228938589 111166322 190813917 716183155 955025011 102189205 285623126 78405858 335727114 231695910 723070679 
297672448 809664121 545593402 213522201 210789718 2231676 987680617 38007419 584410669 292654259 531441489 529226365 361410579 798748705 204156177 371131974 20511836 769903789 339490255 
864671007 238030239 430451364 649086258 126707958 147660341 346089525 964592617 845598940 565534397 387951604 504022562 453854088 370640027 441542488 31531538 225602001 74344563 712730941 
16225908 12597560 238826676 557678691 141541636 94166620 625943560 131280365 181609729 476493699 654266340 558852066 97976752 863461144 585993982 484436911 412727513 224478759 784753617 
806166692 727958859 254926563 645790491 419007090 65552725 917493537 345258591 144755636 25361739 949805786 39050852 890845283 24782343 116627117 806267317 332593247 725613413 61428313 
895722271 5716460 615323334 7125832 159015990 806057012 776421775 703022849 860059599 292305343 662526887 16504241 565856391 961682174 988205564 67591337 740663099 3152068 847684862 
169943266 978629006 290531019 873070369 240779635 350273639 706461228 621173600 150852122 493700720 659587048 926759861 877675961 786937496 38299489 483979170 508651734 633883282 3640545 
615344812 653896730 273670483 292354067 49949401 645725906 113962392 51380868 656879418 522608 734917725 23284268 25656924 25237516 343448423 713176031 9878741 784991452 414533564 
866352602 574378942 452883136 192334886 970351165 534322 758220729 452667315 533023115 376822996 842323820 420107320 401902891 539570759 449801635 724837577 386025963 682681268 570747084 
588657730 770065016 256188999 458400888 51733441 204657127 378051250 686814174 270559531 710143535 550013864 437054550 250736035 466533036 339438691 823476190 256654358 159689374 658580255 
300820376 582942641 334443432 346344349 406216266 543101544 492998738 937037217 361179869 353426289 13406854 289440628 934509278 465419719 359990807 845197411 386403584 496768681 507454262 
304908093 747416472 980143128 115708155 155222233 809662240 414575452 213874659 908345998 526598324 504223616 880550987 159896762 715453592 256968657 744863993 981788988 209097904 417879651 
379646356 585183737 121750278 59006603 996898087 55232346 195583049 903932775 593279139 798596812 113779272 570619474 430436698 588353855 410580602 8009072 374871940 18805159 831104121 
924924456 278165693 588723072 436681859 215621540 953932421 293314882 527859192 164874579 457780415 188130033 722850271 71643495 701516851 945656975 2020705 976209753 780064012 703442087 
570717259 379543136 633144666 101774020 582161296 82390013 9285521 475579895 416467909 795661938 248233225 570553174 42218403 190059334 292438140 372464759 891468426 282252739 885266571 
238890489 948081400 459672952 850993721 702195196 808693014 840266935 487586670 795863716 809419051 934473496 262591861 273346714 518449702 52000756 179689342 350581130 48812057 527343851 
890212637 824275622 968614584 878878815 106953930 9100065 366027742 376401910 426512991 714676917 617873929 60226331 643164573 787275806 501826265 757587326 617966759 428859293 938474901 
754528657 377494149 523708790 666936741 145583881 956520866 562139251 107980057 544168290 543644239 456597598 529041185 716471899 961415486 881534090 659796627 477938805 859050503 64568906 
420557929 965839224 313487782 459836281 29104703 214323439 732895483 44686578 399170778 137953959 62824265 32963860 48945819 227588404 473990328 55871046 382067216 507486316 615810260 
682740082 20925539 868279274 351402251 942097537 280176618 72985996 795462450 431401189 767160983 349844470 728365057 630026771 132342916 903600397 123117970 63015940 846940783 251779196 
49394150 949225907 239530043 364512819 26479968 414149539 532945771 284957922 343037256 627570263 225285547 159980674 752499273 284924119 99960648 573421773 913596148 718594866 243851699 
402544577 427936315 868486390 957258242 714809377 622848502 440863674 40399727 745347060 562242914 516176276 414226903 988336900 171769757 533466019 159206460 516600160 813091371 240736391 
404543299 341487066 87353204 168832740 5742518 2800777 194288963 629095395 103955716 819345738 856684361 308232625 824746941 205710904 431405464 903028222 359817238 182450742 913695529 
614916222 146825322 510050157 726909014 126939499 603803575 630931910 70258015 661800962 831422493 210406768 42313962 563425538 59991395 349011293 346510972 65938736 841260914 96737732 
453251330 291286997 26580184 81430177 417590602 770204990 817044806 365330992 841452681 855894331 788806674 46658422 361570007 734758305 990538422 753371320 250181038 960942280 679473999 
70870530 23897711 514188302 244996895 672850850 165756126 897753682 508091660 796089514 149618081 170004090 544502814 418680177 357021892 531837421 473953796 593134098 370158648 479073050 
625491344 229250283 83228239 511032303 300246327 66321695 411342913 920014946 426185106 420506902 375589035 252065004 442059744 736313592 227661323 881247497 146861185 446315830 950622533 
222403001 73176444 560815361 136247329 868999170 384187642 106770640 343963595 2342763 441501641 829836509 951410513 494030979 117978074 755877801 339765801 189375321 708072132 235096180 
897387176 753325570 66491454 67118534 736263308 66042645 229204136 297276393 37709683 943001650 673317763 757687148 553521505 200426614 837789173 131747746 409182526 940232457 94067015 
60644640 315453782 810390929 535277926 877480003 787706327 263447227 772992869 219186088 36117335 748645561 68336632 462833330 43413835 354184127 987296251 785918984 428151953 857882757 
915437801 182018068 496330215 416393929 350072678 149413765 889174129 884215754 52487606 534463949 534287415 771739853 20113474 341093284 709789861 684798364 824547867 285218179 115969802 
846384898 310878063 651391530 281771289 362161488 194975766 894249243 904890219 379037403 506292744 985119004 158159866 398385788 690822115 208037561 36969638 628832782 387202921 922122944 
114155958 715663604 873524223 110072003 614378573 214538896 743229744 925136281 354771192 810471629 841623848 212768222 783852072 617601686 210187066 326466670 575390383 961452637 217718363 
138895598 631916614 947477653 773127076 683591235 96075272 216366648 429986004 729688345 549132020 223552322 384123596 544489053 143188078 820903219 551522321 957858243 215286975 730440081 
612965197 950719553 762305936 837152868 655738318 209250962 880825971 636062393 338811397 202853300 952688474 719935776 876889609 564469611 132443934 568304173 179234322 437062844 948639226 
229945595 470540030 490891378 617291789 527960996 477137103 243397532 206555099 715438538 95217963 345221645 513603788 23010065 361283034 168370395 760160684 951471522 872912716 360641761 
106993450 350332074 27689745 702073149 912393817 495267545 228378207 780621266 851474226 434916580 874195087 264472007 738254608 894326787 613207456 919709190 134497074 185292916 265756851 
708780990 71559996 451791862 51957388 371415778 1319863 627768399 258658328 14677158 786665612 803235270 488637666 215995914 846827405 819441065 218520988 635018824 490253037 608348361 
86218397 9188707 475831234 129921529 175768157 721545892 171662474 55644306 121955322 759997204 679824291 522923762 959961526 21731329 42261970 619208953 130209655 451290496 928833725 
248216203 38744390 13445350 743198065 579106320 109000144 935128909 652946141 418048759 242243816 423244821 258703444 843158575 653913603 928329568 450451471 846587564 233599675 753349780 
492458409 90028008 944990541 366207197 74400929 184153183 11748122 793270696 959574747 196371986 30169897 536648489 714459936 346131205 47579299 678614743 69843865 4324288 876908887 
993354219 836047960 205251027 42279987 26915811 253458896 446889547 524174290 763491590 609675096 20135997 512801001 915676374 259932588 68414276 198730967 629547167 971110763 496324090 
778677279 181711345 980139417 846301313 458485988 42405149 534756895 772694781 866098546 611309498 589037127 112768024 177290934 476679970 22558528 703223677 870624961 714737398 48712351 
277165149 974212937 196212630 250922205 991319021 17290278 153689258 717647827 370378725 905158106 830759836 117241153 102670595 712647683 948972059 944902476 474002822 41578470 69536921 
31053049 842004404 843851505 98845903 818051256 780737621 226764077 7936052 596885205 823546165 674146253 450483850 527459844 654918565 596805544 520448081 282274782 121550587 133268406 
96857424 424894302 914172686 180755350 787344147 165708643 330633915 25557511 26970984 84214066 742496866 559902579 880208610 153414385 405241449 712735840 40957781 582864429 47444407 
557706236 746905185 111646293 14685244 855867034 653855712 341147453 290388324 669164591 345815157 1185692 751615655 15582933 763987977 625300366 7352828 49227080 853719109 11349778 
897157216 237747565 253157143 312795277 630465620 564315846 505133364 694164293 924085340 743259391 498337936 321774055 557265282 165575268 95126247 951380226 409413072 209904232 135778360 
523700618 578183897 857840671 966236485 315769686 316702769 127720644 563422740 951799713 789395953 621724213 847481968 159531917 982263604 638336370 706834025 860963484 727220380 988056866 
431278288 606880053 102168270 669075470 374329788 11687716 576002289 730134436 286189320 668574235 382487347 214745717 391515346 573978667 228543813 292497079 991329278 523414092 10113242 
471745732 587776177 500569818 494084140 851753369 49309910 578800660 302765174 751274328 5980828 422214303 11410555 155556294 610347766 531200001 474911486 760757454 954428442 938152231 
751576391 173165308 869051395 574090464 992905637 738283011 232024815 527531616 636077542 787200823 641241569 458459070 488195553 512933396 319000864 53816437 113443309 3248820 424185526 
700847079 186201447 712863837 224732403 374315990 146122031 149226482 457257191 569809642 819787308 751958653 915255531 7910190 196907972 174463916 856077080 367932562 615458404 37778512 
78762958 956895081 511023614 397807840 673106991 492164844 796767366 253347827 849744034 628741046 102546548 871699658 179076945 494184007 349450053 122520004 132030123 484604290 110004218 
367207143 997518306 288671022 450893208 913154142 544225646 804987000 709321126 803295477 870096264 287155311 309143218 128607391 890204336 824041095 174315212 938450672 233298983 458773271 
518500873 231907748 588281974 12718042 379612418 800016150 205257702 464277107 48064337 190385354 879229189 58762977 492401180 744459748 572271911 864244239 293152386 978095534 665476835 
9600071 327896111 518165014 997051538 31795129 596168654 341741101 940321491 701439737 483608977 465018025 78983946 729511806 846697387 450841188 627196380 221226020 325939414 587198683 
857114036 579639211 919814861 515809456 10501441 785151798 271962323 679156777 207029751 788716748 734502443 143548846 492550794 207464923 849957022 462079567 786096502 912648624 388081400 
545103932 113814393 624739328 686063499 791544138 430277142 64946018 290287275 375226741 448505364 39916498 933487920 570890585 878534142 271928623 223831799 161418423 673756321 48528829 
37966177 106259702 390449040 164806822 552350162 290618271 849683875 226380914 314584115 167318752 323173748 482301330 207122801 69667339 979688417 92733658 565626364 49513491 970603149 
983754241 42506313 7292438 71081567 637018659 509847376 551847886 623871489 583465536 822655247 874143774 564193378 535367099 916644101 571326348 492340 705894620 134633143 616102592 
950385007 504579918 519134255 776889610 231145933 51418785 38581368 930872026 201385291 214845641 443230755 900144198 846335406 99083933 759768517 959666055 50684924 571691609 47010935 
867779452 984432383 945875485 822632020 642771493 833102277 628800108 276049151 935641897 599624227 367280302 406176283 853687890 545148717 943504814 576429520 749362700 596021183 393943068 
404665677 312140265 347877624 489803532 102857024 552173855 814607546 5078132 414182496 13219080 406188075 13854643 51684 245666722 167184951 253962246 16038920 140491277 23063051 
20469521 316056207 597346064 67562906 862344028 681273660 200140179 995000349 907711186 136343128 153937702 966920332 673056067 216955184 228879993 230123559 953288419 939049108 744172002 
21825775 309551817 735805785 928161242 619576364 743925106 287155415 96894848 137111785 86966075 577730411 577412885 434506355 88307434 552300278 565142142 813989598 146320422 810910044 
536629189 976627072 298674682 459115271 670410648 356076916 588892503 73123169 12062665 269612056 30352271 588402014 605736396 298832783 536483034 770521584 485396796 709689664 784371412 
289686160 222219862 174890069 413334269 303527356 479209597 610044989 599420216 38895474 237137076 869584683 8119884 109477819 61709350 777377941 628401767 120942875 220563107 460062645 
378376086 805740321 603419929 351043083 977836111 445426910 877224991 792100313 444681703 100969317 297619054 158611622 841901851 1359951 959285093 98117052 664757899 445471803 57681284 
702757034 784223546 212369734 622066931 647540674 323968272 575412631 429992442 147649180 724626264 382098902 484158342 291078289 815448898 17779630 260083113 895872833 73308259 294202452 
688268314 111180045 405342512 994159353 366892209 58923934 12628358 724466518 36958699 261178973 809782565 720375848 833299821 328767736 409922096 278028720 44329594 99660259 886287279 
449332274 66558075 448466133 27335692 892391031 456719745 472117575 65015706 613765196 997492922 715092216 573675275 455563521 779191549 623801964 252838389 885280235 158491460 966386536 
77066582 456233186 787453227 481607544 280132107 308360899 23132021 715028073 854316891 749522415 586370186 788276943 648588650 655963339 550553327 356614272 359062471 764739646 744268756 
15282967 821977055 121172534 74667402 230222963 903956359 713490468 279723528 939517749 358298487 967600507 748190054 752322885 131295689 650042932 16955491 40112717 117995646 75478348 
145795807 403921468 810903545 605631301 572586593 517709765 250510722 509632674 231527570 159344350 237014469 722694252 342263232 617244482 328523600 597309103 354198364 399575791 26025240 
315109117 5588603 204799144 556095733 823759593 527521370 48055923 882056737 150306957 135029459 901709853 828838845 49033477 490409705 622300594 583774028 435666673 13437760 850292229 
868513590 935132408 915054757 680827182 560944455 952818752 930597508 216461063 356809005 416899830 319873389 571061677 659933949 118174412 9229719 250423301 143650223 573382518 572324189 
793416757 351818141 485905708 942463931 199592487 233789192 172330795 580924114 986421770 15630482 291986996 228054633 664052432 994784710 172982027 724290153 60960944 695342477 31179002 
430922080 509569958 70015158 638975051 837762815 629249518 693814390 443521233 32694939 222894733 29011173 872817760 347808177 549432264 320964477 501250385 629353051 972550571 985599391 
623736063 553674204 575654019 257847055 763936333 304182041 447647589 732075123 221715485 466563357 197559973 541716951 291953626 523065748 508771935 242018604 712001519 165161809 995693809 
700234948 1453645 203891912 879314303 583406040 767915754 929812117 333186670 959415042 651414076 70292979 353744873 905462467 46286786 8042310 79897184 230346238 830196860 638138514 
152880388 720023163 395594093 412447745 304297036 538332518 311110176 202486369 836929650 36033998 621267745 317478307 481352695 714811174 186482815 340431709 292346395 567465926 914959441 
709836617 700472678 826427243 854648110 676636100 308190754 498713011 841297075 154138192 726036702 161689762 6305281 91242003 268276973 63135519 545766460 295596629 131535589 586632057 
275343629 75303686 506309408 225937884 889015073 625618229 581424190 236369628 782720168 570221978 292800929 352319985 359864791 763753229 596388336 91854840 492283750 101654797 116630933 
807638447 578095378 591376955 58244414 892922426 492234780 209017564 745705568 248299938 61893064 386517850 42122159 51171152 908105184 210717379 139773864 50475157 426822959 957604168 
106833672 374234918 38948869 559780543 27182418 846017433 832754874 556673314 576693580 536213481 556281380 830508814 670338946 190220792 584253984 382351941 150687938 580587015 729714702 
926492205 1771677 530985279 716080980 418897487 633735149 980909100 248671705 141007064 897007434 56964412 830543500 644309275 552877460 627233605 733947867 512545293 252493421 272367612 
305639996 90824903 660261051 181807743 427972264 516470536 176217385 762456524 576650523 200220080 846017703 65662792 771234582 568063814 982978278 401688889 975342109 663243380 272666845 
592852299 94170681 10968197 179647303 708920079 13610101 627432430 730480930 32736886 193818982 95066818 115271218 613063260 508741533 978835772 329076092 809186041 25574963 570892346 
599314379 882262125 808984389 181316540 74363438 725950780 132331124 142435688 109540472 38560974 615262052 853274377 781397951 935960047 631329855 200064268 221185246 557139278 419157039 
237912321 62888690 10562558 274561512 584524832 372551137 91913720 487811611 1577410 675785935 440751255 877871620 794563044 146565287 518183194 998165981 586662 673206936 181237542 
14667624 121423826 478857877 928522049 23811178 185690959 299761107 301046104 436182315 5841321 570709327 912418617 111481591 417480597 355791942 822851354 223268511 573728102 170772155 
690644497 899231480 919292312 108634100 856920729 755662683 451416902 782985469 175652628 324218404 641582259 648077092 883000387 781062963 440088005 432136827 179590095 125847150 541695620 
725570650 737069764 769066557 806138272 240453082 401052689 611102220 497043177 109655643 819125001 897727693 266081749 267035134 632999397 788851571 512851965 793976876 80130112 113955704 
415951776 715543054 896925081 651502936 856501791 689004818 451058645 562982676 496502399 994856300 503422394 235598512 44378091 198757523 534746485 206081205 749098031 927053760 333870869 
829500080 344524349 207456882 34999053 471257521 401878188 881553645 827093174 813053133 394916916 66348726 964571339 20274075 27501106 835511576 41705450 86300859 706182955 949068195 
263246107 947884107 225726786 508222631 928995393 204115569 574809793 617201598 669359274 7597524 365342869 569003071 410844037 215207458 364670161 72440267 116816485 875387531 110846251 
623846597 570313155 17621060 567584122 92105938 458938234 703165702 9666109 423535453 573305161 492973452 863782680 46213652 86734677 914580505 99511629 73179500 23928483 419434224 
256080455 120735515 505463715 897099481 797814293 862839961 869026977 900996514 425372134 436522407 26418257 283468956 133245586 787934920 770741324 132711194 496128785 353233856 343648141 
159825142 700024577 370953756 2325748 53299467 391894309 54576042 225583555 54007740 52916704 27421948 885804068 732670316 969294270 607304682 19901855 913765636 505115628 820863502 
334779817 187817585 931343547 874008389 336372754 626998563 672481313 58867763 725896082 204206734 182647864 868605121 788620357 917344428 976618429 33908373 369331754 405115002 39172241 
816838561 447095718 339646582 557790780 322654359 85720063 458019624 837540965 216676204 498318818 781112726 630155612 67659227 118833630 208475598 676766864 120227814 8553703 79327584 
321394969 577849931 269986516 888357857 166060079 46496020 353046753 746458473 27950000 77213193 32305197 954968342 789201055 263065403 57020476 439784327 475353504 524819835 872155511 
520307041 668215677 846828256 994842536 685770190 705312163 610226501 995032191 411437305 66322598 744317128 689271312 571952787 357166265 107216461 848047442 157338705 448495158 53262841 
280653985 102273132 875836956 8037815 33435196 270530592 320437388 157029302 743652040 331413037 277486412 510190825 663523275 233826649 731859012 637626246 798563890 277545708 799784964 
76662152 54538443 782023986 41775163 483328813 266657485 278290941 446280257 939134328 146902604 814981408 495162766 370923696 204310213 52213492 636795457 642191071 878220184 752952024 
841169818 651841108 890025607 603712938 972892800 767359010 636381756 523305039 762091516 413109919 884700353 816843312 445886396 624894949 67848709 768702394 9462416 832624724 386956895 
55998685 792240369 609511694 685197571 833361805 308159862 20074105 293967502 824860228 185356125 186575554 387689343 47189630 877104392 289917013 187913915 235464509 886036093 174352485 
356529161 703134595 31242211 460726634 617709204 879663322 786623501 730402205 198079340 356695503 684590823 603064702 12141572 225976435 63320073 412205646 149788853 868926681 426503470 
403723414 182592314 417407898 932871346 606239390 140984627 327999572 564576278 298109687 15085219 889688102 27276928 293570290 2312304 624267318 193955645 530872615 972840682 652667947 
280468533 479093743 296359998 68310195 550915198 216236009 788423422 572204543 383915723 30575225 61143204 42925633 852225015 693527620 40103948 283272246 532613503 108085173 106651635 
465010071 576775173 292642684 138744191 471324069 789553614 3073290 62276278 674804646 673490245 910798614 240941318 859308386 70494071 493832219 524215228 962544038 474604180 630449367 
603967117 341874370 573361268 758608589 27010064 932731146 52355343 295941828 573145153 340573528 396000516 657193798 790123264 636423048 51726355 426626851 863081103 643425531 113094564 
865162219 639270424 705764117 54358334 277290103 470839333 612603328 762754320 860592993 581681446 340412902 860305515 119775623 31341039 392642554 759531590 132115596 645174839 663169648 
25447351 303613271 877926171 46173248 323755650 460467858 12395928 559214440 509901699 316252972 881460500 384641895 541734721 684156119 376346070 31374275 754420327 66837130 28911496 
636003971 278899778 54787841 705780669 334688949 502234434 716431161 179902566 47165160 609075583 518760693 600640091 888932277 236710706 198527292 587413464 165604911 653587767 409213656 
426451709 487050870 166579602 114631895 498072653 284317225 936726503 24209677 374629680 650300142 359976960 877150865 737591921 42430701 298824779 309810236 596614848 393773394 878846042 
694355758 548478257 12169422 325332833 528161097 264698811 655771159 839302843 75086770 945235386 306561124 112478309 857850199 927094382 136875506 693226882 511761765 553765754 394875522 
696209621 758018510 199853926 802930136 215277898 847305 40412189 629109309 891696237 101104721 491173231 503085821 784322801 13779620 98909072 608522986 648661291 380563142 545301912 
620133080 149128597 262526460 510649345 311861279 111779660 550167378 945883948 836195100 78695057 586880533 278922716 231820720 828887371 379572313 30431159 340445632 53943684 333985140 
984608718 435251123 516117480 588355713 89525003 110961911 623410761 18938589 477505220 697459324 708658718 832903854 740000560 901544759 315866879 7934295 527218155 636611233 452346154 
914293254 451497077 154338101 69882881 31840294 514555569 921384181 732866698 912528878 279408999 724526054 146580462 16495312 787122370 184307344 315030010 246942218 702434003 276563071 
263903137 594499865 646173196 524381380 171941240 33541695 683102149 8871028 804661817 638854918 627973818 125156648 398013761 694148789 24765834 492618620 803092754 920677596 490948923 
905393553 343174609 698094541 202289074 732512650 226776008 946257695 423268923 63038482 894520805 236614190 956260359 448323285 110644282 165463703 103674024 946978563 315655803 660470460 
745735830 209220560 543901315 253169734 982835629 306443510 823313104 244054686 481485229 494172465 804063490 948559218 50837688 236207298 131659872 761813814 363277785 752408557 565103699 
189363105 331345785 794830203 176305896 106459692 14218727 611498297 31460178 688549014 34928087 138667639 806385767 14668130 762307299 11458186 72536862 404850264 150962693 24850250 
992178455 455284481 406096924 412699029 209064723 193164075 345563244 576944074 33283959 518503786 865093405 635329614 895216846 717466004 412664762 418926603 913955908 17951555 797636531 
214620396 431162411 437761112 785913053 30879842 773761658 698696564 30203885 608885218 466440009 39027325 449790720 809257317 705300311 608613662 765423638 40606181 765093508 418133830 
295080850 906220520 519928407 993741736 199857852 769213421 413881465 670399034 31912512 732586240 30942518 367460023 322277548 316687148 103835141 371476253 471351541 944548355 958075894 
13500974 531282163 510432024 117078596 785202676 438511584 430366853 300387534 521508406 991058141 478908262 460935829 702870276 127985005 739638876 452812863 528602928 617871352 6931466 
4055699 872333010 164175434 848663964 54311171 393678275 435727377 366165308 527966238 911248931 661957986 516137114 489090074 561708756 489253173 909399917 100258640 514765309 287077348 
417026540 651937982 548420488 53334447 597266260 45246086 663531427 685222204 129623142 303851631 148664643 611223056 657445351 783464032 536875164 174074648 417032990 206077671 644069802 
301266210 348376153 497738168 868004524 319704420 140255592 107031078 642443940 812133363 314653728 954997164 857184216 702130765 687422169 25608806 506881620 378676688 573914865 501641624 
453293669 123466304 739193671 7973415 342518559 282729541 650879681 564801307 488163545 38550505 697933510 18521635 130802604 692672288 785495492 417864209 663264759 17060921 674658732 
15304026 937342686 797473902 993236593 535874711 757622982 779849305 622917773 143147271 751310810 14606459 125698939 582255370 762056842 357274552 473323582 37092519 63723013 271996374 
299707353 616852488 15270086 44872704 267529685 408124920 550448391 773258570 589168318 156235884 181664068 863417635 292697766 954299639 592843970 279451109 380402592 455617364 771776006 
153232202 141699142 494947296 25497947 464801011 580158004 347990557 669189968 617128163 995000459 326137648 648086328 681741827 528753263 673270884 789647784 94484124 386160009 59950501 
915339005 243028704 281504902 117599238 918466004 210084705 925869462 979841084 366048656 703165336 743031022 716322080 918581464 65907807 772581190 806267441 831411222 624096887 580460636 
471971343 864691193 670199044 209230191 273281281 126485491 4218892 652311492 6319983 103847100 776677115 703599396 41475178 774464205 412779298 921568348 169813025 610886886 240226867 
747557821 832286313 477104777 829116615 590216090 783231293 679991932 150842585 286331596 341074746 839065931 997795912 380306225 16758306 427831236 820513624 852807720 887193947 61254008 
489563953 521366807 270677101 854090561 843655263 332735462 958753160 213897655 982645072 884149121 717688828 754124730 452572378 615452250 715073214 609371372 30222513 41320676 658376426 
74880051 577923062 211798041 49299002 402881082 480832932 770346997 729348501 48641009 835374881 830607864 492339068 177669385 629997235 523987880 889666202 106370681 733748742 72615180 
733500477 930211068 42066091 154470196 555310807 159203216 882835093 850518701 294719612 983062009 61879962 826631692 880807271 732780348 980115704 467100779 42123893 414130212 652251597 
930606055 598527912 953940416 20597661 731974686 97321638 117106659 528204241 511225016 447635768 832407459 348367666 957150171 47334346 861928923 512369778 328547509 87457778 321320361 
31498915 162897398 848405218 207761136 448001470 918126675 378878964 525049047 453597982 433636612 346797863 153523272 406921218 577961031 297453468 612436594 64377871 609364955 174154264 
829580103 823888843 871114117 288900997 98291711 125809443 715058575 890412913 631815572 483061733 317927748 255697550 51368772 928945223 22760821 968938800 651100434 947364191 972285176 
765219282 7446084 778820008 29591331 151757713 512333798 250274692 41641556 37990575 250982214 423558068 53780077 657700114 656230518 546060257 380930897 147115203 875645134 43047190 
531279721 874090096 325944679 728018501 644753954 391132650 844644769 79267518 63061610 859725479 922762653 857519291 34859323 968248896 272585924 53649366 783812617 331468532 771271742 
150792081 959516498 266803748 559575420 789845454 40423702 946131669 622569647 334324052 502485852 292786225 230591310 311820368 55588522 67631109 567178901 410421969 220671117 361556294 
438364672 663842122 604732951 187348613 169121235 12708628 909681244 453177470 802453910 905851114 467035380 149864591 747836049 613906283 590650493 272978744 617519700 393590172 84832534 
974443168 143545650 291431267 13087460 459665680 61075649 61885452 548356241 997983093 367719004 304214217 641596872 571747298 327693730 33946410 508942778 228955148 221051636 931643305 
495183260 295811021 542180858 510578721 608074534 481476514 796478494 534388305 723940118 654207788 41038607 75771486 390458283 140676019 244604736 58808653 374415147 918163102 654316135 
503226254 585615966 739678204 350362110 646253421 819045136 889597183 397397445 372646815 21094034 651161211 224927294 227470778 521422906 36922218 47559472 572752060 51374046 590140269 
734698021 417736580 539277405 472985921 56984812 140448596 397307415 527406414 340629528 586423894 363908464 328288285 687131006 690069012 354029905 897113308 601214651 62998013 201580966 
646142940 70720426 105093607 74406368 583531795 937947379 418771080 34217846 525857434 411171449 188548604 325748829 276677424 917011943 232398402 827445651 402601142 281581867 354891711 
157869465 458966706 383422714 592956857 369472243 34258124 446738248 985246429 577114794 465615187 669299153 938855354 921878219 782919609 79546516 340644164 763287782 766424850 432710738 
266175314 763756688 380544154 41227540 64709408 275773921 952440364 87079074 483872205 768336887 579355852 867907853 24882909 261455729 944092957 861641510 105628345 242222325 843533291 
757341444 216426795 367758250 51369123 640656514 826476515 281018302 630996950 73678269 578059509 26192097 329536442 540092828 140910936 682082505 601389225 30473281 371088232 356358572 
270767008 746933144 66928996 78894281 602632385 358444496 838618097 760391904 307117521 653281244 837851286 370161844 879105211 832515058 969358397 449509776 797251083 64374797 38348215 
411740608 58233716 709502059 852987962 29513491 13126219 406565391 950994394 445576544 653536777 934537536 740684308 485852413 716718796 566622216 560677960 86559049 608765911 55509173 
105521720 96603940 630583822 246966365 744893070 604373874 948434555 422688083 998066004 10721691 88155340 100138418 195530874 762479119 543183314 487613914 664256084 783691963 20664835 
789163757 920169497 173765525 539182073 624842066 269609573 45586709 19131120 974208819 859988407 508274360 197237069 422640383 738460916 469966719 238791442 668175848 466359267 259119727 
248221803 888951397 740814255 622192911 140765220 297133746 687797096 244878829 879864368 290794315 47479426 386679577 18637348 834359669 956518228 523063464 797243833 730888630 738346906 
27456307 436573006 713613911 396485875 524063317 578090083 765568489 894109540 322275120 140541983 258148797 105033684 259191529 659702219 907959402 99013262 549561640 487393109 741270604 
65976770 454824601 399379406 540696063 648902660 769907565 210514413 225446632 357460683 539320794 356044425 197808044 169331955 886567062 922649379 139190966 212457787 924512608 276998234 
625117878 339672264 779760504 807651444 42364189 300554657 992559650 305899996 767028386 584735025 440912679 123562398 981702592 714542792 303895891 43329005 48146229 356723226 106727160 
262879390 256412804 31046078 878885993 828342698 655069300 343014832 393621121 665698736 142213519 813337040 889645338 504005744 154333861 452917345 284152214 27630417 509380934 81898634 
162921817 69707740 216620107 27403479 482777164 729003584 30696014 186146235 314301276 216491980 308473901 817185796 328700665 379071863 610617227 348534638 587609496 68719195 49591630 
355474706 77466161 540251701 3457059 20185584 136339137 858626023 43181814 2837868 37179080 419844087 537325434 88769488 305633742 70703885 617759911 786372804 325028311 225531001 
658531638 865194457 471362035 786628779 132571687 992262403 682855600 225707961 434466108 70459161 321839780 763674588 858093436 913550936 930062568 883951603 614129584 485887197 67630998 
403419647 444739817 140807982 401659988 845544869 614789368 423885490 198134977 42443439 647167733 842061876 154295561 292907915 803701177 304371300 223479384 11165642 17458787 380648534 
953270621 6225571 485027543 641788929 201136335 767756654 104714299 39548098 185290724 423845417 181166456 31503830 173807835 885252598 975296959 860524771 582703988 702806939 693477121 
653077616 228363123 406560257 592094325 557237864 694062881 2089652 15423766 888084124 629781963 979088490 695019043 91767101 387006017 460818805 982547869 823056742 881945943 620015183 
417200332 587723664 982529128 571285527 669583035 236177436 935258062 293009166 714091191 243099085 20415851 2089240 188435156 879227979 247401251 821177410 203034216 907118241 59006302 
806412600 527060109 169016767 64961932 874016202 665815716 698186489 915591323 719314799 536513229 985490054 336246143 322481601 740649584 580447747 555658161 53318910 286380215 70242028 
919521711 373555334 351186193 203219242 914735992 62588256 125011377 668134785 643285265 483093685 841078284 182549533 893633796 854085202 814021983 531576591 661791452 637451050 812793127 
88005833 712312235 448165842 441010087 963429027 294258308 414107396 557080166 724494169 970412801 281330717 996540590 886314379 380429245 189549982 39660045 46667323 633684699 47513517 
991961304 122614612 193323646 199704215 109106339 432359966 389841743 675729733 962251979 602123723 794995450 674237386 483632876 981277165 635022001 924518877 379299179 54326524 875509159 
897087830 959139310 115909333 534284182 57832627 8787933 732014389 108501819 414150039 469412588 388028482 303493332 126691142 593472905 955949315 359261353 241549609 441918317 22926307 
269424000 340513104 520936465 617680179 449895207 852233963 636842292 192390565 6278381 741248208 571561306 239940818 588896297 162759673 355070536 535274420 239363763 567717379 135387018 
37179180 357602662 109850544 719878381 684046973 513407652 461640549 492010757 49795535 992148690 342283180 516266920 776649901 719042775 454522291 649727089 278347912 148666529 502477772 
620135742 441398066 531085728 101758956 701155507 817823075 627688265 360867372 911197365 4926775 540659093 764524362 883507439 917870766 844576640 25436968 407182672 626495532 242109834 
374971212 639279243 191176950 332505145 772412767 619435670 137160635 314698389 13215151 897810220 894857992 950372522 566503853 318180427 690173394 609287689 820085359 988262582 548407793 
574590024 956522287 37584499 305382047 282614142 910366666 921441615 658296573 749446856 70686530 758243670 519466126 78911174 875419196 450193755 409201082 378962974 191948163 501820790 
77822029 316762104 696387715 277321088 19730421 156029057 375414735 152563609 437510343 24897384 952181659 42499747 876795323 549095524 878112322 747804869 532686635 994109357 806033090 
603641321 300711256 862799998 71572283 315477565 130097894 76268441 287349620 950266038 269633371 445685186 20538197 450771336 38719906 375008834 425821551 484995247 37569167 972117350 
870745456 7854186 792799057 21496573 164598447 231498683 563485697 133942495 664588966 602918120 319938076 445814114 789199730 821347325 350547712 364691938 88899157 305769799 836290161 
823460161 693240373 480636890 949064983 383820388 839183898 216716301 768481022 676166323 881312691 532967929 648443412 699653274 309856722 305639421 181091502 383163914 808191724 164909373 
55171075 522366712 318081946 619975710 910666416 166608861 660557083 855302347 776318771 45742133 795791311 345311155 257731185 225459456 417489341 66818057 939650608 581306180 997401870 
86971971 784509852 869911177 60074639 45857435 17257925 397667164 708025396 930520978 785486880 507921868 402126736 62912617 33441027 223265776 377575518 281028518 864194601 74646623 
757846779 522972564 11471154 159682742 181133033 587212482 846062117 20751381 468767054 197433987 344108517 889258403 153347955 885741932 986428095 69196550 489185605 32451545 838946020 
588334828 322579415 156602474 32825573 104318853 223452125 682543743 22240830 429973765 845101107 678691008 350343622 625098791 881726548 178842519 21039166 423424165 67320547 647697331 
220938445 35333057 245245991 824287366 875818870 621905599 725046407 752793288 738791334 71248233 316821266 41805554 355698350 183268490 95119353 16001988 953456192 566931571 14314258 
96598208 854122229 725097337 112224855 221239468 75887304 662343797 296196198 714185748 236713880 16956738 364229375 679811014 833968553 11233603 755662216 288518996 490049059 704138202 
298666892 512362389 18605457 64549617 73571127 310922532 339668581 778353014 430391260 930241248 51472239 606064088 825334896 135787626 752796265 154486923 328429068 1222827 210646637 
641520265 949429871 335904843 778003068 804674510 897767034 299842619 304906234 844250 324315314 689349676 900212013 450119220 218524609 451765525 111286210 545993954 902409461 313425841 
29503302 211491569 122512063 636503806 508184498 542485747 402073398 22146751 626377688 448298364 958988946 574433788 387686391 480813988 33408432 10869116 2823212 892858760 654996629 
734579282 11486975 366983881 35504355 367920206 61575123 784706315 218174566 321366151 71158134 855125111 188197771 135290840 48149653 78601786 650002403 630053215 748677705 160275204 
21742243 286251263 846028421 652251018 932292391 886035935 776827557 635298053 343620971 940648681 874518506 73819055 309107857 526535500 794755576 314859853 134585694 349807866 761227605 
23916448 568288444 408546091 260988398 566122227 147619385 399314649 632531346 364939410 806979206 795523906 808600180 854009164 198141434 300999784 172314029 349082615 787290893 417981844 
12825015 24946667 296654045 23605198 903690484 522377095 71933355 902465640 811320357 358253224 783045984 49862513 954436852 15321396 4176897 463668802 582154346 939389334 312953919 
117861876 560036217 519069495 9705 480728551 186680180 260217098 287361144 747995708 50203793 732061698 526048643 262885980 186556526 27612568 691606344 533426031 58917512 34386507 
390137640 404949734 902127815 549620761 229720107 493563122 207132142 73149703 717404536 774148874 399277099 550992286 753499358 987405929 67587980 526182251 17878350 644076174 67903622 
847184766 954294623 773743546 314037874 310085868 687549897 976508278 83804681 561481549 792346602 366586122 766623723 935631166 552806469 260807686 297462557 404531936 557118717 22148797 
769548165 199512152 520666206 16640709 687475824 661269581 3225428 946536825 776345357 908551789 418147315 633281143 798280943 251507176 254830574 61504035 261203599 276456435 200182559 
430270498 872602056 85170759 399663621 875814367 588889 795472287 83857473 86197513 912078439 50842685 89606936 734774803 60065016 706881638 682714101 625878707 811371641 920061666 
52454116 618051683 4062008 577757565 993145111 333108963 492403692 941502857 3003237 979007157 799815721 213812825 676607174 253608864 38529771 588852167 924844249 804867886 338199316 
941416623 193400414 34262830 902616549 925146481 909662652 972647474 328982920 372599411 937168764 204906514 672407431 440223389 659924683 87958631 370009938 55909852 166908 165048593 
721084604 553635744 402283268 63785649 153552510 241780061 46967292 465428785 972634291 380115213 21324708 508231223 674324314 16599980 480850395 794936245 36183256 85134267 267909159 
687503964 68358260 658377663 480894515 114749476 708815064 20801726 745695819 54650565 190187158 402170057 528362465 13668930 446230177 482548077 45446668 530851673 304303312 18396734 
771205636 547715604 86754911 450953050 174100904 877079611 440556653 422270936 8767992 373844959 764452479 192103515 246791579 368001489 454782203 341623176 121253722 105803816 822102958 
695642759 915756195 377512127 163038279 66695043 834928647 300622772 240376026 512220208 209640380 142540267 549422686 510537280 930427932 519341961 771905327 182664173 110285348 118479481 
679183756 801598066 524117494 534663402 707112474 224736402 244482391 41407438 55841375 884015376 128754226 465385822 376826697 193562933 165596435 832222098 525454245 955797325 787789741 
910511785 139104935 963552554 561414996 117276582 723316328 453591711 988088195 936100560 513666659 567241734 167488600 197413425 821929464 334538939 15684883 356793368 168255210 772278687 
195975835 45318551 895343584 64683925 237114873 943957255 348072679 773243401 175045339 355483775 977537006 596952420 791659026 117406816 715050825 546750873 230499349 138354124 123371567 
965331100 946348923 743056682 555601724 985984229 146499461 394525860 837339376 885520370 230401681 530167464 64291884 813510850 573055144 331570283 618128573 192557658 716876274 755125345 
100527562 12407362 15025467 643967175 682599524 49157897 714460793 28857880 930021887 656457407 32683324 426019228 731444978 554718583 270387012 496003030 530775289 283401163 384895721 
527381264 157039027 560758102 230861232 134121947 472920357 937711419 237071037 466007432 325191734 271535772 227884378 722995374 609277745 18708260 65196917 709840296 414387270 681937278 
960908319 839992597 282877449 2910684 20377101 663598166 771214833 414989937 36041244 213779476 608942810 63739382 683531718 950431415 897090436 150904362 690253230 932429552 314030353 
123497034 733483034 324902447 656269707 614091165 114487154 61207342 165169756 668380651 621186246 102256740 409987796 559620609 325151302 514454163 956716711 56184877 933873095 73027386 
77054060 128817353 782263109 452178724 423201823 18823337 306276187 407433432 341668256 983498667 671138253 930586406 889958194 33953584 923674623 396912545 640273404 73062555 110272379 
667641119 817162892 668631 66132079 56398394 369404751 128820689 285644845 471975891 302817050 373800695 980087721 258657162 93833636 889502143 363698686 156298823 143406089 830152993 
127626985 326580916 606768969 627836699 846705996 818656192 894232262 721537836 205687213 633742109 916873930 957411545 485846196 682129347 855972607 660014636 616750513 968668267 529725685 
448666160 710346004 597290517 504343200 429409142 823848691 593418883 655926488 132232851 393074055 955608764 476296663 193031328 485227439 525405577 50374589 411523513 279517035 749684219 
630846223 628011902 662064226 450372067 515047732 123488149 974829150 928810073 183172855 912122406 731513803 5773365 590921480 967591005 930226235 238112410 61811834 6957803 668561124 
685141350 62541127 123987078 872420640 721530307 517952713 709949541 106091757 284617369 788481599 51403973 716568427 339926809 940812108 879607143 617072480 872281396 74531450 31281679 
774020023 621323297 310737331 331203846 479785469 709877467 790079688 597141912 813144291 352850592 931895275 274563735 180775615 754038132 68976180 447502551 193304586 9823388 975148063 
151642544 401637859 495424291 105297420 874952063 146580619 816171097 56235709 991827493 5771751 240578127 771719645 531907975 690846721 583807068 66301556 177728524 467554183 172157338 
827302259 933269282 763878987 289317738 692363310 168990649 637671873 483402732 199176924 148498630 505240964 986778760 944027418 46925249 98912721 438569064 116818534 451594536 316550667 
720866043 739087524 18885369 373752629 654515828 25090715 939562813 995784315 29868616 962003065 101405816 763986858 13719988 939512907 887618106 650289075 7678516 377108614 11138960 
632058668 93514254 211953281 957131155 199730382 986996422 57590009 314048985 609235960 7113637 254768779 108805375 289039147 207253567 298693693 471050533 582300300 455333603 84813814 
31652977 348809830 857387815 751768322 288897931 901526949 320540776 826846351 982265888 877153371 776638530 558634034 432172895 367341119 341408026 478565474 845541503 352644393 29316246 
633140476 334377783 659654551 402693663 487595454 637269572 737202987 40599909 574245068 479788519 29456171 668412124 516850990 343566948 94140160 132455481 947636559 389979780 949308600 
641806070 726291839 128857620 238556036 560004818 198911602 905710692 583877178 373457489 833288128 470045385 429192659 816949048 156227171 26064667 587877358 595624211 247055164 143170103 
723668300 147654575 796091790 558880383 797730899 708765088 350211457 652711509 41024394 826791612 377308832 591346339 439676963 65181341 337918556 997085526 213050477 777379620 944120455 
66558943 411264605 946894578 573574105 25732528 431439374 147574765 944187503 917957317 194562110 864794048 575435335 490933785 921592013 371067994 731438533 760750124 137747778 528096878 
224468017 273347972 233379654 6421490 552824374 542674217 515540775 60811424 972457572 350979879 668495446 239753849 682523568 383068944 589828585 134285373 607538159 17989238 898336026 
724371444 482602590 780757878 891192262 29556071 904361501 860583721 393534702 788453544 684410032 600967217 132017466 615031942 242437245 130235698 631449969 642999578 301851472 430723925 
709343491 941098557 182592729 860265670 935862399 442423823 62088492 565446455 249297949 840279922 232567617 566342236 758368821 418826381 15002483 69572205 331007430 365254985 128670209 
968964775 886460656 17757654 422210959 132021195 178614138 921372969 45513124 611410589 356536653 876358516 62687534 978946663 16477431 32280756 352731387 362747764 883075625 196249384 
41177661 934591893 129866809 63800786 356777231 330749599 550358177 860343032 248095467 850102506 857469 842205862 901212464 71630291 389155858 133082409 248900514 18589755 212499266 
862002581 583630569 494213895 216002073 456960065 810550033 226520991 116738627 641526086 109233672 454376559 914881171 996592387 118650403 200711017 435071357 709465243 277554330 428949632 
276466589 994052214 278157320 356196397 548846126 665653948 44838635 880125422 648584596 977143773 7213609 86702787 705619923 388723468 575534986 166648752 480386837 745895103 836285495 
46170173 5650472 170406193 762830658 46731513 899137789 580505312 481084445 832220659 831396650 849937680 903079201 443647295 475678313 302004805 811765256 653588855 391559959 726807245 
61470322 653547575 727307446 480071476 848491622 78323872 519130220 65559244 48381639 553507286 883344257 419785264 41271266 398129538 289234405 852478391 939915240 735763025 166882471 
443350016 551841643 465584755 448538751 168577134 456964580 494402077 76315717 950557096 945162285 49803783 328064888 306408472 919587592 107018734 224739513 405539948 618947990 45942546 
124944461 691627545 715616224 969050811 621705886 839688660 13044049 84859053 38478521 89281559 877411130 359243191 733424850 469728162 366472014 495412778 26790076 34803702 921067043 
163787865 691072114 274178012 311282103 610510621 695905937 295731165 54458344 567980116 350990555 906627271 620919034 352410461 531798710 834528815 532506133 190620574 502801323 682390761 
426619845 291232511 706751975 114340241 275453049 513187948 856092861 7419654 497576708 705685078 843297570 979193065 519097631 645138739 174593583 439256611 153785828 643462650 222228387 
50884443 580257877 679633063 705475678 525880709 621609427 202803901 64058087 370568271 138656935 753703359 797236712 235109553 872981117 667090358 442197677 476742502 444772068 109143983 
402745256 14899052 980771279 343560249 417193711 227225734 159072791 447385067 139606204 927811003 105639926 66714588 318319085 236747734 855000973 695676969 350755458 490054628 925111136 
111002227 804134945 862046649 710627029 361898591 164890773 322015851 104364217 325287444 849179723 188787412 11761083 742963392 851837139 913622549 241074926 266760467 25559909 607988750 
212252747 763828162 588174170 684972007 336698156 409146885 785032367 360425098 847167699 333055002 35582596 415438118 224919777 129429440 2783651 113315757 740472799 476951228 25576178 
156749655 706484665 64837975 923123201 946981150 287052862 252614879 997583743 440773695 461717921 796120610 408754115 194146495 512977659 103365623 985539911 266466788 479959751 515269044 
886204201 164016312 63946595 919241144 743377833 455109258 972643734 847331298 816092846 760483692 331043590 949911576 960162880 563416246 433367229 919686338 196406031 689880961 970847661 
233950541 170890987 91648812 67653929 641911976 696472394 816541659 358602088 733040586 260025797 764877044 705376773 840088618 422623387 1940384 394907266 23629381 152761645 225193296 
787905728 169680923 494784128 607836725 121912200 21299123 244425663 755688390 797051142 618583443 885678774 40316734 152585545 672324424 387232343 824624156 168273093 125034980 555199801 
547871393 657273552 87976059 24390676 588544597 645850152 228115109 805675078 765470851 424425836 47468288 471957073 952673976 50360733 833273259 47528027 143999304 215895207 763455179 
757844141 483896777 625237459 346403081 375835700 158071190 753593937 17893393 977546499 913705037 262401973 103179031 188406991 145203794 706444917 435247947 280698738 830018378 471299183 
208196199 762406249 661543072 45583202 707635497 226604630 106192899 448171888 743048656 21736317 394483174 178790819 343059106 623376971 35390462 356158052 826694758 883527372 592134088 
863378437 177035499 735983152 243689729 385656121 897211775 336353615 902559788 340390807 283753848 494225185 971349264 888432155 698484911 630427460 581430583 837488548 110412288 626879611 
61842031 364505463 488285644 125878057 774170957 113448378 758775927 648452058 234405798 965095930 98604266 867389883 354870036 182073766 824644369 67288349 309677943 36829329 143629918 
128768502 355650929 5836147 826795077 666968672 33132776 993393770 6636222 210560280 879585160 621269363 120159942 198389760 209385279 564744945 121440990 60050076 161057983 659473454 
251092362 29933721 294451712 742799316 34920402 396622915 69076155 20410995 796801990 986870026 996402416 325344510 310850291 305878534 872272736 384337742 573301999 264269935 492120083 
419150494 198319570 914124323 299731156 976002062 990577850 151244837 928327601 279306016 231858758 530998553 117608828 845875262 818542363 648860617 41421899 664452914 595747427 77215138 
894469628 78393772 615716937 678183224 577901226 749897151 109078654 72910013 63732537 1662051 716510392 361902222 446225361 409396214 654866221 394424743 270160474 796555957 291191068 
84892714 685718788 349102403 871831876 89613789 595527874 238550314 701612651 628355240 609947594 94612308 583610841 53994778 232720407 593109649 266743258 82894053 12583399 272492053 
932891712 19225949 71235133 537544695 839125214 425075198 375645536 597064627 220752910 62879460 608339290 588298408 423117100 135570256 708378746 4484251 483319065 742843433 11486162 
13991474 825226425 775779960 903208378 8462202 109708149 706490859 317287500 190885986 271991226 679457619 795745254 539341118 418851704 348100390 804566443 442254661 62428834 455951358 
299253250 78267667 424827318 793953560 594944788 319807784 29590059 976565462 612563794 86430822 192387844 815052606 238212078 811804311 503513925 287900792 59248477 844365541 971265144 
182879060 697226204 182453856 616847656 188347329 664472039 512383612 37000037 877209943 260991683 548310928 963859271 993449422 772808437 633520984 111500643 777839493 47574217 496451444 
438051160 596697084 551286477 898968550 588382277 241268314 917113427 587354520 661398352 47741416 51543537 356183252 133751328 87556244 384802821 267915210 749713764 87952752 40383787 
764122382 418664778 660687664 271255237 153199127 668111880 965924527 741474684 285227457 809653335 889002346 394322872 13065932 291668979 742798339 140835881 61916762 650050077 567081151 
850753602 55646836 613075481 99218953 940819129 55987335 468068783 489689325 2945545 684226528 655943598 246230942 955565809 256463924 39154276 438825969 57391857 164968474 829976104 
912328159 760979156 813837198 289987537 391441927 379013409 448760432 917917500 477528106 607966376 26785539 966538698 653710765 527691516 166812783 209661152 402511898 556611315 918995263 
13461605 921623455 711273256 57780707 857712967 69650828 610314361 635685679 527975414 415062746 149977225 954813658 495171302 834855584 850194495 241753088 81318162 159557789 356097605 
698437025 959965300 474076081 495225226 560845088 516661390 973038690 973471680 713142980 912867557 78921563 184447967 162246202 567155584 378783720 985230496 773017874 266568557 273353340 
38568706 863694141 284971837 255948588 995651786 209591190 320078723 198618162 491073275 349425238 101863768 531058794 143107170 193688478 671577306 868711896 31220748 894380016 963471273 
386284576 529267662 648214710 426294120 11373323 648467133 908408506 168329282 541064458 910727091 382589101 478526306 414867884 509099984 439250337 92433786 164855846 54760693 447979406 
424323389 79520211 776328267 233031120 806730213 232926384 94461114 52299686 843307438 187141600 753134963 794627766 211810393 439104550 220558439 611633540 211685802 243915374 88534221 
374554111 614274026 403857988 36982176 197192692 405100134 286522971 61016093 471777176 271163374 882175240 768808523 430543874 390511958 18236100 114137452 599279022 42117111 676611247 
27658380 553211132 655244337 713184007 893054715 565680303 294879 68215731 535968457 706150511 120125674 736627904 402529103 609642311 19567543 573251287 597389223 990672423 568498615 
293064651 961398063 460035683 605239255 463762707 673572363 528544819 338171149 864177735 670922656 544280881 184121554 589062053 297183513 817719006 897974689 972545167 67170788 50239772 
154823549 592683531 353558582 497694902 539584104 610877762 804124548 978130388 30571756 44767745 69050120 852501127 954043031 302417211 100147267 439706947 341688951 723685253 64763252 
576224095 923780515 161530777 854861861 774810520 303679921 307954900 720600991 201951372 751587136 27818424 349650801 399680319 417458288 26576490 161953262 88984984 247402341 674027316 
45406890 307850469 833817800 498170628 458996997 556620883 11955780 719326700 46236311 983261047 338300174 791671712 546764233 944743625 119317590 59875834 684926014 387012643 780367831 
707885947 578489696 822003014 8325708 699578816 509403360 533924437 765158393 913696785 986631471 119691864 705390879 122908119 334716420 110776250 82690185 928917791 469101275 339922635 
722225665 337910044 457938288 54425662 915940570 334174371 418666568 394832814 728712808 871737518 716809512 87562770 458662019 54348505 762254235 37546059 843077641 976776169 624041841 
681599391 713427801 43310655 95090491 692533811 690759896 838624362 575265488 288317843 35804528 869419923 109775307 976282928 612360972 636655117 909427210 146662108 784881437 628471247 
362139185 371297103 723976472 678156017 969384997 46380198 867442934 69220914 552473489 811826399 53386674 458760050 309789796 609909854 314756047 881999928 660194641 299665515 591610832 
944265773 978840142 205063601 342902973 388778398 3947285 555174593 665927333 409744382 136130982 448369293 265892118 267305571 597330116 708574957 761620903 18148355 924670579 970173214 
851089006 242864321 840519296 655511102 812318858 355640219 793499897 622882257 158388891 370058552 24905904 117612607 259026757 173420128 222127550 836230995 116905905 93145730 237559802 
924248766 331358732 61891120 707120517 382876306 216793094 527857055 807631169 703988167 961041747 814769960 601538901 881377466 864771629 300570057 907003306 535422889 915727825 266864549 
617588337 487786808 296750334 53044351 62050971 786013423 80879737 944177220 739927648 472568249 81330059 51688830 359733689 172945511 667718273 534695906 359513830 61328938 958452011 
2901699 139415785 191975198 905009502 612272027 555717128 486701242 826611058 579915914 569489999 956929120 541881029 328702670 10728970 508748243 245475382 713200976 412939344 260135355 
982125739 842706711 135185780 89292836 422837643 870494675 456477074 148850428 49763653 85453907 588640009 903413913 127365575 45182222 423559418 617439792 713050887 411028639 806110670 
31463006 118004094 881723458 182431149 814931876 481365160 140667992 510071047 452938467 56922501 901418728 953876239 253325796 129476891 139516444 842734651 124702163 791170802 471279295 
76845254 15243710 610234262 729540294 205293358 25675033 191819545 94658500 806533814 740914751 43270030 749925748 834672101 71474407 804620176 469894195 637067526 614732980 988043449 
912771971 347734182 624416679 320435754 477227145 25936920 868335785 595241738 715776144 465519604 480239110 299249919 533904260 380653716 545936364 723822262 724184696 704901270 919817968 
935859809 581326369 971632477 933627530 936250420 557384024 660372368 776621973 120372455 218925980 140400025 324943568 704920632 96946061 138219046 790453087 14664550 986118514 802215084 
597385546 619906998 694510004 364565983 520459261 744333554 53794657 916892220 904175814 375914469 12808874 898258048 626692443 532903136 22497126 65327149 31739472 55428663 372354957 
838840332 857092518 130897606 466494909 657378470 450963768 959601765 52539319 34538185 181397835 802662008 215668964 550044170 616902408 54654049 883113161 290335549 146772728 165633035 
710746519 697925374 790096781 88621153 921084573 133176364 717176729 914380757 769026771 992169576 327305429 439534298 196968274 315272347 407275100 217526890 15079893 394970989 961339181 
395157121 152474435 726755279 711873708 589368480 785210909 295034226 492815649 361096778 478384398 530144589 871284280 360341386 426541412 346517531 440655744 921103724 322268561 441872602 
153111788 253643904 340015017 751082317 807481685 824022874 570109927 719137403 133943541 298544405 49606440 244483887 213953518 339158987 759578990 220366454 538554561 39592733 482254943 
525678628 327876311 316609202 287784388 834389327 447887612 441378992 880975370 24207056 629663711 174246981 692994756 98286539 580807827 482222113 12641575 99264541 694190865 179181817 
420200588 995599087 206951604 828924933 597290226 560336171 324868795 508419459 324028794 279209984 502386890 53040946 852391657 120103776 761722729 309227224 581755433 416676995 388654724 
58520764 71229127 127298658 520400874 56386091 827445624 60859965 962073038 847273977 527166093 330540566 895547721 235166966 286191746 626642740 259265750 653210749 846568052 86317729 
725808852 82994409 55933606 58021291 907429896 371676701 756873467 640675943 823331352 190001148 20274559 101145641 595028497 472170735 524446431 968325646 886711009 863237218 56592620 
751114610 795832286 58939719 15073051 54560378 708906814 37730449 170180360 704850060 460805276 226507706 598228719 250622161 311446394 927212350 628417586 20273338 447179193 972492062 
667581910 965357688 78664227 346934110 23121668 175177090 431498977 258329223 388737421 947104019 891874309 659032102 395876448 980008618 117635586 585636171 63838738 565279368 44204078 
243351818 611150686 712271925 444503879 540677886 189882786 870748412 661087212 73678273 30332254 545634922 499468575 297347445 519412921 509129939 777890506 631109182 97392124 389134797 
873349174 677433030 194789908 149707443 235927189 964354744 102526740 95256355 573760378 63860037 29717169 472216449 119850844 971492258 537425093 667748209 380313622 977150856 496028109 
153664609 669404010 460396978 8641898 100991997 831502713 546052194 784346340 297438905 339488589 356754909 740217250 32123465 211360080 305515243 11738035 272642093 229567953 690686296 
118111305 129041439 52404102 961995382 577404984 71115426 996614149 731180440 487987835 53329792 974942794 380370584 780631728 64386112 841862452 193748050 699616151 987037362 673631752 
160499494 323536279 818941800 15383275 448696186 535945529 775596090 494425453 402914358 445701547 328141505 572996858 360235335 847441726 429143773 199844199 916473372 836696552 966293808 
822773098 715586604 464935874 37063071 250728737 279086446 844384139 957331929 73299083 64285407 628961060 672379849 866834954 266855168 682671635 951666722 218818792 221227093 828892160 
985844956 13391823 619438056 492105530 939166640 429363023 33820610 10893107 880197789 53419098 248227193 474076927 383199335 506376908 507382942 9009113 948248339 63684572 591615307 
26717086 502550125 18287789 325806747 8509264 383937666 641396929 380623152 722906518 110496294 205165696 599139759 278903095 337801584 817152949 67973951 757069730 44110905 572608528 
7158286 160695144 830016160 34702243 888720845 766725823 77177224 418587498 226227247 45018624 884799768 357204413 699255662 49410603 128234299 418947293 695124165 358667103 811610654 
838329708 554292983 916188002 394716853 538663156 896728263 230326303 192491318 122813535 545846141 236019234 413386140 165882493 492029288 90997534 163266085 179374722 13061205 307452008 
268441044 393745029 528402462 38239609 326881520 990779906 520193303 402825839 725690755 933461080 352326302 968553101 36589019 687950668 303335827 123670199 145403662 248287620 964977373 
416815095 300408686 54764812 92102114 608782843 60915992 58558933 861435663 206546324 375211116 137192499 399994454 373435192 640317066 803076955 459791787 141665665 367140825 985025514 
509566854 812221356 501789317 381037152 88032612 288310299 669763836 33027487 754048582 964783827 388134001 49207664 118213937 35135487 948837209 824811776 504098732 870851179 456878064 
261134684 26858565 375233034 276711093 941982713 449397004 631225969 339211498 407116078 676710934 818881881 487595797 48405174 585562108 541596961 347869058 340915764 155975257 601757513 
943254719 24836007 348160592 153199352 537757726 891390970 355037443 966489975 814496822 413438839 894690845 554536628 839932770 700236878 658055753 3559359 289353281 20618514 943493561 
210487634 122192436 650864445 225043104 998243393 707151843 271862184 129444792 465352206 618348985 781576980 273031868 434666328 397787747 657073316 211870447 308347493 546110293 419742815 
989578132 260095392 184671045 257220530 913653364 802813461 683769006 463549932 592897627 880375287 297772111 403481281 55700891 925254427 209538985 294822088 834878600 144861562 507761540 
441080830 133273594 921163187 56986218 61002816 693000142 996982662 260150058 10883028 934456677 291447898 901717847 809033185 799308323 870896057 957305287 257468658 747681265 74219471 
74296597 324950391 353461692 415693806 723489311 742049860 791159284 831513356 284544648 784023824 478293262 408415299 982039350 650417399 53844481 636076880 92039894 295156985 58950350 
814478101 146663507 953465 420892401 574349336 482674019 551383998 172100080 921916162 198457595 852611702 46516693 585437984 708152789 521394734 632234 549392613 377463025 996507867 
249609219 669458534 567390225 878936916 885475698 180339676 538261563 532936661 656658193 23201317 540943419 915828862 772196603 23422277 210307871 931409362 334197971 18271454 851410617 
823320888 32876604 146841787 879815201 870285182 70530910 795170634 523829296 753017681 903867240 612475932 754924037 665714630 362449160 642626152 741434756 950887124 28436213 536506246 
269075410 258459607 475731046 804382068 684439515 817691151 402100120 370746708 67405005 421938975 726797387 168870380 885824666 116933007 769575493 963664421 67436153 748753738 469531598 
772518796 144221541 183066656 53689395 472900820 666764956 858896453 376837700 417534034 28614689 834116304 711039702 942091903 730175292 533727293 427558721 322398330 340059893 506176748 
276200418 919077508 944742045 924117920 40551066 961107586 897092 682553345 85828941 958586494 732974915 389558554 356406373 49860390 729013940 659094492 44358989 535282252 534573045 
1236376 76755190 197587300 33247530 899819145 905394773 325517321 866724791 454917192 967214306 450090617 935932618 25427029 111309595 194087956 311058895 57699990 475301119 719348193 
295848697 13993935 517090964 402148616 18085311 230931503 454671969 843878745 753552734 270574019 861098996 667610052 242949969 275800832 856843870 723078367 128297436 982368574 194140850 
299475812 160709253 728672055 939174538 451327663 142204056 727993228 161192578 479564100 466884515 274195264 472907962 452328263 111853049 135128123 840702808 101680387 667863855 174315464 
950990596 539402596 303846049 865189143 878699882 200790140 213482990 107674556 353534908 49961474 995367800 379184687 844321070 866031566 778517733 451234890 798545272 126931038 460711329 
661462478 142825303 301244757 30263641 267132126 85795596 631929335 474356354 838180994 370925787 327820717 50424015 658007845 421362573 279438983 2756543 532379928 82417391 76554165 
330741006 606149389 37000784 67735564 707123007 73814171 291091208 416685193 54651928 329281217 463479532 888187590 635277092 255802972 309874394 869141382 1523763 340602544 977017139 
119371054 798372310 3053541 32584796 814157384 835430372 509676935 126191932 669976578 11789815 45957380 68267457 699582638 18066927 196408369 538471260 753411649 20663919 210992070 
801527168 27308244 155435356 532664797 389115942 388468005 22076001 553236599 379250252 708992791 223348078 261843959 53268592 460244013 37295411 416834981 213650203 757521939 315466154 
167718444 788995410 706604310 727250570 716718109 821505826 864058023 7344596 63240809 257789981 926225372 229913163 851518187 884461014 236819439 562918899 694417629 493640295 39157437 
