9 10 9 1
1 1 1 1 1 1 1 1 1 
1 1 1 1 1 1 1 1 1 
1 1 1 1 1 1 0 1 1 
1 0 1 1 1 1 0 1 1 
1 1 0 1 1 1 1 1 1 
1 1 1 1 1 1 1 1 1 
1 1 0 1 1 1 0 1 0 
0 1 1 1 1 1 1 1 1 
1 1 1 0 0 1 1 1 1 
1 1 0 1 1 0 1 0 1 
1 0 1 1 0 1 1 1 0 
0 1 1 1 1 1 1 0 1 
0 1 1 1 1 1 1 0 1 
1 0 1 1 1 1 1 0 1 
1 1 1 1 1 1 1 1 1 
1 0 1 1 1 1 1 1 1 
1 1 0 1 1 1 1 0 0 
1 1 1 1 1 1 1 1 1 
1 0 1 1 1 0 1 0 1 
1 1 0 1 1 0 0 1 1 
1 1 1 1 1 1 0 0 1 
1 1 1 1 1 1 1 1 1 
1 1 1 1 0 1 1 1 1 
1 1 1 1 1 1 1 1 1 
1 1 1 0 0 1 1 0 1 
0 0 1 1 0 1 1 1 1 
1 1 1 1 1 1 1 1 0 
1 1 1 0 1 1 0 0 1 
1 1 1 1 0 1 1 0 1 
1 1 0 1 1 0 1 1 1 
0 0 1 1 1 1 1 0 0 
0 1 1 0 1 1 1 1 1 
0 0 0 1 1 1 1 1 1 
1 1 1 1 0 0 1 1 1 
1 0 1 1 1 1 1 1 0 
1 0 1 1 1 1 1 1 1 
1 1 1 1 0 1 1 1 1 
1 1 1 1 1 1 0 0 1 
0 1 1 1 0 1 1 1 1 
1 1 1 1 1 1 1 1 1 
0 1 1 1 1 0 1 1 1 
1 1 1 1 1 1 1 1 1 
0 1 1 1 0 1 1 1 1 
1 1 1 0 1 0 1 1 1 
1 1 1 1 1 0 1 1 0 
1 1 1 1 1 1 1 1 1 
1 1 1 1 1 1 1 1 0 
1 1 1 1 1 1 0 1 0 
1 0 1 1 0 1 1 1 1 
1 1 0 0 1 1 0 1 1 
0 1 0 1 1 1 1 1 1 
1 1 1 1 1 1 1 1 1 
1 0 1 1 1 1 1 1 0 
0 1 1 1 1 0 0 0 1 
0 1 1 1 1 1 1 0 1 
1 1 0 1 0 1 1 1 1 
1 1 1 1 0 0 1 1 1 
1 1 1 1 1 1 1 1 1 
1 1 1 0 1 1 1 0 0 
1 1 1 1 1 1 0 1 1 
1 1 1 1 1 1 1 0 1 
1 1 1 1 1 1 0 1 1 
1 1 1 1 1 1 0 1 0 
0 1 1 1 1 0 1 1 1 
1 1 1 0 1 0 0 1 1 
0 1 0 1 1 1 1 1 1 
1 1 1 1 1 0 1 1 0 
1 1 1 1 1 1 1 1 1 
1 0 1 1 1 1 1 1 0 
1 1 1 1 1 0 0 1 0 
0 1 0 1 1 1 1 1 1 
0 0 1 1 1 0 1 1 1 
1 1 1 1 1 1 1 0 1 
1 1 0 0 1 0 1 1 0 
1 1 1 1 0 1 1 0 1 
1 1 1 0 1 1 0 1 1 
0 1 0 1 1 1 1 1 1 
0 1 1 0 1 1 1 1 1 
1 0 1 0 1 1 1 1 0 
1 0 1 1 1 1 1 1 0 
1 1 1 1 1 1 1 1 1 
1 1 1 1 1 1 1 1 1 
1 0 1 1 1 1 1 1 1 
1 1 1 1 1 1 0 1 0 
1 1 1 1 0 0 0 0 0 
1 1 0 1 1 1 1 1 1 
1 1 1 1 1 1 1 1 0 
1 1 1 1 1 1 1 1 1 
1 1 1 1 1 1 1 1 1 
0 1 1 1 1 1 1 1 1 
750422439 319282131 299905470 420830882 77237756 980064433 504011892 984854349 759502964 
4325592 507535627 38428525 702261449 154787523 688607942 724908372 86089957 246386878 
523769690 488901993 683424106 804462954 118817650 559411879 15877674 193343548 800245548 
534927134 225331889 542910974 472017562 619274353 33185462 924602701 918100546 769825878 
977593005 324835098 206422943 56066328 18613304 753419049 259457437 69451288 263295665 
821718165 600922400 556981321 542745506 193020490 825705854 180596401 340264781 945562505 
59217151 254284523 693472548 480053351 392369509 704741798 481990737 667433550 845910111 
84307750 441648176 26401914 696621076 87849922 870045904 614777982 848798623 540832868 
540266358 81273533 592051084 963715853 43853594 595163890 13006430 123236174 972736744 
788851880 16319757 12570320 940719296 267078594 13733762 302515661 550137270 30279925 
285155611 442873749 829210259 885123657 934569257 823904010 803532370 915084187 149287795 
851543845 570412196 602103582 864644276 377535342 212647533 565347797 5728025 189982855 
993890885 508925978 487205572 491123874 245703927 450545179 798932556 582424583 347657733 
12646486 831669051 832085391 661638178 616151078 321266318 481129259 337873334 350873647 
647727416 952699486 181391710 354831599 326644896 705923263 357653098 649585976 297864991 
960841848 380065117 26677934 759143555 820553929 305348720 61903437 280835726 43724422 
989367312 279102688 424057207 877360276 182226779 586958728 829046888 360311921 568773799 
251616314 880284158 16346792 763332091 903848512 432200909 195992417 397648275 713236150 
668869594 55675599 49241695 583144718 803257118 2739649 851597446 816164749 279131146 
97697299 1957341 61470668 33528317 922263352 1380976 838639417 672300751 421203641 
454944002 163420051 779704138 88753329 349066116 708770674 731195308 627647566 102858656 
625198780 197689383 963419219 590385969 675438384 79120737 614193049 771421384 765652191 
277340404 47103369 899599401 905839278 824313326 95470243 496883403 157357783 997266770 
436111610 756714588 8964965 715167381 348606646 639341371 371525306 996120610 682309777 
617022716 1596428 253615063 589123162 111608551 280347620 390976390 832761717 434575993 
537109662 144928117 789707097 345242081 24718059 374681822 953403920 333214853 650211923 
895232623 203624635 592631675 234257836 665954507 726461963 204049936 501710756 261277960 
183461065 745969221 231961404 180146991 121379408 376522060 975963210 363947711 557180685 
934468623 97929207 921827114 66107142 141978538 57099583 843225174 299121232 47778284 
644238708 65674014 970515863 572184026 17671354 603027918 348734106 702336044 789183116 
291574954 176328876 895609806 196555318 629620328 62108979 248457824 375880538 791746737 
144538670 242006198 572144236 368033957 726804648 31692633 843366709 89443156 536270150 
461306628 604821331 540316229 545432766 694944040 529076919 6705137 33407580 351974504 
285507621 595659850 994292352 702275870 708516792 589322542 927036187 627227092 731519324 
455040757 355757110 231001036 897678674 459061481 879669355 291062649 562169008 108634567 
756190570 769196291 597777886 26701890 357919861 530644167 865349914 286942081 247268068 
418151380 42105076 15286173 459494050 18584688 499526356 984398372 993163949 7340688 
489336687 663631512 287791002 952945764 61778772 58348271 277935119 167196361 281089894 
568312854 844089672 64391637 33827160 40764006 840388499 607397199 126618675 953730615 
330030803 24864051 60680405 596857930 807657217 33117747 930201198 898865756 187222182 
454933041 15796996 269654938 808809826 414801093 91800562 155921703 399884392 742406077 
672505441 70812311 350877440 67561368 768059349 895060600 165779716 713388042 759213731 
854465220 637561187 764694652 732232307 859401584 714755745 229599369 97113283 373222625 
945193813 892578946 561471843 478498929 611194538 933276139 648464122 710183150 367770846 
416832507 12887935 318209307 720138182 475844640 669935809 737777197 635363144 479435384 
842288352 678042703 583217631 704944729 752310993 10052382 342660379 848891594 34313949 
114902574 163618334 819755784 196578084 129889668 989198880 591092483 833789971 408785434 
517238508 189081566 906380529 806427231 133606241 887860338 212789336 791848628 168519666 
96610763 542720179 845051375 655349543 339594154 598140101 766691803 76867097 116780289 
711439395 269456310 687721722 6499449 182489012 777515186 12578698 933384432 117957176 
917501557 731942307 481295861 38041789 733826970 301581230 715831371 607103789 669558829 
32922412 93600362 114742460 681404978 349334318 84973824 318151801 562416159 471648477 
195344236 666832326 399614813 385271795 636980290 798130391 91301067 793987904 840086987 
21254966 72731963 62301477 245489282 156921920 28620788 502777885 305230232 994814373 
960772398 897566512 175185776 180609003 947636889 529081982 57815588 752712427 701941718 
182549433 384348670 560312915 672201468 681959083 57203200 69084706 426277140 562604460 
195746909 636962607 316526237 319556141 499611389 777359267 57900042 348512561 41539581 
72223610 661471807 94073806 341824044 74035462 59883288 554036144 62448014 593594733 
678025697 475047830 119898078 476162342 33521630 198728660 401197318 222787711 345911494 
273351375 472543141 509824026 85318464 199925124 481198480 389434731 250939757 533316610 
664861776 70595386 105864541 822904299 72036768 159697449 108584344 908761846 333183986 
20827428 759599510 204235632 35734247 128552434 508784199 334248119 156094426 319057324 
238490253 391581117 78901846 943367487 365908925 917299083 378074267 11427307 226105890 
498955708 497311773 753867209 811044217 19624702 406819333 50523199 126521718 598488468 
322314158 178094730 494342718 591792086 558140201 350747708 956506347 244457647 441141177 
825988026 550985739 33289246 579505752 778344125 647905312 218026934 971407920 601927378 
977472546 527064863 321135907 52394458 87410169 52413585 858430532 818082443 228971267 
47239521 407061595 635316461 566589588 474174060 693737061 423119582 185116785 546161837 
758864913 814251151 157687124 534304173 165033028 968360197 378980203 35599373 192767894 
740504217 827590873 745418750 874712275 836258680 815448627 774122441 312311163 953613859 
518565637 909270088 568465987 206560752 494834250 274389355 810311570 904402823 262058743 
712179380 248957444 653621606 231549041 564239291 140380906 700370014 554759955 396326059 
551718088 448691220 103906473 267850435 482658262 702549888 955854071 356902102 269018752 
599945585 125083187 645541835 898808294 49547528 758310278 739561246 241925724 154608184 
914539407 896058717 150663146 549463628 733454560 39492778 810331853 91497569 73751167 
975279937 592376821 908798440 581066342 763768808 336565638 770632486 373725188 119761536 
251779927 624638899 674081978 119927932 171385717 457070334 762447967 738989412 19256992 
655882439 582203836 669478738 31763661 286836132 257007377 496668533 720224676 872809341 
816800398 639258257 442235136 643113488 762332890 497910141 246166385 728601453 280675215 
959248804 939414204 753529979 225964476 591615365 986910297 5539184 160483427 564994354 
63870963 434958942 825403640 41567956 141922285 182545314 302758888 290082598 326093273 
764710515 51125518 345043445 54943998 492445017 958814273 315782823 967056603 456657073 
663631298 535159985 991339934 61228845 234542798 842236959 21858476 827227731 308519442 
74919439 416943389 726399739 130252848 612199735 737138748 23919057 22472767 224685660 
430137867 871448536 769342537 803029209 355187133 139100901 986838476 99313437 220437051 
710713887 71049784 329398060 449138336 364752518 828354424 879364892 959375037 116736873 
486639713 809157018 77478805 884813551 732594501 417304163 28722145 289499791 761599075 
792009420 750368910 325018520 746417779 275445307 281872698 132584362 146918175 725669547 
658055355 718956858 448930181 29993258 52853143 145555474 521248951 405467744 710902414 
663038414 696548410 786104063 965956364 947537504 544180362 719479892 915419063 282487950 
