9 10 10 1
0 1 1 1 1 1 1 1 1 1 
1 1 1 0 0 1 1 1 1 1 
0 1 1 1 1 1 1 0 1 0 
0 1 1 0 1 1 1 0 1 1 
1 1 1 0 1 1 1 1 0 1 
1 1 1 1 1 1 1 0 1 0 
1 1 1 1 1 1 1 1 0 0 
1 1 1 1 1 1 0 0 1 1 
0 1 1 1 1 1 1 1 1 1 
1 0 0 1 1 1 1 1 1 1 
1 1 1 1 0 0 0 0 1 1 
1 1 1 1 1 1 0 1 1 1 
0 1 1 1 1 0 1 1 1 0 
1 1 1 1 1 1 1 1 1 1 
1 1 0 1 1 1 1 1 1 1 
0 1 1 1 1 1 1 1 1 1 
1 1 1 1 1 1 1 1 1 0 
1 0 1 1 0 1 1 1 1 0 
1 1 1 1 1 1 1 1 1 1 
0 1 0 0 1 0 1 1 1 0 
1 1 0 1 1 1 1 1 1 1 
1 1 1 1 1 1 1 1 1 1 
1 1 1 1 1 0 1 0 1 1 
1 0 1 1 0 1 1 1 0 0 
1 1 1 0 0 1 1 1 1 1 
1 1 1 1 1 1 0 1 0 0 
1 1 0 1 1 1 1 1 1 1 
1 0 0 0 1 0 1 1 1 1 
1 1 1 1 0 1 1 1 1 1 
1 1 0 1 1 1 0 1 1 0 
1 1 1 1 1 1 1 1 1 1 
1 1 1 1 1 1 1 1 1 0 
1 1 1 0 1 0 1 1 1 1 
1 1 1 0 1 1 1 1 1 1 
1 1 1 1 1 0 1 1 1 1 
1 1 1 1 1 1 1 1 1 1 
1 0 1 1 1 1 1 0 1 1 
1 1 0 1 1 1 1 0 1 0 
1 1 1 1 1 1 1 0 1 1 
1 1 1 1 1 1 1 0 1 1 
1 1 1 1 1 1 1 1 1 1 
1 1 1 1 1 1 0 1 1 1 
1 1 1 1 1 0 0 1 1 1 
1 0 1 1 1 1 0 1 1 1 
0 1 1 1 1 1 0 1 1 1 
0 1 1 1 1 1 1 1 0 1 
1 1 0 1 1 1 1 0 0 1 
1 0 1 1 1 1 1 1 1 1 
0 1 1 1 1 1 1 1 1 0 
1 1 1 1 1 1 1 0 1 1 
1 1 1 1 0 0 1 1 1 1 
1 1 0 0 1 0 1 1 1 1 
1 1 0 1 0 1 1 1 0 1 
1 1 1 1 1 1 1 1 1 0 
1 1 1 0 1 1 0 1 1 1 
1 1 0 1 1 0 1 1 0 1 
0 1 0 0 1 1 1 0 1 1 
1 1 1 1 1 1 1 1 1 1 
1 1 1 1 1 0 1 1 1 1 
0 1 1 1 1 0 1 1 1 1 
1 0 1 1 1 1 1 1 1 1 
1 1 1 1 1 1 1 1 1 0 
0 1 1 1 1 1 1 1 1 0 
1 1 0 1 1 0 1 1 0 0 
1 0 1 0 0 1 1 0 1 1 
1 1 0 1 1 1 1 1 1 1 
1 1 1 1 1 0 1 1 1 0 
1 1 1 0 1 1 1 1 1 1 
0 0 1 0 1 1 1 1 1 0 
0 1 1 1 1 1 0 1 0 1 
1 1 1 1 1 1 1 1 0 1 
1 1 1 1 1 1 0 1 0 1 
1 0 1 1 1 1 1 1 0 1 
1 1 0 1 0 1 1 1 1 1 
1 1 1 1 1 1 1 1 1 0 
0 1 1 1 0 0 1 1 1 1 
1 1 1 1 0 0 1 1 1 1 
1 0 0 0 1 0 1 1 1 1 
1 0 1 1 1 1 1 1 1 1 
0 1 1 1 1 1 1 1 1 1 
1 1 1 1 0 1 1 1 1 1 
1 1 1 1 1 1 1 1 1 1 
0 1 1 0 1 1 1 1 1 1 
1 1 1 1 1 1 1 1 1 1 
0 1 1 0 1 1 0 1 1 0 
1 0 1 1 1 1 0 1 1 1 
1 1 0 1 1 1 1 0 1 0 
0 1 1 0 1 1 1 1 0 0 
1 1 1 1 1 1 1 0 0 1 
1 1 1 1 1 1 1 1 1 0 
985264934 559400476 552921013 875828991 304901989 483396277 422325305 871564773 151351203 968256065 
464638607 964791981 98799266 203653796 434994372 571187416 868867292 530887961 139021018 902674808 
291079419 7761580 829548360 357979061 135872609 214483135 295003000 784705864 196058016 234736005 
967074888 990921474 19303170 434695306 982556298 54090054 774459139 9493287 412066691 764937355 
809806034 653028627 106364271 320191963 11034323 757450959 677256187 476917590 619024673 47766581 
539005130 661312688 724524549 114500849 525999089 875391918 345757312 332744967 55150715 442873005 
182534855 433094473 938399974 110560028 51984064 61360097 592200612 64364028 754972298 166917327 
413532059 847900776 707898099 288883297 331505829 178883079 225338879 909230013 11158543 201486235 
567736168 629884763 812076319 972012406 976097561 547538826 424046983 69242367 135969713 247995114 
85284340 5656112 996350726 377303281 182745730 287488540 691045024 53855846 902182723 405489507 
995056186 404188649 940509375 375837628 661344836 775579754 647310448 400434547 777316452 15191469 
7408961 208387047 591182832 89883853 599588889 754806796 989213301 797183158 232083531 684745959 
590834740 54596777 160930849 448153621 567707807 765748411 690291034 106062404 9288415 640751190 
748657064 492369848 632794707 404626615 896255793 215021768 949107463 328342894 24105232 307397214 
863824449 115841250 777244625 424259195 28855033 74080969 79817209 540161200 170366555 890792629 
195518587 635165350 110142535 383833218 594635588 514241688 584789970 686153961 693167536 835040723 
609217474 591078897 578308882 50204988 416933654 463902583 794493745 694577611 239518075 920674222 
116457157 833016585 293973976 567412633 972071934 238756245 904417476 316108690 43387644 321883045 
610390282 318609351 22809177 518232445 851959852 256227512 88216476 256337401 51442909 836807610 
34070467 60665609 714531205 57844599 300936130 188462640 559200449 340898923 612254973 533197061 
958890465 767864168 968435152 226199986 487570792 189153300 627696136 652291959 409844111 465729894 
442049383 630535976 642070211 181766700 34928163 394726315 142302242 303128456 27927913 339209851 
655850498 305531758 166324180 972654631 931309674 880344360 363224054 858867923 734566294 331254226 
863229143 60135606 701913208 769606878 15267439 493901979 180049713 484747409 391979567 56308320 
568897948 407572101 69972854 386087291 208788420 46135332 787483677 862411632 139203689 618833716 
189362412 890806363 328149376 864421446 932656673 234470252 330534063 65888580 675036144 100625254 
81115093 193850861 450673406 141536031 821158271 214934608 295657701 958738947 791118196 273540947 
376159411 298402961 720905515 638745903 103611243 119100636 864523343 786192369 604959874 908325644 
316294466 760917498 884934243 428445147 756556183 527426176 565166828 113083160 667556502 527384076 
609315823 860160039 421236156 224327418 962150322 32911999 60455224 3574268 469570927 406472746 
57999471 60842646 154520021 994787401 742211706 45601700 184417157 896994190 405173411 46817231 
193992597 56360127 684059372 823677469 816625168 153782586 944916615 68396637 55789171 266754411 
15048285 346014143 75828275 178465112 893078925 181566267 227044147 600340758 619723747 498332708 
505545807 307170641 247715941 587022495 911909331 922861512 47673290 198926373 490566659 29171662 
384717057 774538755 873799061 514876106 716030375 364655066 296816690 731620536 433963665 496048160 
631355642 890402982 975578184 287201949 595131645 3754295 97774471 361205999 906659266 25594148 
320013759 451322119 984505796 520369079 322162067 360998826 75193583 546053454 434560861 60600559 
663479592 730534878 746536359 538771656 205352642 734056300 422790579 551955315 174908682 142389909 
374993908 587841028 213603004 568515336 699168914 579516134 4939403 371687943 394599402 522128982 
830478238 248589546 438530828 225414885 876679694 368684444 551838779 274038264 976638825 864744220 
394984304 974918727 881430321 310487548 897158871 365053537 581448541 774712550 351679313 943119654 
763348183 124667154 308740336 429645388 180358140 569883345 865511294 914703579 672960800 160282118 
384848631 960039345 512289031 524840615 717250570 720337919 763089261 785329472 745955484 756083145 
44866942 194845552 803500100 981080170 785838688 910189675 779933904 817401101 636900261 160834934 
513115839 558671157 763985881 806334062 312856006 719879991 374349049 552604225 545717579 447623867 
588068089 629933939 280249580 360012095 4489789 646617243 361392377 151283347 687639586 19178724 
176801526 626413918 385749875 610545804 1223193 500534167 554913524 912688488 875130835 849464077 
617084890 26911582 380828735 29958624 489301584 704708841 3538611 546236165 101416436 711793561 
421267002 19230405 121416280 432232592 829515275 91427648 668183425 943305990 186771994 491752675 
157643372 77219526 800971657 314940150 726322564 427756719 859231537 567278608 903750957 311791413 
52357150 27047583 230426684 970707165 40636432 525054309 788662396 23269059 305559548 607067127 
277964587 705581336 636882569 705308477 256610683 902941597 96955028 986910196 559279378 133467689 
472285100 32632109 290813067 282068265 817046166 788491473 28484594 646859290 795827657 604518420 
936949067 711738384 939365875 298436102 796110092 905517107 887357043 527757830 900839070 274033213 
986209757 65659979 209899744 728984830 800432762 276679262 366594724 693682904 978732741 120938396 
116035377 693907011 959972847 520701365 594264767 493228618 34201691 329461039 14003966 657572620 
685600803 572411363 295862159 34285115 258280849 306786175 948850313 429007777 12043174 132334082 
601325813 737633686 973837464 467584580 813658963 440199563 58330699 35554922 361166355 66576515 
465481440 473554551 389192220 269442964 855021859 397874359 38391113 33316970 945920283 978354769 
794019559 386437573 941652094 968002494 232473656 731019254 636887865 3860811 934024435 675798373 
881400812 45629337 202733505 929633038 882884716 53315615 321308354 34210048 14933566 521030051 
687043590 894371549 379590436 192946373 818828821 263105629 973247881 488314996 277791848 909255114 
140120339 19452533 869041133 297013381 366486298 677740516 388137862 874625920 944794409 29239722 
460155018 96038850 511148930 135481612 554298179 978044134 790971800 519483421 723092335 242986396 
814898836 40616519 180249791 217995302 932885457 111738054 308071259 467295964 519804768 81088300 
282761308 296274089 110382212 340476894 350305872 315873676 447077431 198604949 941227449 920204056 
588495267 183756510 846295439 898024693 446903978 185924762 894823354 473795933 238798943 953779327 
251077016 187771295 69606282 358080149 361277565 983938719 726595880 525568187 444482094 137494867 
310508264 75888415 634288485 201262920 665784239 450313417 959483472 906479387 61362196 564429841 
459256594 861462785 585081574 184276772 727193665 458229567 699117987 215726211 1624421 618675890 
377695486 980880260 895506816 600534857 71262560 628182223 66248576 233129094 47913830 119544546 
131285710 139845121 624254049 835423886 302569412 22400996 4939475 166585208 660294702 921695089 
469756661 124907673 194339792 155191160 341146419 58060989 348292320 985014497 741453997 856234760 
108139655 5466919 748394423 762219372 888447844 602454235 201145433 542735157 815491593 912057373 
492900048 263145853 955979132 803602215 129308684 38294456 942302136 466375874 84475441 992878122 
100700201 824916174 701258006 987548779 861474867 942647487 873715400 142731754 491790252 928529434 
584364040 54297191 142843229 683009276 354806985 996149880 72595334 925532308 830535859 330274821 
371419223 61650852 352356259 715188940 748044919 847359747 178440744 194725085 450006401 8587294 
176648711 674796319 465678977 542880115 19793592 428205513 491583612 533169940 515607015 692041962 
329289958 349586218 775220212 588680418 342619177 321437296 885051508 770461415 975048229 691077300 
417899182 756257153 254425770 628400473 299432478 697537805 21238271 600471511 513658613 56860734 
480413023 580525113 90635927 716023959 255675255 538949534 449126428 554519283 873405673 69706937 
283912399 47191037 643055820 919658578 250732722 406198456 483092778 46909891 269264632 783408889 
217309057 630928251 181798538 975574504 374341954 726975358 545921667 44637825 900009045 928916450 
340083380 63104025 3750803 431031124 172435488 11306194 655668042 739796369 254873984 789760551 
37830076 930071534 658900929 382923108 604723105 552041937 632048257 138167338 876711072 524196149 
195695766 122781934 326378458 940167978 803811463 679908218 104176736 82608210 766827793 973118826 
676985272 14597477 473563555 886558385 674717787 493383598 231289570 911576594 166101562 535074188 
387057446 20345255 847371061 113272562 510212859 115803998 996490658 918144487 855877026 952659318 
225390284 807567110 741899661 560708358 71275377 203184639 281079014 97859703 427404355 31291925 
