10 10 10 1
1 0 1 1 1 1 1 1 1 1 
1 1 1 1 1 1 1 1 1 1 
1 1 1 1 1 1 0 1 1 1 
1 0 0 0 1 1 1 0 1 1 
1 1 0 1 1 0 0 1 1 1 
1 1 1 0 0 1 1 1 1 1 
1 0 1 1 0 1 1 0 0 1 
1 0 1 1 1 1 1 1 1 1 
0 1 1 1 1 0 1 1 1 1 
1 1 1 0 0 1 1 1 1 1 
1 1 1 1 1 1 0 1 0 1 
1 1 1 1 1 1 0 1 0 1 
1 1 0 0 1 1 1 0 1 1 
1 1 1 1 1 1 1 1 1 1 
1 0 1 1 1 1 1 1 1 1 
1 1 0 1 0 1 1 1 1 1 
1 1 1 1 1 1 1 0 1 1 
1 1 1 1 1 1 1 1 0 0 
1 1 0 1 1 1 1 1 1 1 
1 1 0 1 1 1 1 1 0 1 
1 1 0 1 1 1 1 0 0 1 
0 1 1 1 1 1 1 0 1 1 
1 1 1 0 1 0 1 1 1 1 
1 1 0 0 1 1 1 1 1 1 
1 1 1 1 1 1 1 1 1 1 
1 1 1 1 0 1 1 0 1 1 
1 1 1 1 1 1 1 1 1 0 
1 1 1 1 1 1 1 0 1 1 
1 1 1 1 1 1 1 1 1 1 
1 1 1 1 0 1 1 1 0 1 
1 1 1 1 1 1 0 1 0 1 
1 1 1 1 1 1 1 1 1 1 
1 1 1 1 0 1 0 1 1 1 
1 0 1 1 1 0 1 1 1 1 
0 1 1 1 1 1 1 1 1 1 
1 0 1 1 1 1 1 1 1 1 
1 1 1 0 1 1 1 1 1 1 
1 0 1 1 0 1 0 0 1 1 
1 1 1 1 0 1 1 1 1 1 
1 1 0 1 1 1 1 1 1 1 
1 1 1 1 1 1 1 1 1 1 
0 1 0 1 1 1 1 1 1 1 
0 1 1 1 1 1 1 1 1 0 
1 1 0 1 0 1 1 1 1 1 
1 0 0 1 1 1 1 1 1 1 
1 1 1 0 1 1 1 1 1 1 
1 1 0 1 1 1 1 0 1 1 
1 1 1 1 1 1 1 1 1 0 
1 1 1 1 1 0 1 1 1 1 
1 1 1 1 1 1 0 1 1 1 
1 1 1 1 1 1 1 1 1 1 
1 1 0 1 1 1 1 0 1 1 
1 1 0 1 1 1 1 1 1 0 
0 1 1 1 1 1 1 1 1 1 
1 1 1 1 1 1 1 1 1 1 
1 1 1 1 1 1 1 1 1 1 
1 1 1 1 0 1 1 1 1 0 
1 1 1 1 1 0 1 1 1 1 
0 1 1 1 1 1 1 1 1 1 
1 0 1 1 1 1 1 1 1 1 
0 1 1 1 0 0 1 0 1 1 
1 1 1 1 1 1 1 1 1 1 
1 1 0 0 1 1 1 1 1 1 
1 1 1 0 1 0 1 1 1 1 
1 1 1 1 1 1 1 1 1 1 
1 0 0 0 0 1 0 1 1 1 
1 0 1 1 1 1 1 1 1 1 
0 0 1 0 1 1 1 1 1 1 
1 1 1 1 1 0 1 1 1 0 
0 1 1 1 1 1 1 1 1 1 
1 1 1 1 0 1 1 1 1 1 
0 1 1 1 1 1 1 1 0 1 
0 1 1 1 1 1 1 1 1 0 
1 0 1 1 1 0 1 0 1 1 
1 1 1 1 1 1 1 1 1 1 
1 0 1 1 1 1 1 1 0 1 
0 1 1 1 1 1 1 1 1 1 
0 1 1 1 1 1 1 0 0 1 
1 1 1 1 1 1 1 1 1 1 
1 1 1 1 1 1 1 1 1 1 
1 1 1 1 1 1 1 1 1 1 
1 1 1 1 1 0 1 1 1 1 
1 1 1 0 1 1 1 1 1 1 
1 1 1 1 1 1 1 1 1 1 
1 0 1 1 1 1 0 0 1 1 
1 0 1 1 1 1 0 1 1 1 
1 1 1 1 1 1 1 1 1 1 
1 0 1 1 1 1 1 1 1 1 
1 0 1 1 1 1 1 1 1 0 
1 1 1 1 1 0 1 1 1 1 
1 1 1 1 1 1 0 1 1 1 
1 0 1 1 1 1 1 1 1 1 
0 1 1 1 1 1 1 1 1 1 
0 1 1 1 0 0 1 1 1 1 
1 1 1 1 1 1 1 1 1 0 
1 0 0 1 1 1 1 1 1 0 
1 1 1 0 1 1 1 1 1 1 
1 1 1 1 1 1 1 1 1 1 
1 1 1 1 1 1 1 1 1 1 
1 1 1 1 1 1 1 1 0 1 
606445780 459055998 897638258 32647469 22126273 315015589 831702972 70264367 123579284 614853713 
569777028 739965864 745811403 796302103 227398646 498096419 318842462 302535581 236914930 618701441 
997428534 549120542 798045580 625858679 586907059 583143914 388877453 923488527 785003301 392314339 
853515504 266289190 525718867 53629185 812942950 880840684 194188536 89857743 22838738 836372839 
607852608 886520812 191291854 508022001 59258703 95690379 621289253 584456885 704022716 911183603 
68527445 210135862 109329934 77293568 486976279 629757896 754077766 727295904 850707152 377705237 
394394708 660590423 412794652 264876442 364384160 81007803 9856843 983892519 127632514 879747577 
900103139 848213602 552857290 683484750 590088986 108141380 881539130 995751566 606836061 32383387 
124693767 439614881 445219277 51508869 741103708 21773568 239985340 27192316 638857430 561356094 
350259764 113848646 343446793 311807610 5172849 376888193 636360697 870480109 377806434 167755293 
327884194 396639585 277939756 460133216 606553969 469173687 568771495 574321891 933081289 268903777 
127421151 479732755 436894591 559139302 530225812 10691250 520825950 283949922 134594746 363731796 
83974052 817229059 106065658 360520163 542023042 681794956 916184879 361075739 244807328 66865109 
48236522 942686734 838979735 110699338 574464239 638961313 880179830 170226792 540473269 256026637 
316629309 593325379 736990186 880023647 812162149 256892418 795388908 945458681 834783830 681440609 
785279313 953658383 542751983 616157487 799604065 809466666 363066882 422141646 673318295 513241513 
777221076 146934709 910737443 987155515 94326178 955139569 525013098 740865637 947920919 250072223 
381408133 187155202 821021143 888885364 231507134 723694783 959117304 130573366 177451542 727226011 
384762499 192855360 122208450 272344173 784144631 690111490 428048809 615482205 790085318 868709502 
562140647 592104041 63084502 903122636 22946638 664001250 285476097 105060247 475683039 658868461 
920981654 635283614 504742741 864752643 477047510 612438324 164950427 37973873 49231480 240928449 
297560401 62708439 557016357 556770622 907275083 628738734 114025468 160366525 746883090 544088252 
122345487 672989406 257557601 893400222 763701989 517167963 348196265 872852549 919611126 641256061 
235519630 822912120 373646386 715678373 786756455 101493071 75367545 831500740 480636610 460717751 
14106660 111980515 92392925 967227633 53428860 827424668 72371501 573678867 522573375 832536222 
826957021 823820677 417161758 97232430 46892356 102205061 708490561 928889760 17898358 902839972 
967025600 812503266 150652341 52277062 490795819 417764594 566841339 541872422 641472260 4584546 
585093234 945445072 872561984 878283228 109321211 3591973 260156105 595779225 152930987 268728794 
241854463 754186983 276106313 72717306 49200433 15877803 452332753 661739103 411270954 320092637 
921577716 579817533 10333087 478371079 30192278 924356504 846681538 205101511 794985807 74062279 
969499314 46422865 421735147 982594556 412128775 990019309 358862826 411925428 952888907 65279091 
379324416 412110661 188371324 657256152 312828566 666764890 849283468 464553114 838487879 183335533 
922652896 630661202 116970084 266657618 14626516 35184938 220170608 111045548 478733365 4229987 
810647461 42357110 88418246 640362702 470798957 599393915 950137532 508000596 314615274 675929310 
296525122 748008304 216787311 91679636 741706486 736728239 544893956 150292197 269428586 321339959 
804733158 36374766 609071780 42367293 567309316 862988834 713547166 416190349 529796740 189639108 
34944710 278643718 490007356 633341550 860939903 630841115 675633977 359990926 47594399 29893459 
62560826 889999588 214206447 850857418 816616247 5723397 670813358 650831534 43316436 899318747 
291387150 846602691 562894318 55269410 521137333 494997216 404007446 584167149 3614780 944003695 
231327248 55013406 700261813 954916336 246264916 121112307 244014878 548454519 442734990 291646068 
97360110 690317098 997320990 611644933 20168336 963196356 645835160 315773402 355274467 594517780 
563317060 458075005 288102583 691864959 861717152 309198410 98862931 170421114 442912985 329886707 
386809586 404386832 207647830 984294654 975161664 349025122 31131436 613343554 26513889 386912034 
789291436 958507117 807989995 939454231 134614737 10726016 337252712 139165085 855740626 646375506 
711559637 226015266 102266263 128936970 169438373 119279529 839187258 783405477 393022143 10213706 
962921614 462888821 61608442 267407025 804756885 949579423 970848681 535125659 31379464 459498396 
386744074 676777308 48023507 240318138 277246421 838051164 93800342 565742744 630689972 117274517 
987131174 85319341 47265219 814115862 415352330 677295042 382014233 3351170 170275838 624453747 
843628343 117138067 632332659 809191346 380719514 392600721 758154765 305214276 261574447 902871515 
349616932 693476418 966092505 338017638 309764164 848743321 361201133 983905336 885362605 450099851 
600575157 27260395 43721427 404667180 126077681 943174962 573621983 184299749 835759186 379773005 
140583212 664869108 353840381 510054803 803849162 657826538 540896782 102551536 413807103 18028844 
32186898 305160035 249803969 738613619 869026188 975004031 981073726 663493964 231423857 364021227 
909189972 219452057 559388076 307366627 787600921 692208654 480362907 808308149 184845396 489148852 
903551120 126495557 424982274 126613865 511220816 368980106 145770451 908455774 49289111 330504974 
654665130 517965464 930777747 279161202 681994528 555034992 810706789 433896423 931559681 248750611 
670211747 649905334 175800013 43791105 282786776 238323897 75066169 572522387 877318658 67579872 
467520172 746701934 495253523 503948717 161589698 915988497 218961265 560089528 10701260 850144077 
871022198 399110188 752985422 624271814 921002225 751546951 985515136 639752823 969343139 319033054 
641458637 705548332 849167298 828562136 306175575 327809542 83152761 409403822 668075633 207008763 
622785638 65345008 31172131 648673107 57518876 163656132 99085739 107471660 66412702 338831197 
140748279 308843767 592188138 167805320 517911851 766923000 650853740 38261797 38466336 952957642 
986420614 624188581 54152675 450485721 476714766 423948945 237157938 318588390 809885904 948586499 
496733187 294184838 633233672 233273898 941548285 423598243 573919721 441545162 449230589 681105658 
877659674 571347898 814839955 721103516 255132979 32981349 295508354 838941293 231471172 213363017 
174874947 917919912 41903693 806086523 723620226 584597849 872104136 570619425 516086431 571913441 
627982364 373091830 175546414 995385461 214437927 992810698 885460344 837031583 343690428 64538623 
887060985 785143740 171855394 513153294 701210080 839133820 440714641 927883776 968660626 196461670 
310880697 666635253 423836454 494731857 771879740 858501536 445825258 598225132 669952303 792498120 
79704029 108438839 386743709 958383561 855844659 861545735 282966531 853009937 7664083 45490053 
350403541 142136996 550529757 178337201 73384182 32145816 78885406 27431639 119260229 27612570 
735948955 880055585 2009611 250877544 49245451 180536838 359890063 238320980 774680667 518693586 
115734659 76753351 549091884 633124136 398715283 148070843 6309200 54164348 144594653 8790592 
910629970 735486360 42467185 626098168 188415467 230197529 869541594 304830363 837325198 33006063 
945402254 412929652 480193501 98407136 800100732 503358178 1090353 10891781 519307911 12864728 
579859478 910118220 67049219 94760541 860992972 92848885 439424062 217453581 699326152 345270805 
715792115 265864598 744446256 140856086 176961493 629237308 12511075 699541556 616269834 276292949 
34265199 371414529 815725996 332676813 547490968 965796834 895367242 276908964 692505048 256382097 
354698596 712827499 341565530 726017689 542944499 907298763 489037566 192605405 821448159 757722878 
554571736 822621969 228657799 745474643 115061936 25299518 353355069 950660014 771431299 808331587 
825633991 200291590 632939265 793013583 311122143 720066790 746985229 690908776 860272308 35023596 
926027073 29883367 581125479 184369229 3213671 530507001 404529807 964649039 517485056 28512543 
246539957 822953165 647943361 37152944 673403352 32139959 241040145 617418066 405948394 778711696 
529616525 315384453 400825682 943001838 764792196 586933784 549368680 897781501 350965627 240507056 
805987580 777951996 41081258 826652232 303121103 31828158 45073277 350879405 895492120 327557675 
419900180 5361150 100986624 4237245 520108484 297747762 282094887 468230403 730151060 535151249 
781459485 912465185 35681472 590113338 929341929 686162765 171930681 652836508 39402885 725259092 
242350627 44501244 306764641 821802515 61365077 459395573 235847132 248913407 410460893 751217139 
650546638 667498398 206734970 443941304 160347905 577038859 248720160 155308760 46666929 638297974 
653343095 7166012 315944469 540265889 575160924 317593250 240698062 295917156 206959455 279754011 
746252153 598923306 767105859 71476619 547549731 93148786 326336130 498834733 557512399 292512335 
505936838 685137165 988812274 971508456 425459824 826329741 737169143 60333560 448220437 845043680 
120307899 737359952 692226556 872561810 529830418 461153873 749317026 867335677 996165697 101454962 
611919670 367445973 256074113 378179519 660731677 524850334 28819843 129128024 712208239 905193009 
909569510 156268526 274850424 716656186 545036995 763577930 12719416 173115069 533235490 503092678 
122422243 917854860 572139905 423513553 991524450 138780114 259238996 937281903 769909969 924382860 
26884735 968984503 592063486 204879115 684923871 459451476 269160944 450395252 10985918 856412165 
558373470 27966271 396452707 370745628 197438259 873132987 638372481 104518658 589660433 189322376 
934801346 649126834 959607755 535175452 632538949 965583418 85232362 718760511 26352923 620140861 
311910953 784406158 841474509 6503028 963141112 691813116 466241234 702210088 475410428 202523468 
