19 19 20 276468443
1 1 1 1 1 1 1 1 1 1 1 1 1 1 1 0 1 1 1 1 
1 1 1 1 1 1 1 1 1 0 1 1 1 0 1 1 1 1 0 1 
1 1 1 0 1 1 1 1 1 1 1 0 1 1 1 1 1 1 1 1 
1 1 1 1 0 1 1 1 1 1 1 1 1 1 1 0 1 0 1 1 
1 1 0 0 1 1 0 0 0 1 1 0 1 0 1 1 1 0 1 1 
0 1 1 1 1 1 1 1 1 1 1 1 1 1 1 1 1 1 1 0 
1 1 1 1 1 0 0 1 1 1 1 0 1 0 1 1 1 1 0 0 
0 1 1 1 1 0 1 1 1 1 1 1 1 0 1 1 1 1 0 1 
1 1 1 1 1 1 1 0 0 1 1 0 1 1 1 0 1 1 1 1 
1 1 0 0 1 0 0 1 1 1 1 1 1 1 1 1 1 1 1 1 
0 0 1 1 1 1 1 1 1 0 1 1 1 1 1 1 1 0 1 1 
1 0 0 1 1 1 1 1 1 1 1 0 0 0 1 0 1 1 1 1 
1 1 1 0 1 1 1 1 1 1 0 1 1 1 1 0 1 1 0 1 
0 0 1 1 1 1 0 1 0 0 1 1 1 0 1 1 1 1 1 1 
1 1 0 1 0 0 1 1 1 1 1 1 1 1 1 1 1 1 1 1 
1 1 1 1 1 1 0 1 1 1 1 1 1 1 1 1 1 1 0 1 
1 1 0 1 1 0 1 1 0 1 0 1 0 1 1 1 1 1 1 1 
0 1 1 1 1 1 1 1 1 1 0 1 1 1 1 1 1 1 1 1 
0 1 1 0 1 1 0 1 1 0 0 1 1 1 1 0 0 1 1 1 
1 1 1 0 1 1 1 1 0 1 1 1 1 1 1 1 1 1 1 1 
0 1 0 1 1 1 1 1 1 1 1 1 1 1 0 1 1 0 1 1 
0 1 1 0 1 1 1 1 0 1 1 1 1 1 1 0 0 0 0 0 
1 1 1 1 1 1 1 1 1 1 1 1 1 1 0 1 1 1 1 0 
1 0 1 1 1 1 1 1 1 1 1 1 1 1 1 1 1 0 0 1 
1 1 1 1 0 1 1 0 1 1 1 1 1 1 1 1 1 1 0 1 
0 1 1 1 1 1 1 1 1 1 1 1 1 1 1 1 0 1 1 1 
0 0 0 1 1 0 1 0 1 0 1 1 1 1 1 1 1 1 1 1 
1 1 1 1 1 1 1 1 1 1 1 1 1 1 0 1 1 0 1 1 
1 1 1 1 1 1 1 0 1 1 1 1 1 1 1 1 1 1 1 0 
0 1 0 0 1 0 1 1 1 0 0 0 0 1 0 1 1 1 1 0 
0 1 1 0 1 1 1 1 1 1 1 1 0 1 1 1 1 1 1 1 
1 1 1 1 1 0 0 1 1 1 1 1 1 1 1 1 0 1 1 1 
0 1 1 1 1 1 1 1 1 1 1 1 1 1 1 1 1 1 0 1 
1 1 1 1 1 1 1 1 1 1 1 1 1 1 0 1 1 1 1 1 
1 0 1 1 1 1 1 1 1 1 0 0 1 0 1 0 1 1 1 1 
1 0 1 1 1 1 1 1 1 1 1 1 0 1 0 1 1 0 0 1 
0 1 0 1 1 1 1 1 1 1 0 1 1 1 1 1 1 0 1 1 
1 1 1 1 0 1 1 0 1 1 1 0 1 0 1 1 1 1 1 1 
0 1 1 1 1 1 1 1 0 0 0 1 1 1 0 1 1 1 1 1 
1 0 1 1 1 0 1 0 1 1 0 1 1 1 1 1 1 1 1 1 
0 1 1 1 1 1 1 0 1 1 0 1 1 0 1 1 1 0 1 1 
1 1 1 1 1 1 1 1 0 1 0 1 1 1 0 1 1 1 1 1 
0 1 0 1 0 1 1 1 1 0 1 1 1 0 1 0 0 1 1 1 
0 1 1 0 0 1 1 1 1 1 1 1 0 1 1 1 0 1 0 1 
1 0 1 1 1 1 1 0 1 0 0 1 1 1 1 1 1 1 1 1 
1 1 1 1 1 1 1 1 1 0 1 0 1 0 1 0 0 0 1 1 
1 1 1 1 1 1 1 0 0 1 1 1 1 1 0 1 1 0 1 0 
1 1 1 0 1 1 1 1 0 1 1 0 1 0 1 1 1 1 1 1 
1 1 1 0 1 1 1 1 1 1 1 0 1 1 1 1 1 1 1 0 
1 1 1 1 1 0 1 0 1 0 1 1 0 1 1 1 1 1 1 0 
0 1 1 0 1 0 1 1 1 0 1 1 1 1 1 1 0 1 0 1 
1 0 1 1 1 0 1 1 1 1 1 1 1 1 1 1 0 1 1 1 
1 1 1 1 1 1 1 1 1 1 1 1 1 1 1 1 1 0 1 1 
0 1 1 1 1 1 1 1 0 0 0 0 1 1 1 0 1 1 1 1 
1 1 1 1 1 1 1 1 0 1 1 1 1 0 1 0 1 0 1 1 
1 1 1 1 1 0 0 1 1 0 1 1 1 1 1 0 1 1 1 1 
1 0 0 0 1 1 0 1 1 1 1 1 1 0 1 1 1 1 1 1 
1 1 1 1 0 0 1 1 1 1 1 1 1 1 0 1 1 1 1 1 
1 0 1 1 1 0 1 1 0 0 1 1 0 1 1 0 1 1 1 0 
1 1 1 1 1 1 1 1 1 1 1 1 0 0 1 1 1 1 1 1 
0 1 0 1 1 1 0 1 1 1 1 1 0 1 0 1 0 1 1 1 
1 1 1 1 1 1 1 1 1 1 1 1 1 1 1 1 1 1 1 1 
1 1 1 1 1 1 1 1 1 0 1 0 0 1 0 1 1 1 1 0 
1 1 1 1 0 1 1 1 1 1 0 0 1 0 1 1 1 1 1 1 
0 1 1 1 1 1 0 1 1 1 1 1 0 0 0 1 1 1 1 1 
1 1 1 1 1 1 1 1 1 1 1 1 1 1 0 1 0 1 1 1 
1 1 1 1 1 1 1 1 1 0 1 1 1 0 1 1 1 1 1 1 
1 0 1 1 1 1 1 1 1 1 0 1 1 1 1 1 1 0 1 1 
1 1 1 1 0 1 1 1 1 1 0 1 1 1 1 1 0 1 1 1 
0 1 1 1 1 1 1 1 1 1 1 1 1 0 0 1 1 0 1 1 
1 1 1 1 1 1 1 1 1 0 1 1 1 1 1 1 1 1 1 1 
1 1 1 1 1 1 1 1 1 1 0 0 1 1 1 0 1 1 1 1 
0 1 1 1 1 1 1 1 0 1 1 1 1 1 1 1 0 0 1 1 
0 1 0 1 0 1 1 0 1 0 1 1 0 1 1 0 1 1 1 1 
1 1 1 0 1 1 1 0 0 0 1 1 0 1 1 1 0 1 0 1 
1 1 1 1 1 1 0 1 1 1 0 1 1 1 1 0 1 1 1 1 
1 0 1 1 1 1 1 1 1 1 1 1 0 1 0 0 1 0 1 0 
0 0 0 1 1 1 1 1 0 0 1 1 1 1 1 1 0 1 0 1 
1 1 1 1 1 0 0 1 0 1 1 0 1 1 1 0 0 0 1 0 
0 1 0 1 1 1 1 1 1 1 1 1 1 0 0 1 1 0 0 1 
1 1 1 1 0 1 1 1 1 1 0 1 0 0 1 1 1 1 1 1 
1 0 1 0 1 0 1 1 1 0 1 1 1 0 0 1 1 1 1 1 
1 1 0 1 1 1 1 1 1 0 1 0 1 1 1 1 1 1 1 1 
1 1 1 0 1 1 1 1 1 1 0 1 0 1 1 1 0 0 1 1 
1 1 0 1 0 1 1 1 1 0 0 1 1 1 1 1 1 1 1 1 
1 1 1 1 1 1 1 1 1 1 1 1 0 1 1 1 1 1 1 1 
1 0 0 1 0 1 1 1 1 1 1 0 0 0 1 1 1 1 0 1 
1 1 0 1 1 1 0 1 1 0 1 0 1 0 0 1 1 0 0 1 
0 1 0 1 1 0 1 1 0 1 1 1 0 0 1 1 1 1 0 0 
1 1 1 1 1 1 1 1 1 1 1 1 1 1 1 1 1 1 1 1 
1 1 1 1 1 1 1 1 0 1 1 1 0 1 1 1 1 1 1 1 
1 1 0 1 1 0 1 1 1 1 1 0 1 1 1 1 1 1 1 1 
1 1 1 1 1 1 0 1 0 1 1 1 1 1 0 0 1 1 1 1 
0 1 1 1 1 0 0 1 1 1 1 1 1 1 0 1 1 1 1 0 
1 1 1 1 1 0 1 0 1 1 1 1 0 1 1 1 1 1 1 1 
1 1 1 1 1 1 1 1 1 0 0 1 0 0 1 1 1 0 1 1 
1 0 1 1 1 1 0 0 1 1 1 0 1 1 0 1 1 1 1 1 
1 1 1 1 0 1 1 1 1 1 1 1 0 1 1 1 0 1 1 0 
1 0 1 1 1 1 1 0 1 1 1 0 1 1 0 1 1 1 1 1 
1 1 0 1 1 1 1 1 1 1 1 1 0 1 1 0 1 0 1 1 
1 0 1 1 1 1 1 1 1 0 1 0 1 1 1 1 0 1 1 1 
1 1 1 1 0 1 1 0 0 1 1 1 1 1 1 0 1 1 1 1 
1 1 0 1 0 1 1 1 1 1 1 1 0 1 0 1 0 1 1 1 
0 1 1 1 1 1 1 1 0 1 1 0 1 1 1 1 1 1 1 1 
1 1 1 1 1 1 1 1 1 1 0 1 1 1 1 0 1 1 1 0 
1 1 1 1 1 1 0 0 1 1 1 0 1 1 1 1 0 1 1 0 
1 1 1 0 1 1 1 1 1 1 1 1 1 0 1 1 1 1 1 1 
0 1 1 1 1 1 1 0 1 0 1 1 1 0 1 0 0 1 1 1 
1 1 1 1 1 1 1 1 1 1 1 1 1 1 1 1 1 1 1 1 
1 1 1 0 1 0 1 1 0 1 0 1 1 0 1 1 1 1 1 1 
1 1 1 1 0 1 1 1 1 1 1 1 0 1 1 1 0 0 1 0 
0 1 0 1 1 1 1 1 1 1 1 0 1 1 1 1 1 0 1 1 
1 0 1 1 0 1 1 1 1 1 1 1 1 0 1 1 1 0 0 1 
0 0 1 1 1 0 1 1 1 1 1 1 1 1 0 1 1 1 1 1 
1 1 0 0 1 1 1 0 1 1 0 1 0 1 1 1 1 1 1 1 
1 0 0 0 1 1 1 0 0 1 1 1 1 1 1 1 1 1 1 1 
1 1 1 1 1 1 1 1 1 1 0 0 1 0 1 0 1 1 1 1 
0 1 1 1 0 1 1 1 0 1 1 1 1 1 1 1 1 0 1 1 
1 1 1 1 0 1 0 0 1 0 1 0 1 1 1 1 1 1 1 1 
1 1 0 1 1 1 1 1 0 1 1 1 1 1 1 1 1 1 1 1 
1 1 1 1 1 1 1 1 1 1 1 1 1 0 0 1 1 1 0 1 
1 1 1 1 1 1 1 1 1 1 1 1 1 0 1 1 1 0 1 1 
1 0 1 1 1 1 1 1 1 1 1 1 1 1 1 1 0 0 1 1 
1 1 1 1 1 0 1 1 1 1 1 1 1 1 1 1 1 0 1 1 
1 0 1 1 0 1 1 0 1 0 1 1 1 0 1 0 1 0 1 1 
0 0 1 0 1 0 1 1 0 1 1 1 1 0 1 1 1 1 1 1 
1 1 1 1 1 1 0 1 1 1 1 1 1 1 1 0 1 1 1 1 
1 1 1 1 1 1 1 1 1 1 1 1 1 1 1 1 1 1 1 1 
1 0 0 1 1 1 1 1 1 0 1 1 0 1 1 0 1 1 1 1 
1 1 0 1 1 1 0 0 1 1 1 1 1 1 1 1 1 0 1 0 
1 0 0 0 1 0 1 1 0 1 1 1 1 1 1 1 1 1 0 1 
1 1 1 0 1 1 1 1 1 1 1 1 1 1 0 1 0 1 1 1 
0 1 1 1 1 1 1 1 1 1 1 1 1 0 1 1 1 0 1 1 
0 0 1 1 1 1 1 1 1 1 1 1 1 0 1 1 1 1 1 1 
0 1 1 0 1 1 1 1 1 1 1 1 0 1 1 1 1 1 0 1 
1 1 0 0 1 1 1 1 1 1 1 1 0 0 0 1 1 1 1 0 
0 0 1 1 1 1 0 1 1 1 1 1 1 0 1 1 1 1 1 0 
1 1 1 1 1 1 1 0 1 0 1 1 0 0 1 1 1 0 1 1 
1 1 1 1 1 1 1 0 1 1 1 1 1 1 1 1 1 1 1 1 
0 1 1 0 1 1 1 1 1 1 1 1 0 1 1 1 0 1 1 0 
1 1 1 0 1 1 1 1 1 1 1 1 0 1 1 0 0 0 1 1 
1 1 0 1 1 1 1 1 1 1 1 1 1 1 1 0 1 1 1 1 
1 0 1 1 1 0 0 1 1 1 1 0 0 1 0 1 1 1 1 0 
1 1 1 1 1 1 0 0 0 0 1 1 1 1 1 1 1 1 1 1 
1 1 0 1 1 1 1 1 1 1 1 0 1 1 1 1 0 1 1 1 
1 1 0 0 1 1 1 1 1 1 1 0 1 1 1 0 1 1 1 1 
1 1 0 1 0 1 1 1 1 1 0 1 0 1 1 0 1 0 1 1 
1 1 1 0 1 1 1 1 1 0 1 1 1 1 1 1 1 1 1 1 
1 1 1 0 1 0 1 1 1 1 1 1 1 1 1 1 0 1 1 1 
1 1 1 1 1 1 1 1 1 1 1 1 1 1 1 1 1 1 0 0 
0 0 1 1 1 1 1 1 0 1 0 1 0 0 0 1 1 1 1 1 
1 1 1 0 1 1 1 1 1 1 0 1 1 1 1 1 0 1 1 1 
0 1 1 0 1 1 1 1 1 1 1 1 1 1 1 1 1 1 1 1 
1 1 1 0 0 1 0 1 0 1 1 1 1 0 1 1 1 0 1 1 
1 1 1 1 1 0 1 1 1 0 0 0 1 1 1 1 0 1 1 1 
0 1 1 1 0 1 1 0 1 1 1 0 1 1 1 0 1 1 0 1 
1 0 1 1 0 1 1 0 1 1 1 1 1 1 1 0 1 0 1 1 
0 1 0 0 0 1 1 1 1 1 1 1 1 1 1 1 1 1 0 1 
0 1 1 0 1 1 1 1 1 1 1 1 1 1 1 1 1 1 1 1 
0 1 1 1 1 1 1 1 1 1 1 0 0 0 1 1 1 0 1 1 
0 1 1 1 1 0 1 1 1 1 1 1 1 1 1 1 1 1 1 0 
1 0 1 1 1 0 1 1 1 1 1 1 1 1 0 1 1 1 1 0 
1 1 0 1 1 1 1 1 1 1 0 1 0 0 1 1 1 1 1 1 
1 1 1 1 0 1 1 1 1 1 1 1 1 1 1 1 1 1 1 1 
0 0 1 1 1 1 1 1 1 1 1 1 1 1 1 1 0 1 1 1 
0 1 1 1 1 0 1 1 1 0 1 0 1 1 1 1 1 1 1 1 
0 0 0 1 1 1 1 1 0 1 1 1 1 0 1 1 1 1 1 0 
1 1 1 0 0 1 1 1 1 1 1 1 1 1 1 1 0 0 0 1 
1 1 1 1 1 1 1 1 1 1 1 0 0 0 1 1 1 1 1 0 
1 1 1 1 0 1 0 1 1 1 0 1 1 0 1 1 1 1 1 0 
1 1 0 1 1 1 1 0 1 1 0 1 1 1 1 1 0 1 1 0 
1 1 1 0 1 1 1 1 0 1 1 1 0 0 1 1 1 1 1 1 
1 1 1 1 0 1 0 1 1 1 1 0 1 1 0 1 1 1 0 0 
1 1 1 1 1 0 1 0 1 1 1 0 1 0 0 1 1 1 1 1 
1 1 1 1 1 0 1 1 1 1 1 1 1 0 1 1 1 0 1 1 
1 1 1 1 1 1 1 1 1 1 1 1 1 1 0 1 1 0 1 1 
1 1 0 1 1 1 1 1 1 1 1 1 1 0 1 1 1 1 1 1 
1 1 1 1 1 1 1 0 1 1 1 1 0 1 1 1 0 1 1 1 
1 0 1 1 1 1 0 1 1 0 1 1 1 1 1 1 1 1 1 1 
0 1 1 1 0 1 1 1 0 1 1 1 1 1 1 1 1 0 0 0 
1 1 1 1 0 0 1 1 1 0 1 1 1 1 1 1 1 1 0 1 
1 1 1 1 1 1 1 1 1 1 1 1 1 1 1 1 1 1 1 1 
1 0 1 1 0 0 1 1 1 1 1 0 1 1 0 0 1 0 1 0 
1 1 1 1 1 1 1 1 1 0 1 1 1 0 1 1 1 1 1 1 
0 1 1 0 1 1 1 1 1 1 0 1 0 1 1 0 0 0 1 0 
1 1 1 1 1 1 1 1 1 1 1 1 0 1 1 1 0 1 0 1 
1 1 1 1 1 0 1 0 1 0 1 1 1 1 0 1 1 1 1 1 
1 1 1 1 1 1 1 1 1 1 1 1 1 1 1 1 1 0 1 1 
0 1 0 1 0 1 0 1 1 1 0 1 1 1 0 1 1 1 0 0 
0 1 1 1 1 1 1 1 1 1 1 1 0 1 1 1 1 0 1 0 
0 1 1 1 1 1 1 1 0 1 1 1 0 1 0 1 1 1 1 1 
1 1 1 1 1 1 1 1 1 1 1 1 1 1 1 1 1 1 1 1 
1 1 1 1 0 1 1 1 1 1 0 1 1 1 0 1 1 0 1 1 
1 0 1 1 1 1 1 1 1 1 1 1 1 0 1 1 1 1 1 1 
1 1 0 0 1 1 0 1 1 0 1 1 1 0 1 1 1 1 1 1 
0 1 0 1 1 1 1 1 1 1 1 1 1 1 1 1 1 1 1 1 
0 1 1 1 0 0 1 1 1 1 1 1 1 1 0 1 1 1 1 1 
1 0 0 1 1 1 0 1 1 1 0 1 1 1 1 1 1 1 1 1 
0 1 1 1 0 0 1 1 1 0 1 1 1 1 1 1 1 0 1 1 
1 1 1 1 1 0 1 1 1 0 1 0 1 1 1 0 1 1 0 1 
1 0 1 1 1 1 1 1 0 0 1 1 0 1 1 1 1 1 1 1 
1 1 1 1 0 0 0 1 1 1 1 1 0 1 1 1 0 1 0 1 
0 1 0 1 1 1 1 1 1 1 0 0 1 1 1 1 0 1 1 1 
0 0 1 1 1 1 1 1 1 0 1 1 1 1 0 1 1 1 1 1 
1 1 1 1 1 1 1 1 0 1 1 1 1 1 1 1 0 1 0 1 
1 1 1 1 1 1 1 1 1 1 1 1 0 1 1 1 1 1 1 0 
1 1 1 1 1 1 1 1 1 1 0 1 1 1 1 0 1 1 0 1 
1 1 1 1 1 1 1 1 1 1 1 1 1 1 1 1 1 0 0 1 
0 1 1 0 1 1 1 0 0 1 1 1 0 1 1 0 1 1 1 0 
0 1 0 0 1 1 1 1 1 1 1 1 1 0 0 1 1 1 1 0 
1 1 1 1 1 1 1 0 1 1 1 0 1 0 1 1 1 1 0 1 
1 1 0 0 1 0 1 1 1 1 1 1 1 1 0 1 1 1 1 1 
1 1 1 1 1 1 1 1 1 1 1 1 1 1 1 0 1 1 0 1 
1 1 1 1 1 1 1 1 1 1 1 1 1 0 0 1 1 1 1 0 
1 1 1 1 1 1 1 1 1 1 1 0 0 1 1 1 1 1 1 1 
1 1 1 0 1 1 1 1 1 0 0 0 0 1 1 1 1 1 1 1 
1 1 1 1 1 1 1 1 1 1 1 1 1 1 1 1 1 1 1 1 
0 1 1 1 1 1 1 1 1 1 1 0 0 1 1 1 1 0 1 1 
0 0 1 1 1 1 0 1 1 1 1 1 1 0 0 1 0 1 0 1 
1 1 1 1 0 1 1 1 1 1 1 1 0 1 1 0 0 1 0 1 
1 1 1 1 1 1 1 1 1 1 1 1 1 1 1 1 1 1 1 1 
1 1 1 1 0 1 0 1 0 1 1 1 1 1 1 0 1 1 1 1 
1 1 1 1 0 1 1 1 1 1 1 1 1 1 0 1 0 1 1 1 
1 1 1 1 1 0 0 1 1 1 1 1 0 1 1 1 1 1 1 1 
1 1 1 1 1 1 1 0 0 1 0 1 1 1 0 1 1 1 1 1 
1 1 1 0 1 1 1 1 1 1 1 0 0 0 1 1 0 1 0 1 
0 1 1 1 1 1 1 1 1 1 1 1 1 1 1 0 1 1 1 1 
0 1 0 1 1 1 1 1 1 1 1 0 0 1 1 0 1 1 0 1 
0 0 0 1 1 1 1 1 1 0 1 1 1 1 1 1 0 0 1 1 
0 0 1 0 1 1 1 1 1 1 1 1 1 1 1 1 1 1 1 1 
0 1 1 1 0 1 0 1 1 1 1 0 0 1 1 1 1 1 1 1 
1 1 1 1 1 1 0 0 1 1 1 1 0 1 1 1 1 0 1 0 
1 1 1 1 1 1 1 1 1 1 1 1 1 1 1 0 1 1 1 1 
1 1 0 0 0 1 1 1 1 1 0 1 1 1 1 1 1 1 0 0 
1 0 1 1 1 0 0 1 0 0 1 1 1 1 1 0 1 1 1 1 
1 1 1 1 0 0 0 1 1 1 1 1 1 1 1 1 0 1 1 0 
1 1 1 1 1 1 1 1 1 1 0 1 1 1 0 0 0 1 0 1 
0 1 1 1 1 1 1 1 1 1 1 0 1 0 1 1 1 1 1 1 
1 1 1 1 1 1 1 1 1 1 1 1 1 0 1 1 1 1 0 0 
0 1 1 1 1 1 1 1 0 1 0 0 1 1 1 1 1 1 1 1 
0 1 1 1 0 0 1 1 1 1 1 1 1 0 1 1 1 1 1 1 
0 1 1 0 1 1 0 1 1 1 1 1 0 1 1 0 1 1 1 0 
1 1 1 1 1 1 0 1 1 0 1 1 1 1 1 1 1 1 1 1 
0 1 0 1 1 0 0 0 1 1 1 1 1 1 1 0 0 1 1 1 
1 1 0 1 1 1 0 1 1 1 1 1 1 1 1 1 1 1 1 1 
1 1 0 1 1 1 1 0 1 1 1 1 1 0 1 1 1 0 1 1 
1 1 1 0 1 1 1 1 1 1 1 1 1 1 1 1 0 0 1 1 
0 1 1 1 1 0 1 1 1 1 1 1 1 1 1 0 1 1 1 1 
1 1 1 1 1 1 0 0 1 1 0 0 0 1 1 1 1 1 1 1 
1 1 0 1 1 1 1 1 1 1 0 0 1 1 1 1 0 1 0 1 
1 1 1 1 1 0 1 1 1 0 1 1 1 1 1 1 0 1 1 1 
1 1 1 1 0 1 1 1 0 1 1 1 0 1 1 1 1 1 1 1 
1 1 1 1 1 1 1 0 1 0 1 1 1 1 0 1 1 0 0 1 
0 1 0 1 1 0 0 1 0 1 1 1 0 1 1 1 1 1 1 1 
0 1 1 1 1 0 1 1 1 1 0 1 1 0 0 1 1 1 1 1 
1 1 1 1 1 0 1 1 1 1 1 1 1 1 1 0 1 1 1 1 
1 1 1 1 1 1 1 1 1 1 1 1 1 1 1 1 1 1 0 1 
1 1 0 1 1 1 1 1 1 1 1 1 1 1 0 1 1 0 0 1 
1 0 1 1 0 1 0 1 0 1 1 1 0 1 1 1 1 1 1 0 
0 1 0 1 1 1 1 1 1 1 1 1 0 1 1 1 1 0 1 1 
1 1 1 1 1 0 1 1 1 1 0 1 0 1 1 0 1 1 1 1 
1 1 1 1 1 1 0 1 1 1 1 1 1 1 1 1 1 1 1 1 
0 0 1 1 0 1 1 1 1 1 1 1 1 1 1 1 1 1 1 0 
1 1 0 1 1 1 1 1 1 1 1 1 1 1 1 1 1 1 1 1 
1 1 1 1 1 1 1 0 1 1 0 0 1 1 1 1 1 1 1 0 
1 1 1 1 1 1 1 1 1 1 1 1 0 1 1 1 1 1 1 1 
1 0 1 1 1 1 1 1 1 0 1 1 1 0 1 0 1 1 1 1 
1 1 1 1 1 1 1 1 1 1 1 1 1 1 1 1 1 1 1 1 
1 1 1 1 1 1 1 0 1 1 1 1 1 0 1 1 1 1 1 1 
1 1 0 1 1 1 1 1 1 1 1 1 0 1 1 1 0 0 0 1 
1 1 1 1 1 1 1 1 1 1 1 1 1 1 1 1 1 1 1 1 
0 1 1 0 1 0 1 1 1 1 1 1 0 0 1 1 1 1 1 1 
1 1 1 1 1 1 0 1 1 1 1 1 1 0 1 1 1 1 1 1 
1 0 1 1 1 1 1 1 1 1 1 1 1 0 1 1 1 0 0 1 
1 1 1 1 1 0 1 0 0 1 1 1 0 1 1 1 1 1 1 1 
1 1 1 1 1 0 1 1 1 1 1 1 1 0 0 1 1 1 0 1 
1 0 1 1 1 1 1 1 1 1 1 1 1 1 0 0 1 1 1 1 
1 1 1 1 0 1 0 1 0 1 1 1 1 0 1 1 1 1 1 1 
1 1 1 0 1 1 1 0 1 1 1 1 1 1 1 0 0 1 0 0 
1 1 0 1 1 0 1 1 1 1 1 1 1 0 1 1 1 1 1 1 
1 1 1 1 1 1 1 1 1 0 1 1 1 1 1 1 1 1 0 1 
1 1 1 1 1 1 0 1 1 1 1 0 1 1 1 1 1 1 1 1 
1 1 1 0 1 1 1 1 1 1 0 1 1 0 0 1 1 1 1 1 
1 0 1 0 1 1 1 1 1 1 1 1 1 1 0 0 1 1 1 1 
1 1 1 0 0 0 1 1 1 0 1 1 1 1 0 0 1 0 1 1 
1 0 1 1 1 0 1 1 1 1 1 1 0 1 1 1 1 1 1 1 
1 1 1 1 1 1 1 1 1 0 0 1 1 1 1 1 1 1 1 1 
1 1 1 1 0 1 1 1 1 1 1 1 1 0 0 1 1 1 1 0 
1 1 1 1 0 0 1 1 0 0 0 1 1 1 1 1 1 1 1 1 
1 0 1 1 1 1 1 0 1 1 0 0 1 1 1 1 0 1 0 1 
1 0 0 1 1 1 1 1 1 1 1 0 1 0 1 1 1 1 0 1 
1 1 1 1 0 0 1 1 1 1 1 1 1 1 1 1 1 1 1 1 
1 1 1 1 1 1 1 1 1 1 1 1 1 1 1 1 0 1 1 1 
0 1 1 1 1 1 0 1 1 1 1 1 1 1 1 1 1 1 1 1 
1 1 1 1 0 1 1 1 1 1 1 1 1 1 1 1 1 1 1 1 
0 1 1 1 1 1 1 0 0 1 1 1 0 1 1 0 1 0 1 1 
1 1 1 0 1 1 0 1 1 1 1 1 1 1 1 1 1 1 1 1 
1 1 0 0 1 1 1 1 1 1 1 0 1 1 0 1 1 1 1 1 
1 1 1 1 1 1 1 1 0 1 0 1 1 1 1 1 1 1 0 1 
1 1 0 1 0 1 1 1 1 0 1 1 1 1 1 1 1 1 1 1 
1 1 1 1 1 1 0 1 1 1 1 1 1 1 1 1 1 1 1 1 
1 1 0 1 1 1 1 0 1 1 0 0 1 1 1 1 1 1 1 1 
1 1 1 1 1 1 1 1 1 1 1 1 1 1 1 0 1 1 1 1 
1 1 1 0 1 0 1 1 1 1 1 1 1 1 1 1 1 1 1 1 
1 1 1 1 1 1 1 1 1 1 1 0 1 1 0 1 1 1 1 1 
0 1 1 1 1 1 1 1 1 0 0 1 0 1 1 0 1 1 1 1 
0 0 1 1 1 1 1 0 1 1 1 1 1 0 1 1 0 1 1 0 
1 1 1 1 0 1 1 1 1 1 1 1 1 1 1 1 1 1 1 1 
1 0 1 0 0 1 1 1 1 1 1 1 1 1 1 1 1 1 1 1 
0 0 0 1 1 1 1 1 1 1 1 1 1 1 0 1 1 1 1 1 
0 1 1 1 1 1 1 1 0 1 1 0 1 1 0 0 0 1 1 1 
1 1 0 1 1 1 1 1 0 1 1 1 1 1 1 1 1 1 1 0 
1 0 1 1 1 1 1 0 1 1 0 1 1 1 1 1 1 1 0 1 
0 1 1 1 1 0 1 0 1 1 1 1 1 0 1 1 0 1 1 1 
1 1 1 1 1 0 1 1 1 0 1 0 1 1 1 1 1 1 1 1 
0 0 0 0 0 0 1 1 0 1 1 1 0 1 1 1 1 1 1 1 
1 0 1 0 1 1 1 0 1 0 0 1 1 0 1 1 1 0 1 1 
1 1 1 1 0 1 1 1 1 1 0 1 0 0 1 1 1 0 1 1 
1 1 1 1 0 1 1 1 1 0 1 1 1 0 1 1 1 1 0 0 
1 1 1 1 0 1 1 0 1 0 1 1 1 1 1 1 0 1 1 1 
0 1 0 1 1 0 1 1 1 1 1 0 1 1 0 1 0 1 1 1 
1 0 1 1 0 0 1 1 1 0 0 1 1 0 1 1 1 1 1 1 
1 1 0 1 0 1 1 0 1 0 0 1 1 1 1 1 0 1 1 1 
0 1 1 1 1 0 0 1 1 1 1 1 0 1 0 1 1 1 1 0 
0 1 1 1 1 1 0 1 1 0 1 1 1 1 1 1 1 1 1 1 
1 1 1 1 1 0 0 0 1 1 0 1 0 1 1 1 1 1 0 1 
0 1 1 1 1 0 1 1 1 1 1 1 1 1 1 1 1 0 1 1 
1 1 1 1 1 1 1 1 1 1 1 1 0 0 1 1 1 1 1 1 
1 1 1 1 1 1 0 1 1 1 1 1 1 1 1 0 1 1 1 1 
1 1 1 1 0 1 1 0 1 1 1 1 1 1 1 1 1 1 1 1 
0 0 1 1 1 1 0 0 1 1 1 1 1 1 1 1 1 1 1 1 
1 0 1 0 1 1 1 0 1 0 1 1 1 1 1 1 1 1 1 0 
1 1 1 1 0 0 1 0 1 0 1 1 0 1 1 0 1 1 1 1 
1 0 0 1 1 1 1 1 1 1 1 1 1 1 1 1 1 1 0 1 
1 1 1 1 1 1 0 1 1 1 1 1 1 1 1 1 1 1 1 1 
1 1 1 1 1 1 1 1 1 1 1 1 1 1 1 1 1 1 0 1 
0 1 1 1 1 1 0 0 1 1 1 0 1 1 1 1 1 1 1 1 
1 1 1 1 1 1 1 1 1 0 1 0 0 1 0 1 0 1 1 1 
1 1 1 1 1 1 1 1 0 0 0 1 0 1 1 1 0 1 1 1 
1 1 1 1 1 1 0 0 1 1 1 1 1 0 0 1 0 1 1 0 
1 1 1 1 1 1 0 0 1 1 1 1 1 1 1 1 1 1 0 1 
1 1 1 1 1 1 1 0 1 1 1 1 1 1 1 1 1 1 1 1 
1 1 0 1 1 1 1 0 1 1 1 1 1 1 1 1 1 1 1 1 
1 1 1 1 1 1 1 1 1 0 1 0 1 1 1 1 0 1 1 1 
1 1 1 1 0 1 1 1 1 1 1 0 1 1 0 0 1 1 1 1 
1 1 1 0 1 1 1 1 1 1 1 1 1 1 0 0 0 0 1 1 
1 1 1 0 1 1 1 1 1 1 1 1 1 1 1 1 1 1 0 1 
1 1 1 1 1 0 0 1 0 0 1 1 1 1 1 1 1 1 1 1 
1 0 1 1 1 1 1 0 1 1 1 1 1 0 1 1 0 1 1 1 
1 1 1 1 1 1 1 1 1 1 1 1 1 1 1 0 1 1 1 1 
1 1 1 0 1 1 1 0 1 1 1 1 1 0 1 0 0 1 1 1 
0 1 1 1 1 1 1 1 0 1 0 1 1 1 1 0 0 1 0 1 
1 1 0 1 1 1 1 0 1 1 1 0 0 1 0 0 1 1 1 1 
1 1 0 1 1 1 1 0 1 0 1 0 1 1 1 1 0 1 1 1 
1 1 1 1 1 1 1 1 1 1 0 1 1 1 1 1 1 0 1 1 
1 1 1 1 1 1 1 1 1 1 1 1 1 0 1 1 1 1 1 0 
1 0 0 1 1 1 1 1 1 0 0 1 1 1 1 1 1 1 1 1 
1 1 1 1 1 1 1 1 1 1 1 1 1 1 0 1 1 0 1 1 
1 1 0 1 1 1 1 1 0 0 1 0 1 0 0 1 1 0 1 1 
1 1 1 1 1 1 0 1 1 0 0 1 1 1 1 1 1 1 0 1 
1 1 0 1 1 1 1 0 0 1 1 1 1 1 1 0 1 0 1 1 
405777693 312114021 814894053 15378137 612449746 920261259 337622374 690872495 392601368 372891415 190849530 594390267 562205593 855371257 455631653 187018843 992690130 614751385 396295805 439548958 
363332243 322532687 964439599 596944586 343121282 981703659 994816376 447548565 242855320 894241327 53112108 578715116 391607203 279108688 965106739 619590128 278719683 655519097 727732231 839125747 
51100397 65799239 445382968 657042175 72899945 243453774 426635240 510253136 166213977 32125329 331093071 632369621 118682153 297328399 599842616 43004850 962761248 440879410 798329473 586648514 
5407447 57662301 241678751 427474446 571561404 332269416 901114392 126818647 482237582 880878107 781267976 323779473 69964259 661196725 316431005 170583653 211603879 149438568 311143578 273081262 
554131859 52657368 15119575 396147197 659802554 851378852 700824256 525136150 270236929 388395223 785617618 987211376 325702049 817955954 751681313 559985081 972933544 717006062 683827157 82680143 
780544885 835141811 89289639 832919240 384133695 391248288 74475624 890334060 896458383 21832070 908196732 224183478 304664257 116328110 851241559 546664662 738871175 418189391 53146375 6955825 
842908774 398437144 346399913 451676384 90122295 895583660 427556850 919563565 12289447 68033825 910845864 497593881 194230199 293902720 927162662 296681689 844712509 172325448 224961756 813467220 
133116513 617714411 332398284 575418278 250337058 351164239 484409103 289108641 718760398 115505230 126876238 680054343 426413709 582275127 481057352 467017552 869455063 393289547 873578067 912737450 
938246137 778246209 569306067 845222900 428318613 643382466 738463429 403348995 463960094 384010733 115657271 621626205 834517856 462746837 456497356 3446975 686887158 121681662 317553981 439229340 
425357009 524184291 781484755 432584341 524403128 514160755 579243503 909481474 476341699 26235279 11533441 482888817 19853023 408649358 256841365 62277409 503431501 585431738 724913858 156668550 
15694370 869097680 403002041 459501256 8005577 465004419 469003196 641086532 299422333 478555642 143142691 202246153 221467856 614553677 265977560 608821340 31622181 305167372 567630300 44685622 
481536314 48094392 292977857 110287041 505661592 278296649 34329134 843645918 52575008 432530342 477541215 171180706 508630667 933394224 208304290 10360019 566552030 72928054 95050202 242316912 
457355768 861832323 290365184 393942055 8575496 967569613 587178141 19632092 225328152 603386691 909645905 970134826 845262204 947601671 864338255 811990490 812270436 95710641 499435743 54052460 
17328976 35735495 124260059 524472983 720229270 419562829 263370290 266174913 591242206 43597873 670631272 17109894 919504293 174768857 551655188 219536439 996670654 553460897 69556831 932104535 
151228364 446182999 458154893 877770272 990724298 981941947 33229933 920784892 967005571 106268422 639198438 161860365 181727258 554841952 329937782 757245606 736393092 780993383 763348394 63128014 
847564809 51947182 847237285 714244037 907862982 4829501 182460831 494713975 17005358 28681226 493543011 160616715 163800452 481648008 750360016 717613143 878178659 790812180 16408664 380085096 
460207414 18492552 53104773 330272254 564602816 918160044 148616048 947118862 181700757 786672063 292593992 317530431 490313887 779591411 886988241 397963117 181183131 328980462 48957666 424759593 
578114457 284516170 334536421 123218743 156033919 820822294 639158619 902699023 6262150 552388435 44105557 743869533 392943804 77694584 722990588 32951168 723529857 288995822 245227786 634760207 
291458314 816115860 119898958 863808592 285043681 752191804 515182381 890721983 108976226 587267884 480433948 825456269 358401088 56329886 450285094 629054493 557903870 39844160 588011628 235696521 
256222070 981865143 336587680 881745691 255522389 67927315 251723657 127598549 752806045 590359909 747622019 971564521 690244386 712052774 977233404 697380674 460224526 877823434 69469942 256895482 
450059101 756592440 195417741 901892321 794479457 160008776 163372647 950446076 188625215 170778186 523459909 203383043 204079473 110065792 275212155 200241122 75236418 8009886 772167534 314337082 
209972820 62745936 173116955 424457437 465783069 854098102 912032656 499824213 707636070 529495262 122398577 318840158 426361291 277098576 596971893 396207207 638494526 329161351 407011815 896471828 
551947652 16156783 909029925 682070719 808236470 799471854 927364388 790188787 416266434 906699094 734504938 528154096 263135207 402803187 797209106 144866602 316427580 11270786 656299596 415862218 
182137897 690681527 88773339 214672683 870474221 199396022 403755541 661038430 253285911 532359067 503917286 813261222 467184396 458969075 597619021 12907259 418221703 7197761 676189917 984407181 
232065556 786390906 199580477 242614327 469769109 1954697 63311017 747168528 403643838 710538700 404985967 53297632 722927768 734358421 692202355 693106081 6115840 39093929 20488875 364685318 
538514986 276718021 313494436 509892593 364179480 226151700 52589820 68627962 67901988 595823290 589106917 726180080 86847099 429316940 838802344 542042704 924303262 707844693 246984735 161499856 
352108771 647146195 890094650 630595287 411123442 570356664 47289211 892125953 586803273 620309610 86789498 859850911 783246777 680048963 232134242 332429877 135987942 427120658 274356082 188657659 
254355147 596204696 123002749 495875164 7806004 80788747 565498730 900003962 110406210 685436567 939257524 76077224 323255531 200708568 159093739 681849071 12148087 645361505 26848562 486703498 
987282180 535905336 84696255 814801770 813400835 175791703 119340383 90016946 212584888 636127533 652636911 400237884 937706174 723339803 345262819 236776210 559090049 523136248 52866242 253208310 
270055874 784064653 120461993 568520922 17160214 287695641 17662404 351781993 828312168 869236430 892934872 762439036 890904690 761026131 804788924 508433574 991882312 955433280 371438299 128717737 
486959821 964409509 40264115 42826237 467483708 81826691 712774489 429185361 694250657 927896401 208998899 222802434 960629853 242466937 603014716 105756582 442603685 213915352 660850692 321938819 
403911683 614859330 223428270 320463640 593309396 735718139 428904880 756594835 70737864 378704447 847964438 257676121 315313254 986185403 49970686 913595009 951361925 460536081 145505054 18174808 
977402836 5412951 784280891 819238368 129106003 983785114 367281071 912888138 376915159 895870292 673046764 737009792 41257098 865868282 427899634 446377629 927120489 436980336 896830427 764439409 
560356292 637125010 871469649 822890498 664409282 812561325 381870610 430977798 738869466 964000516 247727219 331296106 362032474 995697740 690350297 442437327 554152932 99207984 78062914 383197704 
979837677 565593806 249300666 131088797 505837116 995206711 157905382 815119435 40525681 378535155 390402941 274008449 139140731 164102011 301555914 559828452 890448416 17887165 652175404 543240140 
863873146 159766940 15004053 464681925 486061940 612573037 524840719 176593167 182715729 585586300 937082163 741690911 802240805 139621252 121549744 796382492 952413018 912639802 749307338 564740194 
913567276 537348803 849474263 638004994 243672621 77380665 608192195 888230208 886452931 860752683 711961230 589806867 749676197 373658906 825017545 823038633 302977121 99627516 348563997 569077985 
719721177 607883452 387849668 455391695 5623233 72934327 484811277 193242939 74520097 66673985 853694684 443952930 620756699 353532960 455783464 524695604 699904283 957917197 577238652 543497812 
8623336 767958581 26477429 446891804 356469147 173321660 750583883 276006486 376991329 239125560 759284801 556569220 112114364 17287729 705796404 675629400 362014464 57331624 997215249 613844028 
21783766 288098448 733121886 664550604 70084540 877631819 75440560 213041495 796835204 702296885 604987955 945437027 297465553 924418333 443354406 527694373 181231517 810771396 246834781 377629452 
735266741 202636897 743974845 686537272 64789306 48927516 408240579 943137019 959204130 472362904 780102653 592312415 712312246 102607202 112919951 901471647 404569874 476113538 37766576 518792876 
360450472 965119475 550976554 829449898 35405500 904449058 505029086 708395632 184121065 853555057 381090109 72979723 868242075 772425911 900431568 969401405 672240276 478460862 696838577 261760247 
348061800 238042051 565345296 273305570 151791360 418308090 329016239 292767195 535780122 199555079 135096934 647136370 827331527 716744838 811529888 541567594 189272812 819091332 62610396 328485949 
862150081 480045316 610269997 689608853 803145045 46386043 215626682 878759123 418135817 695620692 88908607 319682956 837537040 732163180 547960458 338368263 179418870 608078999 32836095 660892097 
683921942 561744410 696687124 340145897 949590561 537998127 172409813 964708580 115202462 242695044 653301090 337920970 28025445 405305531 928050796 249842151 30447139 954265324 361099452 425160763 
470646489 400436511 859881644 120783611 978499420 723646931 386176427 932289037 25486294 581816185 560339645 70188432 607812164 465971449 441163513 950491730 16358135 472981036 103716362 297420375 
779991316 360140897 56223919 76092761 326210323 807610072 791254331 232226115 724859715 520117066 323821589 155847348 387182660 979228255 453301304 279537026 932382092 592174134 275010484 589161781 
228989923 786172129 563050539 343045512 603122151 425925862 771556182 72665835 1037448 28842431 464985982 496297732 466065293 745713243 882323459 493055273 643186189 254604187 193655256 580077287 
229239543 600013013 701557765 81434751 262238603 60039252 70856739 873497955 323927518 180374487 946334436 527320253 171314522 57235726 303088777 617514473 428701500 418639392 406491497 133145846 
192660756 323360295 578769521 833662761 140221257 436776370 910722462 928167802 402223506 73768769 739526277 699988757 718363518 365522894 481312460 749229530 726933741 102898495 377349806 369690333 
388212372 941637876 447681915 354698471 542353021 989175872 579461653 568632051 380221572 957867239 748999540 874005682 417213148 863749029 304603427 44950280 232401544 81421990 604947393 183935117 
637123554 753773071 275092865 535211532 608895768 598911092 260817578 22232839 802020522 883332959 426920472 993185329 749946349 571175888 584797625 215953906 496997771 270663351 580645649 408125671 
216564736 946735483 517608374 426591840 39224350 620237431 38813141 623609568 635628427 864465272 965215403 821040288 771287870 551867457 404693261 566113293 3627012 471780103 100917728 595234885 
44876546 566404340 884403361 137199518 496820777 522280104 478858719 792664095 800704708 495735988 31807932 884708356 233435119 899163165 41704560 680494654 805637917 173781727 714676934 231431921 
706036881 212739687 307634844 568279029 764775909 107683352 48327527 736010582 313856134 766394311 599246509 331335124 697479734 1414207 803971210 26836836 327156105 637678526 861835308 82068396 
608300648 500580981 268875862 62689418 189584018 792018188 187332577 840900750 84527638 642127132 581036598 288092028 336714714 384900531 706262997 912428748 40956439 673236948 810202833 451463721 
719659738 654356213 742906706 851549173 169756805 574649727 850425873 202797507 402516556 223277393 855068384 913227995 685241528 731850812 18936095 838265530 380781095 65346696 210038856 649851279 
847541066 458746223 571137637 602766528 33068965 955199389 477011605 656125283 707405332 816140726 536642954 729498309 635946305 917930191 55855629 18943719 703620143 987863284 77940088 742669051 
347447986 195448225 116589627 209607659 186386931 25634377 391292504 202004179 565777648 843631314 975867880 386241922 236259578 741384214 7596436 447711997 535371318 961033316 620327195 212436988 
39974941 714669053 831986131 976707435 89910780 728718744 746388768 528308970 782738292 479825630 225090303 113508173 323481851 933806318 989063806 800235805 950967385 976100570 264059456 51824916 
42131755 419369001 666722558 865921190 224151909 997255507 897400321 705945203 352605641 52184135 525830570 531450582 146241136 10209001 616134122 62665817 719508297 868953485 190914250 242678846 
501638293 973711229 346016484 540254968 30661478 133596025 983071720 682417327 61823530 271887409 897535768 373061056 489618715 917042380 148614604 220235578 100217547 196621669 415649262 649624419 
376038559 260814729 120193663 952459825 449507152 30274233 419683345 615159249 404450154 510269679 597793099 783134499 491406801 634417938 31811433 490031676 477734967 321850753 293663417 537598691 
205402535 507131021 943310622 68899092 282885886 702890238 824606865 338808193 764183405 69612683 569363355 87991820 37269751 313927272 940619228 278067789 909963514 189726641 236342919 430020626 
782625951 434931711 417208036 12677082 846505320 311312860 484098765 40360281 442129834 267589446 726518065 510601208 763023631 517920302 663504020 122883922 179059988 827653372 339551117 426760120 
431372681 433837833 681158982 440787630 76701973 247195939 766230016 70614890 950847919 893300237 596676493 63049564 807587110 888251132 783745491 626162338 50667930 316875803 220229456 879490192 
9748992 350394632 329169297 209227822 277194402 750973269 857156025 436479161 473845149 731377928 96477440 226165281 1413985 24661274 610474289 443413897 76929845 708581372 60486955 55385545 
532318128 633241102 420684129 304844784 45204288 505041447 147588187 486525884 345741480 426732048 441859890 937459744 952720250 412928776 907263511 851877830 50258081 42313281 712612045 72238474 
926025433 390964577 961495851 15984891 910888757 731612930 753733019 441934558 929252760 735578931 897447326 645513642 151451964 661434357 238962245 788459021 443761967 604356030 717031609 141238118 
215492816 953295866 740017332 828776521 211284055 834807173 508334342 972710655 847670602 986174770 30733328 852583939 757661449 320266823 42636365 611969158 838265667 140948734 970373316 245493483 
916129406 976149254 519346583 794531660 842083475 619332608 45154424 307903987 646318384 894750211 942324014 674460130 828059733 598516249 168940053 631093580 631277271 385015999 938093723 716351001 
750484191 271097448 994565571 841857638 801148012 496185339 353492646 145497346 146318797 368625488 583077101 200121842 6112295 467722167 2128727 840076015 953774070 685177457 369889851 417289187 
604734852 547760949 884244475 486080367 667176308 748582061 467171733 958787431 226747706 516846838 244042519 764441940 524220320 491315748 334673957 788739826 278611266 358799035 75836534 506225328 
808516882 921824823 525024341 114963507 550069461 932065669 656405792 658426067 446681508 500355975 133168588 61686810 883126380 345718165 66684767 660292685 900947567 105311222 688786804 815736540 
769692096 74750570 231827131 187866353 397447627 482885797 385230199 905023463 22544331 958750409 75810814 899241423 41873233 770808307 118864188 336082412 520031941 332802224 487792944 662715704 
891592669 243109763 939165037 568648413 434978855 533966177 698038682 670760125 13107588 54925365 424976371 816415723 274223786 285657437 22723014 742041903 61880226 692492843 871466999 865712518 
328651336 662343780 682638205 68375198 667105998 496564932 297809378 672622431 270477368 391765369 958093767 729191518 101148897 628600484 634268509 35964007 898149109 820962011 154714349 527901950 
245601526 373115305 877331281 40200913 512306743 144947724 348667513 424142414 819861348 31723253 981795303 882567181 955749112 520319949 615010611 213579104 52288964 143065323 384476296 396840139 
768202607 146286623 920041765 197278342 719878897 761327914 822751709 789462269 152479511 378340930 645040023 779188560 82130690 298520722 563202510 24248274 571796136 32236727 330968850 989454478 
215621457 868319046 441513350 630493118 52090907 48189762 202117984 229546579 95295094 291298471 238368621 391686769 295568041 244457698 837196170 16964591 560424012 282679125 424516395 851501274 
909568715 63864789 619231192 361264627 690800105 680541489 684246443 846178093 77205051 637469090 701498835 435250224 625245609 117214044 586450196 321381593 597686257 70136070 310135877 319872439 
85254948 985267768 255877329 4916366 893210662 797351938 636130614 601416921 119862066 444637541 45721992 626820161 50949202 970160088 138066928 895244071 555376620 757915589 831490342 50234656 
263872306 419236105 581631227 516816243 666640557 297243511 68195026 703847324 740722875 252730198 194512417 226433996 921764364 658314718 296440564 966696807 843425318 305577407 780338794 753107333 
431994339 888623003 527294262 58801009 61694447 884659847 873020960 244128045 843998026 306169998 59172481 859766252 756278220 218542893 703106763 305068183 568506012 244463576 222609662 916006985 
240148663 497408115 721455924 228258003 820277616 428348378 756416535 628326200 39365354 29479513 122619749 885235249 920222367 719102518 478805619 701455019 121881053 52806690 737355942 29096004 
40398404 711591884 105771004 667956690 642245193 414939215 187397505 481681884 22490550 405493949 774959578 632799007 465278503 244215966 72705470 67352842 680357775 876226667 421599864 870934594 
60146864 390592018 200274535 874047263 470863783 651270518 892176766 350647853 720126559 104016108 328836548 260534445 386424600 676064703 25491413 626135313 620126442 851120301 840018783 117507459 
330937403 690198120 913655718 66016350 101285707 543796246 188080128 22646963 864844457 972243921 762090585 966778566 572299707 652804391 939844017 58935439 654705466 863368603 150618777 560390713 
809949620 436514083 782016442 412073638 365843464 512002728 483135566 275100649 851322349 832992393 708602532 967995339 111851628 471552280 363930784 39869510 517550689 836260635 323093561 909956109 
125948158 223581772 563617786 725067523 84807752 314936282 657272705 463662783 358228889 996718310 395226115 200258318 955498012 683194631 547045574 494231153 73050963 70528709 532908966 766116507 
960542612 203185186 525020560 32009459 667510920 733063437 461777674 539593496 399148459 24800750 270212265 860692313 973959375 821760029 222539673 491865401 562679449 561868394 353007129 353846769 
78413570 155884950 9111549 824327405 110290391 15758552 758543146 56101964 139264826 511404633 839646237 566239589 35478559 415055801 484322916 985860414 615920335 847773320 932363555 393008403 
41848680 770622669 358626193 690671317 13539419 126476675 672101752 76250536 288307949 967819543 490409913 679541348 849093559 129772011 59791557 228430868 985892646 290113750 940400933 30950521 
658881019 762940834 457389043 826733705 921934284 237590412 244672351 979603690 185681282 725381576 964132139 810118776 278210009 903274490 380703535 678788803 828786146 329218750 161178582 898028689 
228522884 570285089 996152991 780138584 21651446 22846502 3989661 42110148 388405320 677928258 79721719 966083385 115633624 63875295 51070313 14590022 560215773 50371549 1053377 619221047 
142249695 812671757 282348899 392055685 330129212 936511412 665732549 567053154 24360869 937135118 696724724 618860082 813201055 17225673 186213645 531852301 550945282 550270085 909222340 57686846 
31215484 887659099 921688289 875529417 751402256 110824530 822280894 354945245 722418065 769869035 485468874 49501029 714226984 21230230 222908425 424452220 31953362 847266876 7837073 634491123 
110619619 920618420 527647504 658583246 861688444 493521997 134649154 347914692 14719000 816509770 84893307 755463107 788767494 91007073 305854242 231130474 51643875 369018939 214662706 314725005 
496265256 628148983 819128763 27453107 519519900 718635175 511108959 582246812 526668765 75619793 657263831 623078325 913416412 860526575 587159660 826276514 803894621 499749359 231211390 104506812 
218755195 462985396 745806080 82266767 230508833 143912852 977435130 117113180 31811218 538520792 503548422 47047061 580077795 541713983 660228563 471307877 860569980 893857147 335263141 3457829 
725810074 745954483 485422546 811743207 648139984 800928511 197910343 394261999 532809089 147079407 402506753 214795317 812652904 741680388 201429909 590386149 455653392 217946165 849759145 7140575 
475807068 931842667 206289016 15358519 61612545 890048261 203818322 141684406 355251206 918018389 494476569 510572888 849551179 150833442 819747525 942592460 214451711 248907556 293079521 245425398 
478472489 83440011 38221580 555092336 607428896 220305528 592924793 75686916 954639890 21662338 520459887 985373748 328853633 250868019 524573642 297246899 713030082 442269064 181769848 181451754 
305972348 700916853 177127421 167868531 656807215 414772062 378930671 220714401 50655913 322339999 195349115 725797878 533808787 420101125 138769630 464757164 100128228 150778706 303337965 92147501 
680954216 874213053 50447501 377959322 222103106 955494768 51185210 584472904 548214374 651569673 789165958 198478398 404414749 689303321 182222992 797799608 443249542 977685416 565969297 535699368 
829888784 528374703 837899092 570847024 55018497 731248796 93804471 893843753 324584946 174519762 400185903 583182750 198744145 336506150 37322818 342898513 250016989 673897315 835029516 879126582 
265616941 287034566 610394811 337487348 879147050 792975747 771883282 464708199 43126927 742863423 99489770 18992160 994031473 911015060 469636780 126538466 8931250 54280080 903707096 107904039 
704135052 469770294 340290433 955287449 609011981 801467899 541963215 353788826 45503123 792264522 546240891 721908157 26638168 801922561 914215511 206314314 348174306 384877554 597697476 990950846 
599491214 224126819 382489401 560084809 293473294 977442702 23807683 275790670 825456615 111028514 884454784 130766566 125128946 677950144 117327906 78069085 328421852 903780734 14551410 421115060 
550272422 12479847 310879946 190405149 529664038 965154297 285081754 25147009 113839749 448581287 995494629 440935167 25632702 472052565 133627329 290487651 164828454 771726558 970479066 290892979 
250067678 14355856 38118638 301823399 158386274 977333679 261894739 579280683 457943294 888920046 663382893 18474719 474485844 794473978 793814073 972834199 862484183 82734319 67282884 249037788 
941599315 357063136 616831157 637050473 462749283 926752339 755835327 25918127 433983736 874757315 23426606 56552272 860288729 185828637 749216357 497321129 764032030 10965314 767732818 254820673 
487982260 465277324 938640383 230127195 910849244 766388545 51004421 1087593 649611692 144677666 766198295 175525782 912537996 20088287 797634420 717380668 822375610 491450527 967805301 45304684 
390036935 256829309 573741572 765950825 401625623 963045382 25085985 56684588 291627621 951918012 17889377 658700257 445831997 952037014 901234024 529637225 343031168 240703358 668178547 884373206 
52610788 456956113 655854032 410559986 792144497 958149347 189362530 356864185 250976517 753611384 25050914 90721242 932616656 572607820 559969177 307306810 377696985 771051148 174714983 5399664 
848814455 446845787 153557183 660461387 895607513 983881550 74990057 927587911 14732414 66752752 852325311 705479964 843510975 862232127 392755504 25219887 808954689 933527852 127910080 841003039 
654950786 616524831 941165830 441063481 277111637 792354417 302904620 24961284 681623389 794726640 277394803 530107830 785121173 745976415 631656365 740438973 790761929 806253555 668302273 897478456 
330645530 557049303 118941738 3450746 38082940 666346409 171788920 774792078 654748220 392974587 338575309 771092142 182420596 593913299 824212833 838438090 396859541 423283499 735826175 801701639 
669539813 608388977 721121670 659839037 60672766 416922376 372023145 841982329 695574091 127577285 57546032 449859193 537917071 413378164 743458804 5046833 255703902 785768785 725022694 656417613 
558093730 320029327 9769161 358891686 739751960 662710228 540236404 487998924 580990928 583173050 107575633 836140932 234468528 323177039 358792929 732262470 246256114 711732630 979094069 371651773 
637206177 267004421 451115126 132102219 118492704 23814916 169485662 24607108 810590371 526339958 99859389 351772334 210705332 87635496 15996404 353049159 475165359 263027298 418524798 205496191 
655425351 779171934 425140323 12887737 880126463 587084235 727578562 623591951 228352689 198019658 299029072 346440140 106031370 933024754 299126739 30124270 240608524 11103180 672420519 366145966 
178081675 804496984 102010938 5513712 914926257 679365638 392917392 965455826 221121146 445474237 251511743 269923876 982969656 57104727 12925042 599029993 352052240 437540388 680343147 746994138 
503876476 127832419 11663866 172973283 203117511 223531724 736200072 464870564 461642131 914280713 769548815 494833394 667160150 926113335 926560158 299219284 214986969 394454122 18482650 797275526 
273454520 650162726 368387191 423290361 315801573 918820583 651424707 482687569 153864485 522538906 680580380 978715622 34806416 142492449 957924212 868309572 418837783 69963474 212550612 599510954 
876022262 285958906 588817879 488387983 828728133 733884244 84120618 303837464 486906988 216375186 153220371 60268451 390982314 854026204 561552103 944491328 90502542 413688139 815907986 9924402 
178651005 953284205 654863891 658214003 165404210 420306885 673739005 765234733 780452666 491237448 936441079 905920066 43013235 586101217 795029565 961186245 824218775 607359470 991033373 700978558 
348724139 591945152 522232187 576954986 869277582 497078047 86520142 501858872 132992113 120842436 290479392 910842829 856321369 230253278 68410257 735477697 8578207 602630029 150963413 880839905 
778335344 348561258 284345138 320840875 53466956 516525565 442356611 917139412 278243468 389332549 84104632 561590981 29039829 357187380 314092883 411578906 393546406 630059056 883175916 448096034 
806077136 84286867 545173422 536740961 7878903 612101419 768849880 549833233 61307925 867736251 994001213 621685405 439779065 885589113 464558276 465420069 464859329 389777294 195568104 970623997 
426075492 459353241 779708217 567219502 293277226 34251819 327711450 312886003 333201969 692949837 59516673 525145660 861935338 884977655 365817467 768847151 59820184 599338390 224910629 53090209 
57291481 857012622 50800754 6618018 328866070 737068981 2793452 276335088 448839441 56979156 182676909 125616767 892293472 660084011 588457698 862619895 296295915 380284138 825207888 492669237 
447028335 662749368 629168846 13822919 663406335 419434544 148638663 879385205 905167487 303201375 435152313 505697460 720099111 748700743 846658745 363123761 472955142 148312415 880853741 300990797 
561127548 677729296 70109455 70236058 764588734 297463866 779177714 57317985 803551830 994687405 458204150 625867040 32518048 54968496 773871506 577094661 36409680 342388350 827013586 677498997 
977276135 371585476 789294037 936586632 860550976 184220453 380551246 787302538 362321161 975358390 701672453 549839226 896152386 106727297 833128019 882102159 741380032 287864326 11786665 217060782 
969904557 638053045 562529291 924272373 769511942 767531894 286058381 572865332 417494043 697744162 649751261 509219694 93802003 915760647 140265912 609685085 975724901 415555176 181319027 610217195 
24322912 242325754 524371315 496510650 13112738 728439144 141834166 29929115 984133286 12623566 402260296 102434587 487068207 830808131 863514319 64612082 34413021 319560009 568661248 741485971 
558837154 992781915 550097190 183789473 832072769 436171111 25205154 475014003 27501524 10317392 242703974 848958870 23042633 878962539 946583929 151489866 2893279 170973699 196030327 586103043 
43685294 161751766 761577486 856341226 657386013 409041558 549471874 179637594 505339241 759939689 340372009 288110436 823311396 197795945 924376815 47108428 937627060 117730340 370750932 945740042 
433917136 220556061 21495145 910087882 385806342 983096650 955413079 62148971 422969912 894261652 586874840 170300163 229018394 267614810 135483451 14663001 98797494 893180398 419474788 97136235 
556970728 454975254 5910857 28521703 38526433 42883467 558384760 982160561 840472745 608497279 566655116 824302434 234171030 687625488 585110715 736855239 602888918 263250645 74783307 238939998 
445024491 526477402 368474904 932126941 91034921 97344923 329624592 716823211 113645881 45571723 735643062 28835428 946401434 455374736 204960930 241680986 488313115 345620997 922253823 113784335 
433599330 945836215 539425804 523933372 923487080 516058216 316728989 809661389 701649146 38543439 513022871 155493218 624777273 453777045 205632375 264832720 864942619 30557401 465341899 649633565 
393678057 460417198 149565879 496955784 895528127 201151512 419462770 669596671 77632527 839649811 801614790 472283558 146916382 704064268 752589460 994588503 314539396 420983141 283735373 73512988 
172427441 17497589 720314490 896068023 58314338 451818630 226360117 393455900 27803697 983754837 200798126 956094193 93753603 973740181 72536998 866073620 163233175 743013613 366287096 517455381 
167535870 419799542 592956940 256238519 947220765 69785021 59043426 501950835 53546795 580674631 18481932 929736182 116291642 445391880 757470004 860487326 224135592 833049195 21587091 858762241 
962375081 115195982 804719608 170266214 54760392 958549635 3395015 735597129 118929763 447232591 374754934 601040092 583942696 740735470 155652882 348534913 43196575 538306829 71455159 71473488 
948014752 636454223 361959964 326914456 23582168 32570056 148446726 59235926 369453128 299352198 793067984 664597439 72075461 488899844 861560041 584356284 278872954 324610741 430752342 317384808 
521500258 364549247 237234475 125537428 615885262 772719164 959966486 21494852 549124325 299744570 489938645 963638063 500189726 766661820 997483707 817303363 995301320 945334903 27831087 113460511 
51644546 236916503 59876651 425403543 739563461 336965303 566336706 732458291 684232278 592383340 6132627 360084144 592808660 10474426 282915672 980537726 89381423 22932255 717721178 158004032 
747429934 2157187 930672633 59925327 742182888 612651726 769522984 196834104 374404172 971217747 993289455 35368760 212420762 421367388 944627944 218800840 441966823 575862184 650986946 759262476 
350233245 597989097 912745409 1746273 91770105 209190981 304265019 223645657 440947083 682861783 899180829 30319030 531201210 603932971 171089764 919164401 23555645 352665542 208575909 19452342 
335569315 280098203 958117254 145840357 635717324 91475607 43648834 659231378 414493293 511365654 236753449 272571782 42331792 788080491 954766621 66647227 387797777 627335773 630472470 818226149 
422727203 112271268 289976223 521391077 330249417 832106864 822101847 196474707 451949405 701832162 382224497 228507389 369235469 727916945 520079157 681852513 266723673 96477191 630647420 750573621 
281819798 61733952 55639095 490851041 64594029 74243890 318917097 539956480 165933917 92439105 55727400 895625698 397594166 502614983 360272929 903476749 37727900 722287506 662831633 452408247 
376892809 764684132 747225037 230559565 502663114 412567412 813630522 43228142 810366593 748950252 149101781 33495026 205379490 453766250 302562861 23724380 956016247 824155775 877913188 249526893 
795657244 192194611 830178226 197983761 191434756 287365503 969509090 985752686 83513458 922533841 156772818 489568092 832285440 182641291 223577591 44488422 226258203 116313989 289085143 161541583 
213558405 750745478 874541198 733165064 883492818 682941135 635753034 936840507 25931498 28411280 746424014 405330243 962075535 903470194 825365747 77872305 167088589 584300812 366657570 40475465 
360628363 470275693 304240859 721022594 167721474 207621528 415620401 997779978 640957503 84500994 80996684 736817215 181291428 414309910 250443749 242767543 330240357 55132081 176485070 917109434 
959064075 54719655 723489640 682272195 960827380 592570174 294916906 277398018 150507985 900537006 558607393 24338140 225305895 13473703 494954859 24806761 490744015 481077449 243255226 39017718 
163490678 25650989 786933207 630333313 807928862 588945115 552207644 787373632 317651611 334025554 730405369 33625626 989216790 812813316 72985712 218502187 550827917 310202583 105040026 1747524 
504434257 206466726 868007712 209564521 644277383 737074109 655553986 735111250 150980008 107508832 237078483 794231787 968569089 185042757 320353978 389429204 577270323 513487381 297216627 833974497 
8948147 53677551 345047564 41806747 806413644 752987110 441168937 836409533 27682969 570122622 584892288 66671032 56640907 156656947 80587613 405364016 973710570 67812081 175724576 807158652 
182263500 875786397 390832058 61109033 399082270 271297162 352634420 24622456 657355300 38961156 687094312 460190428 949798128 902375370 826123590 12568446 639190510 783316109 169233616 600336313 
223983961 275554674 453231134 751129757 17151426 795176597 740254490 957767791 32951440 264375683 55814853 578552615 7930491 816668094 161370545 240844530 629807119 529725757 944586373 83252398 
605692464 325161194 239191677 280430705 306934416 264870178 221167079 627455490 179327034 276678201 56121509 258962781 361693195 15849714 39213747 723423027 438345012 555465484 558930071 602145128 
399360441 901016497 759351282 1168275 661847797 645282821 616079351 429505411 77407764 668818333 546458094 575803829 516743319 300397828 155132337 372348382 850598099 55941687 335758895 957481831 
729100914 216678698 137591276 24049131 199693041 615059522 208982911 262446523 533887520 555301593 8535569 758367322 892283558 16919996 65358310 335290626 493544058 539904945 138104013 33717532 
916595563 933919210 292737710 975874253 23415704 201620627 26009092 276676453 594935289 655139658 291272799 610483181 906484437 51791264 365269729 644341154 33622090 666111901 218085058 184048755 
129600200 301833787 869500365 161738118 867888534 181070822 584846049 609982385 536918859 141921538 868637297 917755905 490292822 35306595 781157125 220239414 67354999 878229463 55233973 70936901 
238168131 831483033 819547829 804891605 940144548 539030492 925910469 184180930 696071766 70410054 932630205 767092637 662130028 912872818 543547911 232063274 219197641 657358444 96937252 89170913 
215275431 703348792 116951845 567189614 973210900 139348812 607538 5477936 432562288 495187729 681083656 369637310 17391087 964488806 43647859 74800989 521697054 204123165 471037145 465925004 
335262550 415451005 534390191 679877496 883621962 821825726 962036993 778552200 449862271 944602512 138867437 796586450 562513359 791799188 24371496 997354148 782079461 107286241 469648248 115614972 
64161476 975571584 110547001 176623376 404333888 896852208 616534233 712352456 953517954 30674595 336478812 627690046 857494921 604491904 963184088 201397317 83141028 72728672 373940473 75184350 
379195641 80167313 637111934 997846469 3658752 585514325 47619771 541002467 19623688 108965731 328198165 250740441 667177651 484409956 6604681 106402684 713344115 10009719 812200230 177930835 
853612307 238844847 247566478 344414490 410956591 77513361 400882040 147402306 234155961 320246934 786147377 925902191 437140086 859628207 981553687 569230329 419827839 799688635 180504092 215291244 
97175233 926651666 98393417 345743368 188424830 944779006 497236793 236529985 493502922 67582269 213311129 763742784 450548750 964924288 466387375 901633120 901980808 958997999 787237584 796788145 
625699017 534740387 447630568 681971065 516717878 172800298 24958966 997679278 387107208 538789126 953522573 500489854 194777932 658237487 914787669 948159687 332928099 521642125 99696007 107705503 
979985283 601968510 88626036 5605068 509750453 432682582 718305279 900575310 478788053 541541082 304088095 817919698 9915157 223226820 291537246 150811964 49594232 815291714 378337885 11923493 
863866204 517944695 212933453 266140249 801114858 85922041 153920119 994601304 121341605 64399185 15704245 871324119 723693536 306591614 96340471 44729403 186142535 699368561 191600063 553001254 
49467220 949461394 891285413 489659875 897160411 503615291 714291156 752165112 849815424 750692152 894489483 172580508 199633468 915429709 636784029 68042044 869639132 528824240 23987953 34228729 
184883073 959239050 910096130 994311463 959868193 634808698 431504480 488951501 245115396 64282130 759151918 607656743 756939080 549161560 730568610 627824422 965870685 883054662 501588617 147756269 
352557962 627060555 963165632 282187861 502115943 298889416 71332539 696826731 964531296 621724820 49046786 74015468 617915705 834270584 763171503 554287825 239313284 355540404 752248049 560214718 
915303212 584606584 535498892 202625681 438996462 391284075 688113239 437599962 578852827 331806504 49853373 831034716 522863063 555568571 510972732 753912208 120776733 994049065 120851689 711772450 
39342776 609968102 289842922 587559026 977948171 1940828 239863290 165728020 871043915 922209387 179846633 864566353 814645504 559641827 319779354 86490021 389686152 989649675 19400195 734802239 
635800979 504536094 292265392 463791747 716865703 110435017 1371712 390258315 89515422 494844846 779116134 56195745 805573924 202076644 270333674 662597320 285634618 385424245 541795109 979928625 
332220597 29961695 519979401 473020357 171743679 972894867 374014999 471141025 367726676 173675385 664281318 724552341 425747399 371570538 551473827 465636517 827719227 476606132 434710795 678069128 
905409834 53227417 429140339 57615403 69390818 717071056 51330880 771004975 245901827 149651459 186285168 390171751 931727362 205896272 893954575 67154267 825828265 123665609 423569603 33272774 
668920468 604698355 804561217 148956957 848386230 513800522 686916820 645843967 211460306 154558908 127000029 419947718 381068546 384391209 138473550 885938686 542326580 789830378 230533678 923299559 
953178535 143989575 374989849 621561334 146757491 218999295 959934909 865367377 857984254 69170116 730563166 905669463 53774471 112070075 232608082 360620822 119073440 975229441 21309061 276670674 
908725932 329239585 78522103 28995205 87343973 592770463 437581113 798421082 104223577 665633392 868753908 593013041 891166055 680951168 698969186 141023006 286227782 448820523 912937682 328011753 
35423230 182384580 22049575 842278287 738984046 283418641 351419227 27908800 211146694 189362636 561572342 241035103 128134666 574899748 752803479 455167238 59793043 319785018 246495859 812120959 
392873105 53035428 416207056 864437579 154325890 462288622 212395914 99886111 974782397 738087956 411092879 747326818 507770603 373106953 481074530 54892208 562440328 21902899 953330075 503458395 
413736550 347621613 556548453 884935653 983999786 4433922 4431614 39709830 569001165 817516602 95781437 333598637 361859356 271057093 7446788 137461623 447552057 874289105 653813713 38949178 
226370840 392675066 723225138 657340925 45650946 14346195 985752395 139506428 818026261 915085411 220178003 455601704 552795330 957253538 939548436 943807141 685005390 113117696 217891439 579860810 
727843922 653479391 54709972 379945253 575330107 30074899 240172239 569988085 791531466 618836073 3653495 35701422 886895509 328986142 433755389 202777080 949717381 89642083 648963875 460664496 
190849622 792415968 91814849 163201638 991064345 988585518 34846017 763680733 197915573 164906075 472507173 567697295 957901666 6013289 427287165 357753894 62268716 422584271 101420657 561938179 
743707255 8409335 491709 704683195 970273142 926636479 811442735 65245589 764200370 47435511 269683499 617774606 50356361 167649770 897463335 442073941 480786860 24198349 696776240 153700303 
28170143 732229458 82533219 877808532 145524797 663956249 359972724 210242800 234039602 309923896 188956715 123763939 398540927 966019514 772275682 51495840 101213434 954579485 440740872 389436691 
791443147 644806611 110129570 822662484 155363312 91527617 282008004 497438005 458478778 29184964 326865948 533638842 916008013 852583207 48252264 849553819 935274788 658131758 307865595 417812419 
270719371 935682446 563526716 876579284 387217443 582986482 836225318 611605409 588600417 792397688 590408905 783153331 723094287 407449394 969243848 750266565 801574602 4095654 722253529 71334983 
750092419 737153870 856703304 638963934 296736766 100153369 833223540 359245283 66051158 703570408 264674896 923746528 660892790 934542354 749087972 683418134 804067233 782419168 320353482 541575418 
983303660 282851857 918576817 317376691 787820735 243438935 961728221 612412574 674098007 955963608 936793508 516369610 644758343 44723118 535064563 815641212 135233778 733628008 216471496 893693100 
182349843 978644871 761029813 60863622 358111285 551946242 806485091 91587050 132922683 802957251 963171084 380350444 373145562 879200807 546552832 747393365 677303833 599460481 886557217 84071712 
68604888 239759511 181141607 500906750 43795269 453741860 295227997 872847315 861506922 179807829 809071778 181758518 170619547 50902092 716832105 993705717 1954567 570125728 259609850 185345423 
615630640 420291547 745109038 205649080 530090091 276754426 206307062 70475480 620144991 311602928 7704788 450713228 891395724 55365155 395149666 303874852 157324993 87320558 533551815 82871587 
221127588 697315359 389983300 783993538 527839791 246165622 662645421 981349485 466998061 160683307 243081447 438323525 735925185 22366567 330936431 631782300 541992415 4236233 92758484 41942396 
308058321 900293349 46859575 313599265 216949171 690141630 834396883 741024122 39547894 524528718 35797872 402407084 791456226 786725894 496539885 429259407 140459277 132015173 592277183 42641710 
396332774 105817827 280824428 860973388 588169516 232024234 922407952 662726874 33398390 751721944 937909977 806418818 45142700 127878815 192465290 958330143 27128716 199998372 217444092 19329601 
824957224 735726211 272033432 29903023 318064227 559080010 57103581 604333533 579232119 960466938 37915616 578843002 815529074 651004681 433683401 926892517 803614131 514462178 38499151 912859314 
239581297 977671779 789295173 898064169 370361653 588528222 320782348 985971399 391047771 96967705 22818843 875499963 418546837 228094670 28020351 922117995 304635752 662502187 382286422 111818989 
730574253 225457107 914392146 612311438 141185553 430926300 225550140 646631246 402945941 569873743 801923182 386090850 785086991 449414571 378785880 461568689 665001640 44588642 618433277 608447064 
220339292 358048602 890138739 593828902 181367933 119313773 773891430 203726624 644160303 134323946 551543701 438591486 17756141 252710930 757504595 547818923 548046339 764701596 791043847 567463369 
17317139 710673201 882748845 770572588 757672336 620241904 975206739 178477146 545377606 16487148 810749085 574404626 808951760 423221673 153926209 988278209 14837535 990438050 221666699 905196558 
692871162 696378822 952773339 387123024 548419193 683582710 559239202 328747538 452808329 287045769 580314473 699939222 814898283 712485833 333360458 72004174 855723317 259139955 89171317 193512549 
240058191 414054458 86075180 21895221 841960183 269420357 752310215 190292686 55302846 737954476 915089713 151333494 343757832 312289279 438872680 370645795 672157584 622637760 850126849 435301122 
956408290 317143268 727915682 517656307 205681631 887758677 892367239 825786123 166964029 819400307 63246078 114543377 514401028 610233998 317193450 773406465 615068690 410498158 867062596 89462668 
355110295 18251211 566278805 972506774 26795418 703856086 547044477 265373623 349030770 784972206 550134831 810927291 475575886 563418348 757837555 31099426 431546798 13905430 540134563 114740128 
463456744 71764783 555626542 86227102 523396772 514856488 692482072 893182135 960803167 823388517 290518776 964651068 127958508 796388416 645268472 493522096 708682478 908410762 130186073 484440397 
76149344 275151362 189826797 862088061 111247886 197571809 730891931 861349730 51725336 324364367 16994525 625392719 832991094 316807147 687555398 790141260 34158702 574607174 937239285 56226198 
27449633 948072040 425708835 410448157 273410556 658523722 13383578 671006980 671943238 500270427 725434684 904092708 887347353 881947644 836719225 532132745 427604832 1769731 171036122 871441139 
7862622 747445819 298143864 287782231 900145704 550005986 117195397 223557980 122570405 699316778 239843265 621815262 795017621 761547705 66756613 853233262 80564231 646970409 987908029 777283536 
883374561 664381321 111945831 863788156 58444381 636217306 873859349 301363486 378132614 221421971 212791024 608712982 83894207 446455837 127327666 790190840 826386492 1671767 113338411 141731085 
706838407 261928723 473075901 117404112 337985788 777636247 390199776 961338482 449146446 268877342 433579679 621462870 699045888 974962261 900664088 239740566 770856428 253056478 294989056 113129596 
526979007 565018319 380113949 83682826 298784123 270728756 630770379 62656883 236357620 662048905 334147192 689350815 866292052 246015554 825348136 902269355 562687383 973205571 341124337 15447909 
668156687 642055271 818808447 549608917 12110562 469410301 870744977 518858416 300337543 984481351 704381051 447700451 901437260 204161274 733849506 917366287 210008275 532678848 325790211 867237126 
365266832 763203513 974639021 400609362 292710988 24520693 23648321 503931311 691019173 788334588 173321081 752335756 563547276 199878470 929323423 370898318 326154438 869526211 485649426 503646476 
754529132 324395349 23823811 174683540 991847788 994857041 797889470 972830053 985606149 9752577 414010779 60129779 837725518 147896357 619300360 493840487 288340144 580983918 251153227 207859228 
481863527 199989506 752900025 456164643 498157829 60157690 87740990 431296703 460490735 138965223 745660121 607304170 482992605 598523720 704839453 848057294 825471071 36721940 633111218 797413453 
35701075 935388216 486524881 403457145 741457776 269353487 536824779 576945437 544991934 214672364 385846147 762798898 230891803 795700117 261600240 941027435 297875128 803816388 301015708 540046250 
845094554 74927270 42317351 706045320 519627546 374511713 820145861 263752913 966520421 32978823 837181116 401666821 675783420 90379684 671247079 900999385 774849589 970401206 385407798 794581684 
217394872 982867631 614415147 233059634 770728195 404883445 639339102 338270628 325571559 327374306 891796730 44835469 299213577 562189893 223153214 139261992 287671649 904375519 824809213 51279069 
368416190 381788134 397169182 332831183 315976512 933065862 559204636 19714898 25592285 483072859 360099463 754584940 71135965 111029496 662092930 441063515 249527646 615102051 67888451 537550095 
407133905 285562262 645813143 675930539 326531962 327656960 904477531 930684425 821090036 755793154 712636931 2924594 669113515 716142195 984483607 601424107 124319840 17715484 278377649 60205091 
265846441 797612860 119062528 601743750 334718318 730214150 791065032 524894445 573590637 329580318 487034592 743954155 905369014 722318111 34953394 858240322 820039216 480777240 863591871 272319339 
469345810 106940682 15850008 599024402 822065515 207610732 512518119 681174167 732096667 878099368 493535205 336710543 583237847 146087323 931088864 19260224 699921577 65881369 726596926 159490857 
964945006 62073446 78614900 699589496 572520151 71114430 839679630 325542290 62226792 595867854 563989931 187798670 266404091 746721592 649181566 860180922 317743678 712199955 652648143 582402325 
86121009 68519017 258850039 79536595 602508969 518707895 306792040 74669788 321507024 175312753 730775843 630420302 108567459 863256700 782513983 683286262 845070450 523503793 461584233 497576667 
93600612 784034912 7710045 16678323 709244400 705926603 148494963 117391468 257052005 327836071 391943693 852578980 965225314 49036191 239124010 901435185 485092959 147540689 588771286 375775386 
40526370 431517263 528932791 538813852 447744075 25725342 780438146 437216678 475263177 512893242 832189826 109679965 270361187 619562769 505560856 708782873 684315440 699717379 579452726 461521766 
130494750 910426985 328169444 428381572 242514543 595210635 562271675 732510184 929277495 24552998 361381996 144553145 932797664 744260081 383220538 96562771 667549862 747638286 938562939 240210887 
899581468 83318936 200403740 581756249 485530789 213557534 63124762 529860864 688629499 906269985 325200393 225324778 40731562 557931671 522071697 930956790 696690071 945747563 819418604 187203640 
24640626 302900475 893448809 62580599 768978249 486550169 18839020 52281779 65379060 321558027 512336492 908084633 870301353 889446156 573114996 649109262 95277162 214110920 142074275 429966249 
682311569 967037027 453156139 425957175 325483339 52516211 497607765 223273017 274631450 876272257 64671996 416877665 390494034 53460876 769359886 48022810 775979421 641894535 771781134 617862141 
321105271 871934422 367967124 572315485 750196914 827794644 199263691 657868476 66397171 732361808 669048562 822167379 88697651 61982986 420174557 469913742 164695615 713332284 315589489 1941644 
681396536 699264525 36575531 962265252 267312404 427601435 184198041 10738139 645515292 583334905 219730399 394434928 883150444 765039022 834644788 48620881 365220470 479320626 12062562 417079459 
828833151 268787189 35489609 509034558 17119263 827293528 219964765 300543789 47084230 101386034 573748772 50955058 937541170 190284109 863109305 827179328 277951482 420800743 943576908 867168768 
606121734 220570929 772355999 667600461 361092116 53335506 631028618 689703863 78146101 961769317 407902584 272871684 128058190 8333303 89060584 977377962 738194584 446411659 383057645 398083926 
75341599 609538198 259122862 70435945 600606791 735618179 63314406 626127477 583942723 337143855 21288294 304159172 349545628 353390 7472527 38555346 124409008 97828485 86374104 90187470 
788667951 708580526 172512846 34356253 541596576 599026327 445874702 31556310 290959067 632776163 903195084 705981768 587123085 872503975 44908367 70836335 838665655 38873069 759838452 436664452 
809799215 19326006 296753191 538418538 104421149 906287600 334716398 866576193 7349886 28234756 66791261 676385495 712141989 837565003 775960610 47564336 888695990 4488724 957171963 5694726 
170800425 490854048 163489851 630666564 762472525 61951397 839133769 373035913 135550146 333487054 622750240 873297835 43376126 920671545 891247056 104007986 636138697 163767800 405578492 679085017 
79224769 282877585 901568346 42920976 748164054 855838846 5796149 121672573 525491407 21985965 14328814 4287861 337810883 735806978 305167480 115553160 16232865 33821136 244830681 140302836 
733041577 547836004 778208684 939807788 56670192 736457594 389190816 219425114 25848800 903882949 482211577 761714906 325277366 838657643 235557134 616140475 185864706 807470982 179368905 602712130 
418779691 536197285 538717483 138414183 215293672 472167497 784984261 714619990 523213768 35278696 394764352 918188015 41197739 918869486 817273814 176992839 13001285 919910200 59409111 492407332 
112749219 352092823 289881125 789338757 965747103 61879250 545496760 66164502 402793 199643044 308900379 226085057 291593 274157626 74563308 510976538 837181145 415031734 522940257 223798253 
700013826 622030511 812859327 569692604 301832712 148503726 867925728 809956922 384131903 240113843 633740981 69531598 51634001 565711790 90739905 973815064 685708986 77025031 550079131 592912741 
328125517 150133014 715251309 411564345 10266029 345217451 393999223 385771213 552936404 742641288 49599117 197033614 573926288 118462434 486218388 715963290 74276351 696636644 521158921 231818311 
484344091 150360107 159785595 479559324 608024618 917716043 683860748 990082261 854608969 324075592 578526964 17402340 147670251 166089758 184183550 968326635 31395923 323693882 39429384 712819394 
396524571 22706943 432411783 577675383 709066160 305083202 12540673 293710281 300075732 191409870 978629778 667746477 936526363 493311457 443156584 21654216 936747887 244096172 183781702 51656187 
157489292 780029911 423208453 690580691 820088196 291582203 185797134 94853909 955013436 320758567 11267552 831578681 864892397 580888411 54556561 772283882 58952100 353495312 526347078 924047498 
763297475 19077806 757722042 584732588 828402814 574874132 605162172 149211288 729550686 65377556 463350192 828306635 39326144 884868595 413379085 206939765 23913560 33726446 579628509 821613817 
65201831 984339376 546449473 618262896 844554122 984896477 58883561 724241190 261473707 47653258 477885857 469943324 408967181 30697666 61782207 60298628 858228356 237710596 303997879 159671368 
215001657 291390912 710944393 537027972 32476714 615590621 341472588 992957191 269338536 510366005 688195756 273412054 249814744 278222615 724332136 486005929 832456499 339198148 749496787 913783916 
270149638 480249075 3400787 552544447 942175474 312256845 402894311 782726774 113890925 935177969 808390042 659081754 158556735 294981361 651829777 924777574 659104774 485983956 536646146 643190475 
308606387 154907922 371068089 406810604 17737739 997787035 932878998 311087139 788790055 432729680 199146890 210519546 649127668 512523144 547905950 108561075 309736371 865873037 63511915 682088129 
367420025 362487836 702792356 718423628 788784561 61575399 548191880 55864753 528787862 472982040 791366256 510277120 504491193 85130180 24636487 494164348 260302977 33044348 24987403 506673182 
136792486 369892546 12106576 168459282 351893684 314256779 251189183 759107129 216707727 854786753 480156049 372857509 706506985 48527555 182222101 21062943 723657421 885074916 125263406 826453414 
12760343 16631017 361081045 336323814 682945275 881923468 582048147 344617157 333645434 179471611 611601928 949010651 984137968 865979480 31155558 730985203 18092936 667747130 709226744 367216527 
757387206 54590507 933524629 8119906 755795964 683176233 54081324 632648405 191842261 754286630 718906180 227209347 790764750 167638919 111998833 400160701 133066424 441905832 292210398 304167431 
130852919 474498646 471779788 977491608 606646085 27114835 786824717 230850270 522268080 744662231 909023112 553904887 415574424 925214986 939114680 51322424 676818419 725025163 286894893 240024492 
34226951 40463852 980709385 80456330 163870455 365986355 373276804 443894470 828225072 419644250 88401513 182057346 81802231 492377040 69047447 468362647 38183654 489517045 276334465 758887441 
507542891 253459106 374601135 255980721 359374406 21092767 624906298 580150889 94087436 16900650 765383508 61656034 252920487 800855416 99051197 598052859 38312402 588705068 937348687 746453568 
983777187 859240417 366881395 324219767 79548410 344245670 403785898 908565015 849570322 510338172 28558341 647915214 1145080 513191129 240448941 20750587 146328591 875896361 655701340 212493106 
242909065 859212616 535325154 552595388 766129393 260986633 22178208 381228308 483302307 275742898 61451024 51602026 425675089 194068606 987252029 539864100 554001024 678163481 865615939 26861657 
853349130 729373479 37139928 915024724 414504602 158671806 30523842 932539415 944443699 44025576 85672541 24213717 747861929 100087074 328558871 12071797 653248549 478106335 785718004 715517463 
410473126 477906182 532750602 559292295 590434683 615714159 198322437 101279692 324473290 531494762 307467684 383837340 546696204 250991672 832675643 966743524 927599758 509020048 879445039 317329988 
163843058 60875803 653330813 629787537 696670124 191059961 340167476 967189329 679701126 825223483 194010358 202051395 39965980 635109990 759478906 90541525 230233696 557584118 7112717 965094060 
894649367 552265688 266543885 782029600 963380058 864096239 261390956 746420924 955371798 198983824 163620659 333221826 46340749 475645445 339205373 34783141 787686867 974760974 228346487 567839630 
313937 138361436 581161447 126463192 204372293 724418836 458506658 996362644 781653568 63747410 809948308 256145669 10067879 851647907 669418172 560863269 453027635 599543434 3154348 734293534 
525015665 547649276 91378959 453779666 149478211 753499364 881741595 774732116 108669020 683387296 188080419 493942892 454350280 13477505 598662151 163658519 125654370 185846096 34586816 871182084 
996872028 788771012 318849242 6493975 248089274 5681419 905842419 670326763 49538519 172363851 898891581 873776201 200744671 189764374 186677249 689521075 567520340 594565368 261403161 7920858 
431744393 233343215 951306613 890091051 122829610 133909997 508698007 525495870 636338098 70001496 127369751 69491301 165019634 629305738 3915552 335743268 428092305 46496338 902455793 449844915 
249859463 834639217 484400477 571363710 9786529 444448029 510294603 513978021 858074112 311323265 216733750 194350716 844571546 4244028 565558702 290443531 845047991 99061982 36600022 886848143 
958451317 890771310 218861540 254322680 259401284 166176742 798392741 205788010 979953771 774803893 48911862 849406140 15969409 80207420 825441867 844147195 516256245 21978449 586155564 13231079 
41728136 753074624 875680691 564392566 971827405 912494021 836483087 987141453 702057647 817074067 518098948 385832010 850778091 477572561 25932905 857355260 569147538 517227543 951155369 960936488 
722954120 78892917 419300674 134627910 692097288 234826476 305062985 24912386 673672477 14916595 475137508 581803453 897249322 84881140 755562191 583183625 974945124 116548556 885387991 440602416 
459314515 587115086 604882274 844869549 609055317 417935041 951581157 471390897 920243482 115897950 321674348 262816160 87035689 754174930 329665046 329338770 317475161 939916226 66245013 204557778 
47971416 358342978 774906804 309287010 297677097 229818973 59757512 328376949 478568862 680262800 370436167 942967540 345452770 392724815 559004463 328270074 67564528 688824958 640690840 449099864 
601655838 79900409 380049711 604974609 38962572 764337933 780320433 772898014 387294134 226201853 413059187 789512620 587339239 148264318 472566235 741199897 23599553 426593339 300383460 414447355 
717906363 835735634 560386717 30086360 52153756 680686804 105796523 658488432 369259266 730255689 496292035 532523311 513144285 990191146 985850672 722781115 10498290 757375333 87244115 267843180 
861744733 956328669 491997982 649482702 934998025 167010535 165749401 814252322 18352182 450796750 758006877 918949594 243794428 425727824 39660571 841447712 881727937 286926111 581054742 973542991 
425706949 519193441 310720164 2345335 19173014 743322672 387820722 962299615 741816221 844524315 324526141 300984444 90355600 87312802 758094809 264639098 44368125 659893182 989042734 2205627 
913218246 614941783 948288630 308907602 291539104 903530956 77049600 65553415 378438546 732033647 636401072 948404952 457114235 569458950 413263485 521598322 866751117 993927499 593045490 58964924 
741900235 599938157 881885614 748699468 180800911 481766797 131349731 652204015 400719622 261725762 318952666 462897190 806006706 694620949 866157 809392548 485686247 39886852 330716557 766362065 
918403406 852032772 533922746 794932810 222396261 857920121 596290189 448219486 423985149 712365500 924108593 506259090 902016955 134886813 612187110 950314782 556285592 170514141 216068221 144864878 
110157921 291561651 363709150 596248226 252536120 4069703 501532549 887330062 987701777 135369276 995711488 630816443 45787445 19801375 74448242 187999461 17126082 824688632 115281173 522461562 
588682537 479461826 166771888 41372576 578366895 97298154 54421796 782142513 103291117 942327250 7682276 833454646 735206224 457923409 647269497 412776303 420845978 239871793 657243899 620405970 
348488030 185489583 656422555 801720071 136675720 292752127 367314203 413172457 673927891 446665157 910219347 25074183 650039377 339350941 864877230 931327786 737714150 598343828 57877418 657283781 
392604365 828062381 884103261 52580229 155543058 7911004 156736491 459755214 868543254 867290383 58994704 623029552 877060111 494267296 581674397 887006964 882815109 45551331 290569459 71713942 
341022166 237670432 88970889 619089736 433876915 872857997 730346348 66000235 736292001 138631900 12371385 452017947 310542968 542815660 917983524 740324001 9090791 571070998 563518325 747702526 
616118254 512613154 755789062 972788326 50414691 904397646 429564231 33123009 365323374 35279118 30836538 449093165 924709389 174670663 665260534 662379896 303067537 52098514 159701288 710722215 
467057182 976686592 70936973 579478897 354250287 264894225 564422011 382156740 323077136 471690940 854750550 750314047 294919778 562127274 417630234 136738998 177632410 721786874 395207639 842571441 
423332738 935113150 387155504 146539501 573210039 771388284 820794587 895295706 83498026 378921646 86023716 753646363 359984799 539406914 395012458 915945993 483785777 709328667 890869664 993479473 
587940811 416570511 554292174 477976273 74808495 791392487 170709902 339821663 883259125 862872034 136701839 465407746 211768322 431870259 547970069 449620502 119082773 931047678 348006775 522991021 
138040766 51902557 905802911 465273609 308064355 11575266 64053134 800844066 122485438 980684299 280406485 907045158 830942298 651054032 796729629 478061300 360509722 439212314 679829920 49125793 
181309875 633493832 922838702 581388276 496053293 46010285 238480169 34997480 931773541 93760525 649828873 361248817 292615309 423716643 330895065 728555183 741303723 41316126 539665976 110386941 
304183318 720380960 874258009 66235878 542422013 883664061 32311172 761086697 399104479 354822786 885905 415980732 917654292 950089324 264330100 261494215 431014466 761138540 794580397 37308580 
622648297 383845609 444985556 689030310 909962968 691117886 905338643 815714895 478885045 739702840 674813866 331450329 452215418 106660250 57259884 25062830 823447794 285970329 469299521 800682735 
746411328 850802015 719736483 981086705 32467288 44790156 503644194 187303099 782140548 876391088 867827168 131426698 561087456 167738323 62601237 174602061 742327006 285823214 340957068 535929385 
26313666 607277935 932892195 266604534 526739496 928360121 817887055 726842560 90618235 714044577 557877398 607268679 423018875 628967922 45027859 748322175 371684031 981484266 225267447 503570705 
704323888 301631418 720340482 680139736 505973386 495982858 368949774 170634341 152579807 325577843 107981444 235295355 123926804 828987651 166765540 329016212 26490721 142562237 691904577 504393562 
518742999 265681943 358954947 728249391 60210386 1833082 487088420 332096422 24685961 918594244 697893427 818034439 962922120 557286601 77451348 209245135 753010216 808723662 619413758 419168302 
40284444 317530637 65849915 796632967 354253545 979050805 987411244 394866419 832683624 611813607 671331458 374806975 524355142 796888633 470100230 100367849 826025348 892408119 252775955 883771559 
537174008 772557149 506041366 201708256 712893131 479445534 274988821 4212144 62737656 9152352 606459685 125423336 768313300 305816061 610920690 418555276 534916992 94897220 100210235 877354580 
447564664 366937718 212989523 818352172 134846216 405558089 952223393 344705204 130554322 392012905 6957856 870338752 149590089 922922738 918404833 409878745 719594553 514760695 39974020 813753786 
651883837 758540542 659310275 105182420 15135047 871259266 528922856 59379914 22117659 972036720 116107089 578952694 903277780 123096234 384296946 704669411 988040286 947663751 255474387 398004432 
215644154 423690832 724765326 369418291 558531774 138709957 519470291 513527092 137951506 573128342 481841892 702179373 358241588 886305258 570333721 637308465 290974645 984187356 216280157 912485762 
856295929 500415481 961675438 986634777 549351611 58465219 642141089 513962530 963714183 521099057 588181468 807637630 638770750 226212653 76332699 70916926 851755926 946952213 577964076 120489007 
807096215 27459130 478575730 418169162 475792159 906234468 668851046 390199103 348075358 151749195 606205329 865959923 246266971 401735967 952958099 902840062 419718509 888239106 980198303 189646380 
625982915 981837449 400527357 510347773 420522717 648912703 261495175 899737125 653873937 44649505 752081708 449229325 808211975 935034659 216830832 173581648 763385149 795327146 747132138 716459070 
549211267 565530128 23004867 190336093 232471168 787202595 16495935 740735204 13080874 643110310 855323181 211957566 2139731 427739598 827065717 53506957 192248856 930528966 871345554 475555108 
126351727 806150188 163098644 33809163 906721954 521347474 495712797 717064319 442917326 69126909 60756197 284420463 720367459 658871658 247239223 842307328 171109031 157292356 763266290 376599563 
136944180 38306031 261257609 524278170 730041461 714811713 318077572 521276270 48214061 846653955 960089340 948010108 43007216 79350900 616661283 92693354 257452968 843711942 503468729 112959255 
346980114 625525663 549607832 446720785 150576190 475875481 828017193 22176796 30700306 770726083 972391917 223567027 441071304 325809694 802208757 533070207 689530475 16444703 8051050 313609696 
619767134 709734709 118721030 784027757 338879445 315885881 160336025 233652075 699635546 201329663 40992644 183721304 771244874 59108556 395426114 945401188 813240661 597432285 475570395 533788659 
14694913 54173406 33624686 157884188 810056999 73201009 324533168 181814061 444623477 37617068 494652520 514701092 927431146 295462044 622704367 61228343 865072221 284741307 599802038 601473869 
314354679 651515005 217588416 67368835 400852148 192302792 464321059 985713833 923749607 69366646 659998859 802182850 242607539 266420695 20989111 592717703 667204498 532496170 432470779 26178275 
22646481 25396006 765017532 598115193 528747538 989959288 989324791 467861275 633779401 365434170 58057658 803961681 940840895 493436801 985112234 512582103 605247890 691646929 11806331 309601566 
307957043 319753126 167031675 561071306 70638694 981621229 324269832 330572339 48169031 271405960 46021652 856761573 63244736 686581198 343070632 574435104 591886868 421400841 272787807 9429591 
343386967 400725239 114256870 985805749 660179187 710733129 382637443 657445012 69441572 384835111 977766539 269832965 402477180 545476778 466834410 156419660 239092832 163463008 870007711 858389344 
297277833 541881036 769491261 159133039 367186308 270061027 363332716 990967383 674292274 51505807 211571557 147723054 155360841 770229809 116167546 754874555 237891025 676281879 283011467 176895995 
162977448 859429898 470264466 608416413 34985214 178156227 345103384 471211911 330564571 607488625 49743037 978575183 527340949 985275700 449137845 24158401 651336794 556245925 349859398 784455008 
870294187 503116108 933688907 113112541 768087006 242868520 720295092 255792802 976221339 299946539 948288771 356535371 644574048 20345786 429086416 530505767 415471870 335602226 198196806 777671867 
162709786 277353310 784815268 30620222 86229676 706155266 689234109 705581854 867491971 716836692 363331448 502204538 737499584 167687549 956425296 444509862 195547734 271965724 49572308 170203563 
419367824 28412355 31814185 871236036 736259211 302394744 109778822 851916769 522738360 524963638 959360179 884943400 165372508 894857833 543853969 38287471 7778063 419681398 409747347 225761476 
505992256 460290352 3269184 154799077 370206127 892831588 407662517 145793480 209805298 700282190 756993310 642797076 943579377 845219105 790440768 859114662 196849770 835260803 378484466 777836045 
644028525 790309391 877500831 65381391 231575009 423559122 251873733 340903458 789031165 304030158 141306745 63178227 667872720 31983994 177733857 289545186 399697082 843609919 27732664 905147267 
972358384 833560317 42776782 207667231 92922620 51389571 30231173 70639921 395758907 983558172 490717014 50271979 605261918 638755581 885831498 275580590 791325161 585290711 372204417 814780309 
242695863 654156 951330478 161312491 843539315 214149233 637142425 916960432 920270112 869225808 791832476 652707864 35832209 514626409 710846246 83246091 243548147 551454765 932540987 638530470 
18094400 724089217 238811889 21960377 769310921 114403905 306968565 787895879 663870645 417449658 831517956 799310090 14990970 761471279 149189491 2058219 61975401 178454101 293132968 436834959 
415790369 208515543 369965214 2917317 556458520 123062994 808800868 951111193 13428246 871075930 227869855 316799044 433302200 570772980 27554819 434909625 962062320 871886874 74091999 337631002 
279088260 568062138 21256333 170804928 913323659 80483255 949785606 376046903 808352755 707064678 817048142 8991166 54264574 784555282 962129919 107170508 237824704 575241593 70235337 808501895 
704840611 844651853 250455026 315450188 326457315 500477364 496563405 494273578 472548371 807724232 583691080 344624485 603840406 74525207 862759008 416042231 440005926 283382564 662489769 916331275 
115133264 971616229 122281675 29773439 467074294 762341187 11804672 506102125 239673804 103293853 611223703 336930199 935823068 918802245 725496436 309455100 68728577 28778752 54101902 17656395 
200561520 502872203 621396592 618052970 994262059 658606866 824786617 337625071 627148940 13311926 354752923 417054120 618516416 680631313 953950815 509601043 674677065 991142057 868195040 203623398 
186584443 697464190 168904716 754926472 934977024 5113473 841405030 510639510 266247764 55390234 564557446 131137631 508777545 1366948 583599511 430173032 269633668 283995114 832189913 348654569 
898088702 295795119 557171485 432161102 198246276 79519786 151740235 74887606 234712631 709794180 974877407 887918201 240120845 589785949 12070246 596551834 393983823 471360325 323446279 593941849 
367436825 20292419 209669110 803381924 149472477 957840978 329869054 663903136 9169631 672392415 274688000 325475620 139175611 434507 189712749 905034302 492146907 25945199 460734414 581578925 
315253249 767631893 459733565 489155941 24796099 696728952 646132458 6463758 615153929 306218445 507514775 771155077 55615121 51479224 929321500 90271066 559194988 195072213 256432356 591499856 
953141631 861261361 152596334 681091040 994938371 77289166 856682189 168459447 453835269 538792228 868036136 656121395 473742054 403327642 63095610 695454954 775883484 324199441 345117396 740047139 
216557935 954781274 45166935 717250395 700261373 587273914 905286458 955071681 490090039 441566061 222858634 22172602 536693409 424853536 929408612 218136670 204309270 394173046 404272508 313269497 
647393602 479301252 897635482 233436811 804640550 466281301 760127512 510693704 46008215 388568935 839239526 794475801 500375232 179330348 272264582 644020761 986417820 530802570 5429647 455453977 
305030012 667485787 625538862 375628829 724898951 548049645 384214817 423488221 411849780 55651458 436854715 746024772 26340562 17417427 610278755 934639092 865359105 195198086 220898068 549412544 
991336503 195743675 175966942 851327280 84709180 573969028 914040420 226371841 136079534 395885927 479997788 481008291 903610749 380111326 250169362 387368889 873926000 805166807 54283237 99584925 
503877534 624102709 948105160 336267225 228532982 10804301 603697859 622696622 750359224 439412331 645340784 889067921 241844985 662160715 161011582 57080232 271870243 974884512 85261873 749903955 
55481459 159457424 200400608 236888478 501220985 697220662 566850165 403325647 876829596 233602079 939896561 733433566 977503123 356777165 321136613 638073591 207522285 478346550 938704634 918756090 
17084042 437662022 550741098 72279546 30887455 19886169 989357957 16026306 753539766 754987458 732288813 815813709 42148907 335337800 494137946 538877514 73052336 52155299 361343127 232741278 
89777483 555025155 283355779 53731552 719076948 967080841 697141841 521051358 527489015 281251788 65449033 759560471 907413175 41102677 65013572 97527871 58638311 259131684 171717939 872921278 
684610100 897817642 969888665 635926833 702180887 900460492 79770637 592194791 829095524 636500582 30039225 221614182 553275582 807029701 158685405 621096420 225644063 485706155 459233613 465437134 
141820757 663239759 192324846 692449093 831338879 409430747 926734653 732103835 260071060 685770733 50592457 239046618 830504413 776351254 523326900 958858046 410191991 221064286 360394294 138815926 
