20 19 19 62280952
1 1 1 1 0 0 1 0 0 1 1 1 1 1 1 0 0 1 1 
0 1 1 1 1 0 1 1 1 1 1 1 1 1 1 0 1 0 0 
1 1 0 0 1 0 0 1 1 1 0 1 0 1 0 1 1 1 1 
1 1 1 1 1 1 0 1 1 1 0 1 0 1 1 1 1 1 1 
1 1 1 0 1 0 1 1 1 0 1 1 1 1 1 1 1 1 1 
0 1 1 1 1 1 1 1 1 1 1 1 1 1 1 0 1 1 1 
1 1 1 1 0 1 1 1 1 0 1 1 1 1 0 0 1 0 1 
1 0 1 1 1 1 1 1 1 0 1 1 0 0 0 1 1 1 0 
1 1 0 0 1 1 1 1 1 1 1 1 1 1 1 1 0 0 1 
1 1 1 0 0 1 1 1 1 1 1 0 1 1 1 1 1 1 1 
1 1 1 1 1 1 1 1 0 0 1 0 1 0 1 1 1 1 1 
1 0 1 0 1 1 1 1 1 1 1 1 1 0 1 0 1 1 1 
1 0 0 0 1 1 1 1 1 1 1 0 0 1 0 0 1 0 1 
1 0 0 1 1 1 0 0 1 1 1 1 1 1 1 1 1 1 1 
1 0 1 1 1 1 1 0 0 1 0 1 1 1 1 1 1 1 1 
0 0 1 1 1 1 1 1 1 1 1 1 1 1 1 1 1 1 1 
1 1 1 1 1 1 1 1 0 0 1 1 1 1 1 1 1 1 0 
1 1 1 0 1 1 1 1 0 1 1 0 1 1 0 1 1 0 0 
0 1 0 1 1 1 1 1 1 1 1 1 1 0 1 1 1 1 0 
1 1 1 1 1 1 1 1 1 1 0 0 0 1 0 0 1 1 1 
1 1 1 1 1 1 1 1 1 0 1 1 0 1 1 0 0 1 0 
1 1 1 1 0 1 1 1 0 1 1 1 1 1 1 0 1 1 1 
0 0 1 1 1 1 1 1 1 1 1 1 1 1 1 1 1 1 1 
1 1 1 1 1 1 0 1 1 1 1 0 1 1 1 1 1 1 1 
1 1 1 1 1 1 1 1 0 1 1 1 1 1 0 1 1 0 1 
1 1 1 1 1 1 1 1 1 1 1 1 1 1 1 1 1 1 1 
1 0 1 0 1 1 1 1 1 1 1 0 1 0 1 1 1 1 1 
1 1 1 1 0 1 1 1 0 0 1 1 1 0 1 0 1 1 1 
1 0 1 1 1 1 1 0 1 1 1 1 1 1 1 0 1 1 1 
1 1 1 0 1 0 1 1 1 1 0 1 1 1 1 1 1 1 0 
1 1 1 1 1 1 1 0 0 1 1 1 1 1 1 1 1 1 1 
1 1 1 1 1 1 1 1 1 1 1 1 0 1 1 1 1 1 0 
1 1 1 0 1 1 0 1 0 1 1 1 1 1 1 1 1 1 1 
1 1 1 1 1 1 0 0 1 1 0 1 1 0 1 1 1 1 1 
1 1 0 1 1 1 0 1 1 0 1 1 1 0 1 1 0 1 1 
1 1 0 0 1 1 0 1 1 1 1 1 1 0 1 1 0 1 1 
1 1 1 1 1 1 1 1 1 1 1 0 1 1 1 1 1 0 1 
1 1 1 1 0 1 1 1 1 1 1 1 1 1 1 1 1 1 0 
1 1 1 1 1 1 1 1 1 1 1 1 1 0 0 1 0 1 1 
1 1 1 1 1 0 1 1 1 0 1 1 1 0 0 1 1 1 1 
0 1 1 1 1 0 1 1 1 1 1 1 1 1 1 1 1 1 1 
1 0 0 1 1 1 1 1 1 0 1 1 1 1 1 1 1 1 1 
1 1 1 1 1 0 1 1 1 1 0 1 1 1 0 0 1 1 1 
1 1 1 0 1 1 1 1 1 0 0 1 0 1 1 0 1 1 1 
1 1 1 0 1 1 0 1 1 1 0 0 0 1 1 1 1 0 1 
1 1 0 1 1 1 1 1 1 1 1 1 1 1 1 1 1 1 1 
1 1 1 1 1 0 1 1 1 1 1 1 1 1 1 1 1 0 1 
0 0 1 0 1 1 0 0 1 0 0 1 0 1 1 1 1 0 0 
0 1 1 1 1 1 1 1 1 1 1 1 1 1 0 1 1 1 1 
1 1 0 1 1 1 1 1 0 1 1 1 1 1 1 1 0 1 1 
0 1 0 0 0 1 0 1 1 1 1 1 1 1 1 1 1 0 1 
1 1 1 1 1 0 1 1 0 1 1 1 1 0 1 1 1 1 0 
1 1 1 0 1 1 0 0 1 1 1 0 0 0 1 1 1 0 1 
1 0 1 0 0 1 1 1 0 1 1 1 1 1 1 1 1 1 1 
0 0 1 0 1 1 1 1 1 1 1 1 1 0 1 0 0 1 1 
1 1 1 0 1 1 1 1 1 1 1 1 1 1 1 0 1 1 1 
1 1 0 1 1 1 1 1 1 1 1 0 1 1 1 0 1 1 1 
0 1 1 1 1 1 0 1 1 1 0 1 1 1 1 0 0 1 1 
1 0 1 1 0 1 1 1 0 1 1 1 1 0 1 1 1 1 1 
1 0 1 1 0 0 1 0 1 0 1 1 1 1 1 1 1 1 1 
1 1 0 0 1 0 1 1 1 1 1 1 1 1 1 1 1 1 1 
0 1 0 1 1 1 1 1 1 1 1 1 1 1 1 1 1 1 1 
1 1 1 1 1 1 0 1 1 0 1 1 1 1 1 1 1 1 1 
1 1 0 1 1 0 0 1 1 1 0 1 0 1 1 1 1 1 1 
1 1 1 1 1 1 1 0 1 1 1 0 1 1 1 1 1 1 1 
1 1 1 1 1 1 1 1 1 0 1 1 0 1 1 1 1 1 1 
1 1 1 1 1 1 1 1 1 1 1 1 1 1 0 1 1 1 1 
0 1 1 1 0 1 1 1 1 1 1 1 1 1 1 1 1 1 1 
0 0 0 0 1 1 1 1 1 1 1 1 1 1 1 1 0 0 1 
1 0 1 1 1 1 1 1 0 1 1 1 1 1 0 1 1 1 1 
1 0 1 0 0 1 1 0 1 1 1 1 1 1 1 0 0 1 1 
1 1 1 0 0 1 1 1 1 1 1 1 1 1 1 1 1 1 1 
1 1 1 0 0 1 1 1 0 1 0 1 1 0 1 1 1 1 1 
1 0 1 1 1 0 0 0 1 1 1 1 1 1 1 0 0 1 0 
1 1 0 1 0 1 0 1 1 0 1 1 1 1 1 1 1 1 1 
0 1 1 1 1 1 0 1 0 1 0 1 1 1 1 1 1 1 1 
0 1 1 0 1 1 1 1 0 1 1 1 1 1 0 1 1 1 1 
1 1 1 1 1 1 1 1 1 0 1 1 1 1 1 1 1 1 1 
1 1 0 1 1 1 1 0 1 1 1 1 1 0 1 1 1 0 1 
1 1 1 1 1 1 1 1 1 1 1 1 1 1 0 1 1 0 1 
1 0 0 1 1 1 1 1 1 1 1 0 1 0 1 1 1 1 1 
0 0 1 0 1 1 1 1 0 1 1 1 1 1 0 0 1 1 1 
0 1 1 0 1 1 1 1 1 1 1 1 1 1 0 1 1 1 1 
1 0 1 1 1 1 0 0 1 1 1 1 1 0 1 1 1 1 1 
1 1 1 1 1 1 1 1 1 1 1 1 1 1 1 1 1 0 1 
1 1 1 0 1 1 0 1 1 0 0 1 1 0 0 1 1 0 1 
1 1 1 1 1 1 1 1 1 0 1 1 1 1 1 0 1 1 0 
1 1 1 1 1 1 1 1 1 1 0 1 1 1 0 1 0 1 1 
1 1 0 1 1 1 1 0 1 0 1 1 1 1 0 0 0 1 0 
1 1 1 1 1 1 1 1 1 1 1 1 1 1 0 0 1 1 1 
1 0 1 1 1 1 1 0 1 1 1 0 1 1 1 1 1 1 1 
1 1 1 1 1 1 1 0 1 1 1 1 1 1 1 1 1 1 1 
1 0 1 1 1 1 1 1 1 1 0 0 1 0 0 1 1 0 1 
1 1 1 1 1 1 1 1 1 1 0 1 1 1 1 1 0 1 0 
1 1 1 1 1 1 1 1 1 1 1 1 1 1 1 0 1 0 1 
1 1 1 1 0 0 1 1 1 1 0 1 1 1 1 1 1 1 1 
1 1 0 1 0 1 1 1 1 0 0 1 0 1 1 1 1 0 0 
1 1 0 1 0 1 1 1 1 1 1 1 0 1 1 1 1 1 1 
1 1 1 0 1 1 1 1 1 0 1 1 1 1 1 1 1 1 1 
1 1 1 0 1 1 0 0 1 0 0 1 1 1 1 1 1 1 0 
1 0 1 1 1 0 1 0 1 0 1 1 1 0 0 1 1 1 0 
1 1 1 1 1 1 0 1 1 1 1 1 1 1 1 1 1 1 1 
1 1 1 0 1 1 1 1 1 1 1 1 1 1 1 1 1 1 1 
1 0 1 1 1 1 1 1 1 1 1 1 0 1 1 1 1 1 1 
0 1 1 1 1 0 1 0 0 1 1 1 1 1 1 1 1 1 1 
0 0 1 1 1 0 0 1 1 0 1 1 1 1 1 1 1 1 1 
1 1 1 1 0 1 1 1 0 1 1 1 1 1 0 1 1 1 1 
1 1 1 1 1 1 1 0 1 1 1 0 0 0 0 1 0 1 1 
0 1 1 1 1 1 1 0 1 0 1 1 1 1 1 1 1 0 1 
1 1 1 1 1 1 1 1 1 1 0 1 0 0 1 1 1 1 1 
1 1 0 1 1 1 0 0 0 0 1 1 0 1 1 1 0 1 1 
1 1 1 1 1 1 1 1 1 1 1 0 1 0 1 1 1 1 1 
1 1 1 0 1 1 1 1 1 1 1 0 0 0 1 1 0 1 1 
0 1 1 0 1 1 1 1 0 1 0 1 1 1 1 1 1 1 1 
0 0 1 0 1 1 1 0 0 1 1 0 1 1 1 1 1 1 1 
1 1 1 1 0 1 1 0 0 0 1 1 1 1 1 1 1 1 1 
1 1 1 0 1 1 1 1 1 1 1 1 1 1 1 0 1 1 1 
1 1 1 1 1 1 1 1 1 1 1 1 0 1 0 1 1 1 1 
1 1 1 0 1 1 1 1 1 0 1 1 1 1 1 0 0 1 1 
1 0 1 1 0 1 1 0 1 1 1 1 1 1 1 1 1 1 1 
1 1 1 1 1 1 1 0 1 0 1 1 1 1 0 1 1 1 0 
1 1 1 1 1 0 1 0 0 1 1 1 1 1 1 1 0 1 1 
0 1 1 1 1 1 0 1 1 0 1 1 1 1 1 1 1 1 1 
1 1 1 1 0 1 0 1 1 1 1 1 1 1 1 1 1 1 0 
0 1 0 1 1 1 1 1 1 1 1 1 1 1 1 0 1 0 1 
1 1 1 1 1 1 1 1 1 1 1 1 0 1 1 0 0 1 1 
1 1 0 0 1 1 1 0 1 1 1 1 0 1 1 1 1 1 0 
0 0 1 1 1 1 1 1 1 0 0 0 0 1 1 1 0 1 1 
1 1 1 1 1 1 1 0 1 1 1 1 1 0 1 1 1 1 1 
1 1 1 1 1 1 1 1 1 1 1 1 1 1 1 1 1 0 1 
0 0 1 1 1 1 0 1 1 1 1 1 1 1 0 1 1 1 0 
1 1 0 1 1 1 1 1 1 1 1 1 1 1 1 1 1 1 1 
1 1 0 0 0 1 1 1 0 1 1 0 0 1 1 0 0 1 1 
1 1 1 1 1 1 1 1 1 1 1 1 1 1 0 0 1 0 1 
0 1 1 1 1 1 1 1 1 1 1 1 0 1 0 1 1 1 0 
0 1 1 1 1 1 1 1 0 1 1 1 1 1 1 1 1 1 0 
1 1 1 1 1 1 1 0 1 1 1 1 0 1 1 1 1 1 1 
1 1 1 0 1 1 1 0 1 0 1 1 1 1 0 1 1 1 1 
1 0 1 1 1 0 1 1 1 1 1 0 1 0 1 1 1 1 1 
1 1 1 1 0 1 1 1 1 1 1 1 1 1 1 0 1 1 1 
1 1 1 1 1 0 1 1 1 0 1 1 0 1 1 1 1 1 1 
1 0 1 0 1 1 1 1 1 1 1 1 1 1 1 0 1 0 1 
0 1 1 1 0 1 1 1 1 1 0 0 0 1 1 1 1 0 1 
1 0 0 1 1 1 1 1 1 1 1 1 1 1 1 0 1 0 1 
0 0 1 1 1 1 1 1 0 1 1 1 0 1 1 0 1 1 1 
0 1 0 1 0 1 1 1 1 1 1 1 1 1 1 1 1 1 1 
1 0 1 1 1 1 1 1 1 1 1 1 1 1 1 1 1 0 1 
1 0 0 1 0 1 1 1 1 0 1 1 0 1 1 1 1 1 1 
1 1 0 1 1 1 1 1 1 1 1 0 1 1 1 0 0 0 0 
0 1 0 1 1 1 0 0 1 1 1 0 1 1 1 0 1 1 1 
1 1 1 1 1 1 1 1 1 1 1 1 0 0 1 1 1 1 0 
1 1 1 1 1 0 1 1 1 1 0 1 1 1 1 1 1 1 1 
1 1 1 1 1 1 0 0 1 1 1 1 0 1 1 1 1 1 1 
1 1 1 0 1 0 1 1 1 1 1 1 1 0 1 1 1 1 0 
1 1 0 1 1 1 1 1 1 0 1 1 1 1 1 1 1 0 1 
0 1 0 1 1 0 1 1 1 1 1 1 0 1 0 1 1 1 1 
1 1 1 1 1 1 1 1 1 1 1 1 0 1 1 0 0 0 1 
0 1 1 1 1 1 1 1 1 1 0 1 0 1 0 1 1 1 1 
1 1 1 1 1 1 1 1 1 1 1 1 1 1 1 0 1 1 1 
1 1 1 1 1 1 1 1 1 1 1 1 1 1 0 0 1 1 1 
1 1 1 1 1 0 1 1 0 1 1 1 1 1 1 1 0 1 1 
1 1 1 1 0 1 0 0 1 1 1 1 1 1 1 1 1 0 1 
0 1 1 1 1 1 0 1 1 1 1 0 1 1 1 0 1 0 1 
1 1 1 1 0 1 0 1 1 1 1 1 1 1 1 1 0 1 1 
0 1 0 0 1 1 1 1 1 0 1 1 1 1 1 1 1 1 0 
1 0 1 0 1 1 1 1 1 1 1 1 0 1 1 1 1 1 1 
1 1 1 1 1 1 1 1 1 0 1 1 1 1 1 0 1 1 0 
1 1 1 1 1 1 1 1 1 1 1 0 1 1 1 0 1 1 1 
1 1 1 1 1 0 1 1 1 1 1 1 1 0 1 1 0 1 1 
1 0 1 0 1 0 1 1 1 1 1 0 1 1 1 1 1 0 1 
1 1 1 1 1 1 1 1 0 1 1 1 1 1 1 1 1 1 1 
0 1 1 0 0 1 1 1 1 1 0 1 1 1 1 1 0 1 1 
1 1 1 0 1 1 0 1 1 1 1 1 0 1 1 0 1 1 0 
1 1 1 0 1 1 1 1 0 0 0 1 1 1 0 1 0 1 1 
1 1 1 1 1 1 1 1 1 1 1 1 1 0 1 0 1 1 1 
1 0 0 1 1 1 1 0 1 1 1 1 1 1 1 1 1 1 1 
0 1 0 0 1 1 1 1 1 1 1 1 1 1 1 1 0 1 1 
1 1 1 0 1 0 1 1 0 0 1 1 1 1 0 1 1 1 1 
1 1 0 0 0 1 0 1 1 1 0 1 0 0 0 0 1 0 1 
1 1 0 1 1 1 0 0 1 1 1 1 1 1 1 1 1 1 1 
1 0 1 1 1 1 1 1 1 1 1 0 1 1 1 1 1 0 1 
1 0 1 0 1 1 1 1 1 1 0 1 1 1 0 1 1 0 0 
1 1 0 1 0 0 0 1 1 1 0 1 1 1 1 0 1 0 1 
1 1 0 1 1 1 1 1 1 0 1 0 1 1 1 1 0 1 1 
1 1 0 1 1 1 0 1 1 1 1 1 1 1 1 1 0 1 1 
0 1 1 1 1 1 1 1 1 1 1 1 1 0 1 1 1 1 0 
0 0 0 1 0 1 1 1 1 0 1 1 1 1 1 1 0 1 1 
0 1 1 0 1 1 1 1 0 0 1 1 1 1 1 1 1 0 1 
1 0 1 1 1 1 0 0 1 0 1 0 1 1 1 1 1 1 1 
1 1 1 1 1 1 1 1 0 0 1 0 1 1 1 0 1 1 1 
1 1 1 0 1 0 0 1 1 1 1 1 0 1 1 0 1 1 1 
1 1 1 1 1 1 1 1 1 1 1 1 1 1 1 0 0 1 0 
0 1 1 0 1 1 1 1 1 1 1 1 1 1 1 1 1 1 1 
1 1 1 0 1 1 1 0 1 0 1 0 1 1 1 1 1 1 0 
1 0 1 0 1 0 1 1 0 1 1 1 1 1 1 1 1 1 0 
1 1 1 1 1 1 1 1 0 1 0 1 0 1 1 1 1 1 1 
1 1 1 1 0 1 1 1 1 1 1 1 1 0 1 1 0 1 0 
1 1 1 0 1 0 1 1 1 1 0 0 1 1 1 1 0 0 1 
1 1 1 0 1 1 0 1 1 1 1 1 1 0 0 1 0 1 1 
1 1 1 0 0 1 1 1 0 1 1 1 1 1 1 1 1 0 1 
1 1 1 0 1 1 1 0 1 1 1 1 1 1 0 0 1 1 1 
1 0 1 1 1 1 1 1 1 1 0 1 1 1 1 0 1 0 1 
1 1 1 1 1 1 1 1 1 1 0 0 1 0 0 0 1 1 1 
1 1 1 0 1 0 1 1 1 1 1 0 1 1 0 1 1 1 1 
1 0 1 1 1 0 1 0 1 1 1 1 0 1 0 0 1 1 0 
0 1 1 0 1 1 1 1 1 1 1 0 1 1 1 1 1 1 1 
1 1 1 1 1 1 1 0 1 1 1 1 1 1 1 0 1 0 1 
1 1 1 1 1 1 1 1 1 0 1 1 0 0 1 1 1 1 1 
0 1 1 1 1 1 0 1 1 0 0 1 0 1 1 0 0 0 1 
0 1 1 1 0 1 1 1 1 0 1 1 1 1 1 0 1 1 1 
1 1 1 1 0 1 1 1 1 1 1 1 1 1 1 1 1 1 0 
1 0 1 1 0 0 1 1 1 0 1 1 0 0 0 1 1 1 0 
1 1 1 1 1 1 1 1 1 1 1 1 1 0 1 0 1 1 1 
1 1 0 1 1 0 1 0 1 1 1 1 1 1 1 1 1 0 1 
0 0 0 1 1 1 1 0 1 1 0 1 0 1 1 1 1 1 1 
1 1 1 1 1 0 1 1 1 1 1 1 1 1 0 1 1 1 1 
1 0 1 1 0 1 0 1 1 1 1 0 1 1 1 1 1 1 1 
0 1 1 1 1 1 1 1 1 1 1 0 1 0 0 1 1 1 1 
1 1 1 1 0 0 1 1 1 1 1 1 0 1 1 1 1 1 0 
1 1 1 1 1 1 0 1 1 1 0 1 0 1 1 0 1 1 0 
1 1 1 1 1 0 1 0 1 1 1 1 0 1 1 1 1 1 1 
1 1 1 1 1 1 0 1 1 1 1 1 1 0 1 1 1 1 1 
1 1 0 1 1 1 1 0 0 1 0 0 1 1 1 0 1 1 1 
0 1 1 1 1 1 1 0 1 1 1 1 1 0 1 1 0 0 1 
1 1 1 1 1 1 1 1 1 0 1 0 1 0 0 1 1 1 1 
1 0 1 1 0 0 1 1 0 1 1 1 1 1 1 1 1 1 1 
1 0 1 0 1 1 0 1 1 1 1 0 1 1 1 1 1 1 0 
1 0 1 1 1 1 1 1 0 1 1 1 1 1 1 1 0 0 1 
1 1 0 1 1 1 1 0 1 0 1 1 1 1 0 1 1 1 1 
1 1 1 1 1 1 1 1 0 1 1 1 0 0 1 1 1 1 1 
1 0 1 1 0 0 1 1 1 1 0 1 1 1 0 1 1 1 0 
1 1 1 0 1 1 0 1 1 1 1 1 1 0 1 1 1 0 0 
1 0 1 1 1 1 1 1 1 0 1 1 0 0 1 1 0 1 1 
0 1 0 1 0 0 1 1 0 1 0 1 1 1 1 1 1 1 1 
1 1 1 1 1 1 1 1 0 1 1 1 1 1 1 1 0 1 1 
1 1 1 1 1 1 1 1 1 0 1 1 1 1 1 1 1 1 1 
1 1 0 1 0 0 0 1 1 1 1 1 1 1 1 1 1 1 1 
1 1 1 1 1 1 1 1 1 0 1 1 1 1 0 1 0 1 1 
1 1 1 0 1 1 1 1 1 1 1 1 1 1 1 1 1 1 1 
0 1 1 1 1 1 1 1 1 1 0 1 1 0 1 1 1 1 0 
1 1 1 0 1 0 0 0 1 1 1 1 1 1 1 1 0 1 1 
1 1 1 1 1 1 1 0 0 1 1 1 1 1 1 1 0 1 1 
1 0 1 1 1 1 1 1 1 1 1 1 1 0 0 1 1 1 1 
0 1 1 1 1 1 1 1 1 1 1 1 1 1 1 1 0 1 1 
1 1 0 1 0 1 1 1 1 1 0 0 1 1 1 1 1 1 1 
1 1 0 1 1 1 1 1 1 1 1 1 0 1 1 1 1 1 1 
1 1 1 1 0 1 1 0 1 1 0 1 1 1 1 1 1 1 1 
0 1 0 0 1 1 1 1 1 1 1 1 1 0 1 1 1 1 0 
1 1 0 1 0 0 1 1 0 1 1 1 1 0 1 1 1 0 1 
1 1 1 1 1 1 1 0 1 1 0 1 1 0 1 1 0 1 1 
1 1 1 1 1 1 1 1 0 1 0 1 1 1 0 0 0 1 1 
1 1 1 1 1 1 1 1 1 0 1 1 0 1 1 1 1 1 1 
1 1 1 0 1 1 1 1 1 1 1 1 0 1 0 1 1 1 1 
1 1 0 1 1 1 1 1 0 0 1 1 1 1 1 1 1 1 1 
1 1 0 1 0 1 1 1 0 1 1 1 1 1 0 0 1 1 1 
1 1 1 1 1 1 1 1 1 1 1 1 1 1 1 1 1 0 1 
0 1 0 1 1 1 0 0 1 1 0 1 1 1 0 0 1 1 1 
1 0 1 1 1 1 1 0 0 1 1 0 1 1 1 1 1 1 0 
1 1 1 1 0 1 1 1 0 1 0 1 1 1 1 0 1 1 1 
1 1 1 1 1 1 1 1 1 1 1 1 0 0 0 0 1 0 1 
0 1 1 1 0 0 1 1 1 1 0 1 1 1 1 0 0 0 1 
1 1 1 1 1 1 1 1 1 1 1 1 1 1 0 1 1 0 1 
1 1 1 1 0 1 0 1 1 1 1 0 1 1 1 0 1 0 1 
0 1 1 1 1 1 1 1 1 1 1 1 1 1 0 0 0 1 1 
1 1 1 1 0 1 1 0 1 1 1 1 0 0 1 0 1 1 1 
1 1 0 1 0 1 0 1 1 1 1 0 1 1 0 1 1 1 1 
1 1 1 1 1 1 1 1 1 1 1 0 1 0 1 1 1 1 1 
1 0 0 1 1 1 1 1 0 1 0 0 1 1 1 1 1 1 1 
0 1 1 1 1 1 0 1 1 1 1 0 1 1 0 1 1 1 1 
1 1 1 1 1 1 1 1 1 1 1 0 1 1 1 1 1 1 1 
1 1 1 1 1 1 1 0 1 1 1 1 1 1 0 1 0 1 1 
1 1 0 1 1 1 1 0 1 0 1 1 1 1 1 1 1 1 1 
1 0 1 1 0 1 1 1 1 1 1 1 0 1 1 0 1 1 1 
0 1 1 1 0 1 0 1 1 1 0 1 1 0 0 1 1 1 0 
1 1 1 1 1 1 0 1 1 1 1 1 1 1 1 1 0 1 1 
1 0 0 1 1 1 1 1 1 1 1 1 0 1 1 1 1 0 0 
1 1 1 0 1 1 1 0 0 0 1 1 0 1 1 1 0 1 1 
1 1 1 1 1 0 1 1 0 1 1 1 1 1 1 1 0 0 1 
1 1 1 1 1 1 1 0 0 1 0 1 1 1 1 1 1 1 1 
1 0 1 1 1 1 0 1 1 1 1 1 0 1 1 1 1 1 1 
1 1 1 1 1 0 1 1 1 1 0 1 1 1 1 1 1 1 1 
1 1 1 1 1 0 1 1 1 0 1 1 1 0 1 1 1 1 1 
1 1 0 1 1 1 1 0 1 1 1 1 1 0 1 1 1 1 1 
1 1 0 1 1 1 1 1 0 1 1 1 1 1 1 1 1 1 1 
1 1 1 0 1 1 0 1 1 1 1 1 1 1 0 1 0 0 1 
1 1 0 0 1 1 1 1 1 1 0 1 0 1 0 1 1 1 1 
0 1 1 0 1 1 1 1 1 1 1 1 0 1 1 1 1 1 0 
1 1 1 1 1 1 0 1 0 1 1 1 1 1 1 1 1 1 0 
1 1 1 1 1 0 0 1 1 1 1 1 1 1 0 1 1 1 0 
1 1 1 1 1 0 1 1 1 0 0 1 1 1 1 1 0 0 0 
0 0 1 1 1 0 1 1 0 1 1 1 1 1 1 1 1 1 1 
1 0 1 1 1 1 1 1 1 1 1 1 1 1 0 1 1 1 1 
1 1 1 1 1 1 1 1 0 1 0 1 1 1 1 1 1 1 0 
1 1 1 1 1 1 0 1 1 1 1 1 1 1 0 1 1 1 1 
1 1 0 1 1 1 1 1 0 1 0 1 0 1 0 0 1 1 1 
1 1 1 1 0 0 1 1 1 1 0 1 1 1 1 1 0 0 1 
1 1 1 1 1 1 1 1 1 0 1 0 1 1 1 0 1 0 1 
1 1 1 0 1 1 1 1 1 1 1 1 0 1 1 1 1 1 1 
1 1 0 1 0 1 1 1 1 1 0 1 1 1 1 1 1 0 1 
1 1 1 0 1 0 1 1 1 0 1 1 1 0 1 1 1 1 1 
1 1 1 1 1 1 1 1 1 1 1 0 1 1 1 0 1 1 1 
1 1 1 1 1 1 1 1 1 1 0 1 0 0 1 0 1 1 1 
0 1 1 0 0 1 1 1 1 0 1 0 0 1 1 0 1 1 0 
1 1 0 1 1 1 1 1 1 1 1 1 0 1 1 1 1 1 1 
0 1 1 0 1 1 1 1 1 0 1 1 1 1 1 1 1 1 1 
1 1 1 1 1 1 1 1 0 1 1 1 1 1 1 1 1 1 1 
0 1 1 1 1 1 1 1 1 1 1 1 1 1 1 1 1 1 1 
1 1 1 0 0 1 1 0 0 1 1 1 1 1 1 1 1 0 1 
1 1 1 1 1 1 1 1 1 1 1 1 1 1 1 1 1 1 0 
1 1 1 1 1 1 0 1 1 1 1 1 1 0 1 0 1 1 0 
1 1 1 1 1 1 0 1 0 1 1 1 1 1 1 1 0 1 1 
0 1 1 1 1 0 1 1 1 1 1 1 1 1 1 1 1 0 1 
1 1 0 1 1 1 1 1 1 1 1 1 0 1 1 1 0 1 1 
1 1 1 1 1 1 1 1 1 1 0 1 1 1 0 1 0 0 1 
1 1 0 1 1 1 1 1 1 1 1 0 0 1 1 1 1 1 0 
1 1 1 1 1 1 1 0 1 1 1 1 1 1 1 0 0 1 1 
1 1 0 0 1 1 1 1 0 1 1 1 1 1 0 1 0 1 1 
1 0 0 1 1 1 0 1 0 1 1 0 1 1 0 0 0 0 1 
1 1 1 0 1 1 0 1 1 1 1 1 1 1 1 1 1 1 0 
1 1 1 1 1 1 1 1 0 1 1 1 1 1 1 0 0 1 1 
1 1 1 1 1 1 1 1 1 1 1 1 1 1 1 1 1 1 1 
1 0 1 1 1 1 1 0 1 1 1 1 1 1 1 1 1 1 1 
1 1 1 0 1 1 1 1 1 1 1 1 1 0 1 1 0 0 1 
1 0 1 1 1 1 1 1 1 1 0 1 0 1 1 1 0 1 1 
1 1 1 1 1 1 1 1 1 0 0 0 1 1 1 1 1 1 1 
0 1 1 1 1 1 0 0 1 0 1 1 1 1 1 1 0 0 0 
0 1 1 0 1 1 1 1 1 1 1 1 1 1 1 1 0 1 1 
0 1 1 1 1 1 1 1 0 1 1 1 1 1 0 1 1 1 1 
1 1 1 0 1 1 1 1 1 1 1 1 1 1 0 1 0 1 1 
0 1 1 1 1 1 1 0 1 1 1 1 0 1 1 1 1 1 0 
1 1 1 0 1 1 1 0 0 0 0 1 1 1 1 1 1 1 1 
1 1 1 1 1 1 1 1 0 1 1 1 1 1 1 0 1 0 0 
1 1 1 1 1 1 1 1 1 1 0 0 1 1 0 0 0 0 1 
1 0 1 1 1 1 1 1 1 1 1 1 1 1 1 1 1 1 1 
1 1 1 1 1 1 1 1 0 0 0 0 1 1 1 0 1 1 1 
1 1 1 0 1 1 1 1 1 0 0 1 0 1 1 1 1 1 1 
1 1 1 1 1 1 0 1 1 1 1 1 1 1 1 1 1 1 1 
1 1 1 1 1 1 1 1 1 1 1 0 1 1 0 1 1 1 1 
1 1 0 1 1 1 1 0 1 1 1 1 1 0 0 1 1 0 1 
1 1 1 1 1 1 1 1 1 1 1 1 1 1 1 1 0 1 0 
1 1 0 1 0 0 1 1 1 1 1 1 1 1 1 1 1 0 1 
1 1 1 1 1 0 1 1 1 1 1 0 1 1 1 1 1 1 1 
1 0 1 0 1 1 0 1 1 1 0 1 1 1 1 1 0 1 1 
1 0 0 1 0 1 1 1 1 1 0 1 0 1 1 1 1 1 1 
1 1 1 0 1 0 1 1 1 1 1 1 1 1 1 1 0 1 1 
1 1 0 1 1 0 1 1 1 1 1 0 1 0 0 0 1 1 0 
1 1 0 1 0 1 1 1 1 1 1 1 0 1 0 0 1 1 1 
0 1 1 1 0 0 1 1 1 0 1 1 1 1 1 1 0 1 1 
1 0 1 1 1 1 1 0 1 1 1 1 1 0 1 1 1 0 1 
1 0 1 1 1 1 1 1 1 1 1 1 1 0 1 1 1 1 0 
0 0 0 1 1 1 1 1 1 1 1 1 1 0 1 1 1 0 1 
1 1 1 1 0 1 0 1 1 1 0 1 1 1 1 1 1 1 1 
0 1 1 1 1 0 1 0 1 0 1 0 1 1 1 1 0 0 1 
1 1 0 1 1 1 1 1 0 1 1 1 1 1 1 1 1 1 1 
0 1 1 1 1 0 1 1 1 1 1 1 0 1 1 0 1 1 1 
1 0 1 1 0 1 1 1 1 1 1 1 1 1 0 0 1 1 1 
1 1 1 1 1 1 1 1 1 1 0 0 1 1 1 1 1 1 0 
1 0 1 0 0 1 1 1 1 0 1 1 1 1 1 1 1 1 1 
1 1 1 1 1 1 0 1 0 0 1 0 1 1 1 1 1 1 1 
1 1 0 1 1 0 1 0 0 0 1 1 1 1 0 1 1 1 0 
1 1 1 1 1 1 1 1 1 1 1 1 1 1 1 0 0 1 1 
1 1 1 1 1 1 0 1 1 1 1 1 1 1 1 1 1 1 1 
1 1 1 1 1 1 1 1 0 1 0 1 0 1 1 1 1 1 1 
1 1 1 1 1 0 1 1 1 1 1 1 0 0 1 1 1 1 1 
1 1 1 1 1 1 1 0 1 1 1 1 0 1 1 0 1 1 0 
0 0 1 0 0 0 1 1 1 1 1 1 1 1 0 1 0 1 1 
1 1 0 1 1 1 1 1 1 1 1 1 1 1 1 1 1 0 1 
1 1 1 1 0 1 0 1 1 1 1 1 0 0 1 1 1 1 1 
0 1 1 0 1 1 1 1 1 1 0 1 0 1 1 1 1 1 1 
1 1 1 1 0 1 1 0 1 1 1 1 0 1 0 1 1 0 1 
1 1 1 1 1 0 1 0 0 1 0 1 1 0 1 1 1 1 1 
1 1 1 1 1 0 1 0 1 1 1 0 1 0 1 1 1 1 0 
1 1 1 1 1 1 1 0 1 1 1 1 0 0 1 1 1 1 0 
1 0 1 1 1 1 1 1 1 1 1 1 1 1 1 1 1 1 1 
1 0 1 1 1 1 0 1 1 1 1 1 1 1 0 1 1 1 1 
0 1 1 1 1 0 1 1 1 1 0 1 1 1 1 0 1 1 1 
1 0 0 1 0 1 1 0 0 1 1 1 1 1 1 1 1 1 1 
1 1 1 0 1 0 1 1 1 1 1 1 1 1 1 1 1 0 0 
1 1 1 1 1 0 1 1 1 0 1 1 1 1 0 1 1 0 1 
0 1 0 1 0 1 0 1 1 0 1 0 1 1 0 1 1 1 1 
7533710 238600994 530241789 52912200 996321153 707984741 910636292 775969636 728707946 625209825 242795218 47655565 442574873 938929110 160451744 676902592 822242128 32037909 949030619 
501320901 174015812 923289991 861973665 511899072 252067104 349540774 939947080 285040549 407356801 530938114 300643287 612701630 460699899 668601277 152755594 973097255 488941202 388812303 
427932755 356968786 745238082 98843842 842037332 375508100 639675768 404528567 18295652 986556502 2161559 587341920 734643604 649583158 478606964 437538372 331186592 910196707 619781850 
73583486 143272318 381214708 767591687 970024766 94907092 669327954 559400237 676625479 489945985 624679097 861524977 556966255 791236115 388192059 468556527 776284706 682137166 204889277 
452715829 792131295 187882924 444631929 57547715 54793657 7071702 683651450 242307602 536621784 450340657 69460257 917742218 864016630 572457293 588175783 463821578 885064162 223011699 
861126546 750319972 63338239 142976800 377005375 480376798 467960263 668845700 695624544 479685042 369519682 646078722 963985786 529655694 417649039 771985331 85061222 629853205 349060707 
630589923 93997265 247414877 744497540 156178835 5109692 921475183 701271117 157638645 530469629 412417994 9814829 829581811 342858685 943257056 13639208 397481129 64488695 396171927 
987969878 339722726 568232960 822627017 348616032 6085807 398336249 981634245 281495558 36285883 404823902 823545036 79715483 90865657 57054842 739240341 48268423 71505157 501080562 
943526089 250214339 587000247 369627703 992963463 460219744 448711317 953820435 511154913 252859393 928364635 830049828 48956510 298701405 619617402 905809755 6319733 573077438 718851477 
11624828 309259545 847099012 851796998 290368674 280043048 238711459 403136087 910512313 352564730 119342625 55875017 502529538 759520217 712469913 864322258 804003219 974476930 48947897 
298897815 775096788 437651624 120371912 873678454 511514371 489504114 340006682 713749119 997419953 71288055 365553051 982857717 770582851 771121354 967323978 636821201 238740593 251330666 
282903226 973994303 760606154 406506957 20287633 656627744 640674350 681806301 605290509 530468742 921353043 736475386 816543099 63376186 572110913 95657844 339686591 982135611 402863574 
83987987 367432143 364093493 668884802 524680848 659255607 607346702 957734540 867729433 31922327 265980510 209999115 378827728 205999904 672982256 95986670 609556812 122342938 961501254 
11666612 486140695 56721761 736670740 346223030 121752367 500144100 734217152 573496985 468746118 99214373 391754472 262848732 956923521 173378747 923386332 283109455 487787388 776768723 
13814303 466003865 710288197 114918571 152376043 701254833 840710300 538565141 55932330 17688934 133316794 712747258 368595582 94039000 484872135 805274580 25482425 313853692 583599457 
293110835 73697126 470936348 929827100 197929786 925022655 387239509 400840445 87036447 61682612 739722519 466066430 577661614 932362859 799173288 946791054 606130118 172287162 598890914 
204721933 200599002 987152302 16053360 833793108 166251377 37602055 134839765 453691435 831347111 395384250 448921958 890970065 927315114 72000110 492997642 315055224 898051134 646282240 
534819969 540155846 974646329 54366718 254079962 503521365 458259720 714356016 776490492 614635060 358323240 738847755 399919646 796555108 796341422 952211259 118340430 808846427 691118016 
289498658 689821934 705012869 799741209 539958099 912828210 349737662 450323336 563486999 331460516 144792025 851036529 304115177 3082656 814948636 19572042 643545338 799584985 107366594 
278033953 167181998 827832274 361846391 908798994 654562588 64531557 110080480 172116177 892670097 888763456 840773904 737595429 287389710 779672418 16282899 838404202 461294022 256507554 
950081128 667683598 543608737 214893609 328868223 319071508 110412732 471835635 128443200 9045909 111559910 591528019 395314563 433342522 710581029 846319212 299596696 36614595 332565551 
89738936 471088832 7726210 215121905 207000964 101112498 366495458 503248139 37331825 620874264 538396122 773768530 788844022 924099343 700835194 693910093 908785625 240260011 101196134 
813855160 315759033 68103792 425008469 272503300 529701512 874579674 783689106 6246101 188086281 2137558 352714619 722910595 435666774 447225415 70289925 12089752 784749916 445901186 
175484470 947460441 478187356 373453778 27631529 481325623 62495595 114520308 207842574 85372249 494156021 862572700 459497639 478719005 291946803 610896622 984428749 331562131 976814008 
515456262 651722857 547692031 893639401 654349681 709996411 91247960 525618303 216731826 43285398 537383371 501721607 48465341 225407073 19980601 812498274 584680064 46376983 198374581 
159952198 50165845 457497609 473347335 810268091 494942354 45532440 927524652 696070303 123158778 942722107 30744787 685043235 972576840 970656511 72109280 171728204 756841130 498146305 
461307886 319751283 494736963 918535030 887069894 995871173 538384296 40187812 952453354 60885954 32032355 496152934 2502924 932317635 347238773 34253995 928750998 13737068 120974285 
195195128 224483108 213270079 729274578 92322274 722787077 17261578 142526686 64862099 846487485 62825843 420652480 717578063 98707846 315110770 385773369 5442533 392244939 146909910 
239945599 754380349 72813739 775592128 948883390 120671699 508218237 318109475 538072210 206870837 61207365 791010122 187353742 633751175 192114757 212926546 795581112 909902847 2148199 
946839468 753680138 788576361 759012051 996874653 293908211 757945253 29032030 471821757 604937172 518975268 69966872 666469243 933690756 818200174 386279615 56246935 116125388 46124959 
719366215 89357223 389929451 633510886 11862615 375890067 603878675 549578757 43968206 453922073 299011819 42267859 295305787 615391049 702622475 543391677 80216673 719446026 487681667 
545854273 438889145 213154707 256793684 842180466 400537839 434358771 717480437 292491895 519199076 606087050 991966160 937347339 176679850 407559566 282327490 435482366 388585227 532175495 
743525278 741717938 302165762 158186194 827129259 813209248 270624704 996352290 570211618 187056081 766761641 734191354 576289969 544831589 357276373 573041973 56406266 968800015 253499792 
14693502 373513492 848630934 406526681 371959256 130772745 774736982 31455718 897360664 58027094 344657085 413318559 414594917 516157039 398579663 331382047 158244799 209350456 20493219 
206869559 305013621 400549261 115960547 18884585 934100142 670839227 681418064 121895666 974688481 182082053 355655739 109187641 508442973 147199776 400011021 595700064 60677057 68006070 
223128512 898168636 646484613 96578024 556085092 692175444 788702576 368360900 319138459 804701541 749867551 33205203 65361437 919987166 514811012 774493326 189575989 640560741 675438437 
345646563 345398338 682669904 304641241 275208117 70198583 984692524 332336846 820770905 618007579 23396665 613787526 352799002 484211082 706955243 353284629 240773814 727961906 296038763 
809358053 210065887 765612630 860240916 618162226 275659707 740149327 541324023 914776719 662370916 804227846 58520151 924970335 785625449 537055099 305347631 133588828 514026059 642992194 
139058343 587311891 492120320 489723392 310763170 741615462 450381939 75204594 72257587 179226633 870098690 57060454 980293411 168177158 487891711 389460289 172971373 58701881 376760112 
226661496 960404929 257121236 645072720 745743510 2930692 40553691 491285643 646140220 15381966 421656234 539890181 994036636 736794349 763774060 18944339 612890365 394477021 462961057 
60817153 197863738 145437781 822696608 753571595 122501955 742145980 167601426 37960037 526608795 28362159 977918067 313407091 464717016 308740221 53923476 766700432 410448422 819856299 
910042141 647475083 599292868 74911856 592179460 531107621 580186501 37042747 889016599 493934997 49944912 821975849 409140343 570359044 443215777 467228815 297644058 270775058 272119815 
263141238 499279433 380697935 902290852 101417242 450223904 599486914 709895087 475854698 978352401 534337382 731555317 321919370 968612193 828510888 859908435 360249428 605283497 129098218 
468794430 130603731 453379926 778234371 245966652 529937094 674450985 680825533 939142504 41410851 376196792 338146133 88546546 761744018 318070763 352161535 704950172 603995118 381919872 
138092895 754531134 666836679 398449032 67549968 33436226 927202787 33755880 71855650 280917034 361748920 958013401 585747093 116813318 424004851 557964648 43576030 414485246 65732853 
816467190 704794731 203060430 556266065 146111673 261558294 840574020 772048207 389431353 399101620 733594051 137194091 70531283 516853130 927913412 623825623 212184635 794511058 96618832 
297301237 682964722 99179066 399488647 953901278 536752340 468830564 591595805 860562654 693012877 993084520 3927768 513622517 929486622 417760846 510269459 17395798 305643613 957448596 
38914109 438776813 941995378 431283374 176600666 62111953 122058843 638893697 24100224 625684439 782366056 838298343 470179165 925729536 661744576 23408430 68455084 402422276 912319963 
31989400 276320195 846870225 885916165 877469406 148847880 273461766 571050721 132236454 378186103 960200567 18145251 657915920 26034974 443474604 593702358 895424814 906751904 900936546 
60487508 19823749 293436597 414519817 861138257 704272274 938123433 474278980 399972241 266077505 825117401 731042156 971066668 837700212 238371897 326244110 627047697 403464833 373202896 
429477224 909297280 697621427 10156857 467567600 829153678 279430089 460099366 930864589 646895525 627614835 40439764 944502363 416353282 557502424 680975777 269227436 811308086 436534546 
823035252 362591490 864510117 91141296 448500044 205378390 136295689 69373235 10135741 852728275 19132655 890124178 737804656 455266396 427960378 278813622 918232989 152248834 979176348 
201573630 462448277 435007887 793288992 74538685 297728314 865992190 638209187 844759223 366799492 7378687 458860629 615877544 59981309 399876472 337718588 71030204 475904071 849226752 
515681202 514254616 432570258 222155619 473502690 972228176 766643238 361346848 295112271 798954734 235661535 91799021 17327181 267041778 764953515 174369330 187709574 219736140 19680782 
877166218 409276278 783095651 216952222 755085893 166602736 212759442 966245512 932165097 860201879 316948646 833870345 928237484 458751845 203036770 115182325 64034810 96558120 895219451 
520464948 695025142 68327167 423040923 699164992 900692978 252555745 855417058 488890537 830526454 669387799 436150625 5370000 653028415 25324222 886234141 560754992 333464508 834195782 
881714450 406631248 694892178 714353141 403180973 912085202 318689945 1097315 924590417 50056488 95288285 450560000 367489491 597001689 393109790 915677323 406526 289239808 509034576 
235764377 735718416 366229453 400685852 319441428 633678394 290423555 405404509 318846136 57399076 116801400 19654564 676930199 519327847 849417368 34056116 867002006 440833297 637253347 
507394311 487044846 709739045 767625322 24367943 489158060 708157209 58820948 2907350 247220530 917273174 744331360 605040455 128386228 287462843 591922009 640166883 977068219 185230105 
826632100 882876452 511837093 957894840 288154296 629439037 594565667 780297681 6689440 906317200 674217914 4255507 472770170 296953654 31291202 273578783 114245371 566375036 776336235 
552036107 350904041 608677216 304738100 801749731 45001631 192556312 628807282 427152931 824196493 619950731 723353166 74345534 726876341 149884629 363179462 343363866 867083567 294262727 
949843499 634852753 422289318 436448357 29154210 278262770 345274841 100469095 976244132 868093054 767931163 280653241 265711486 144470507 686747860 610242299 645771473 41813476 5259004 
959798785 824751635 460629384 184328359 23337811 323686668 747742695 790229109 28818351 168511834 875143305 35459358 903650435 494941422 663949286 881913324 581109876 435396749 837172206 
718195519 867994585 287459408 62715521 574875403 108730688 595107876 267659257 514812246 18185703 290974794 334080924 526460091 836871748 340863448 230587435 477964009 916075135 6833974 
43266133 204970276 731470578 760392866 382682948 806875331 589112496 666440876 911623440 708210609 612656635 712291515 718348103 444429549 865114828 533837191 32176490 65674506 530942288 
718109597 93270387 969650863 453490277 945307614 70007881 352513815 438250016 412317695 116609611 826411666 984908874 538087178 328559562 843980035 859070687 287108572 453479822 289328736 
166333582 216552358 885024079 834361141 340134204 216039020 569882174 62902561 43672192 601826185 417830266 307812184 416862761 125057065 403535515 501511967 852997300 555616717 23463979 
609513555 915262934 663725770 36921383 887801315 299162872 74159817 666269827 821861969 623346101 654861130 66321315 422671412 988049502 581824539 628220132 583079609 109704822 987079649 
502880529 347535902 737726263 988504215 475269870 758077493 246761483 990727176 370057136 244916455 690238740 826992727 506929026 888519343 734901669 182877305 144580098 857183002 614058182 
227724470 353744578 937688910 773108148 11936555 582113736 462449792 648784990 514402379 722102286 887545980 804123113 234163033 91594754 914475553 902565166 580221679 844061191 336437730 
39518006 658009467 775099635 797596230 51262404 779958717 222253711 243769449 50218444 741801802 508838938 392752249 2364405 380100364 374654662 379740730 446375196 264668096 56897593 
200999298 501243088 377158262 136997645 72132285 622034902 73325331 521003857 541121387 875890854 947765459 628736774 647296670 48876524 227873473 790298274 72813949 330657032 47586365 
555659665 413774787 322970254 354514303 360041135 763202623 68405957 147504142 101877967 22620500 391794734 634952519 2737975 43171195 287432179 71476443 527473185 991075263 446293116 
707950931 291552060 764643389 533949919 977518723 544425513 610523305 444678762 264565274 124077311 815850698 691658011 645197338 208964808 452708092 783495208 793142615 614623745 553086125 
956840312 832311803 519019805 975730400 821225256 881672194 396470018 628484782 286313480 807445950 863954315 47755711 622928923 110103636 588152837 438004438 289810714 92817469 769401778 
756714051 557987569 795214279 95621193 939936367 532365376 209309073 568489076 27126867 897028828 71636242 578394704 32819200 279047244 54251282 812016 45034777 335830604 226723888 
678238171 365237078 239895373 489995099 653524362 20880128 961151731 781744729 985123307 24567158 19818134 401270339 945019872 5901741 332152258 236582918 413419713 44558506 936972983 
906270948 335984853 112195083 741158633 37620464 94147549 781588605 251670400 38347157 377978250 412020291 221178330 576473617 824943105 44073398 427139076 480175091 15716957 459622847 
733218117 468347297 519860526 524712542 137073299 252405972 175812340 37823781 247442204 763317017 249042597 111487422 305467582 146173522 897772076 525497954 930326671 626068786 615141095 
75208799 482611030 476411845 176278056 954604700 152239632 79109094 276630964 69779468 590085740 603905479 378737735 74182717 822046544 673628269 914066959 254417868 517888338 680156720 
250649901 619762414 247173951 792146239 384786999 891205609 795719319 170732571 955603128 245677976 468411406 614375959 910361518 491110890 42817549 674168799 303819275 785767012 340741936 
640930798 84042549 8132763 9386693 150284054 939373446 334627003 499860820 216868091 131496141 214031362 501589777 34018456 274097866 361290053 811682411 350298297 67752885 221576554 
807649409 537587839 822023353 13067244 45319590 88477664 285715058 303255388 687543782 247900196 133447027 704448987 461721977 410159209 760900291 414979488 348074321 19004960 55533658 
26783095 649644945 601750925 967559592 867013952 39987217 421665355 961154062 254294636 810542305 1920966 927421282 847684740 351709884 267262399 272690800 802829729 586019225 820501707 
731315060 168114933 414094623 499949268 648832161 972901697 726972715 219385751 136653982 8913244 39648843 572809509 992447235 620751027 543622728 647524450 312269024 68018627 393496725 
192626057 342740278 829438114 724023008 847983782 214403452 682923892 50770312 66602521 693696028 285034229 783862820 824397594 479293171 280739573 977723898 48321072 149110740 242550486 
811399815 364347321 872640774 42001936 671612410 563940965 36135873 902227119 66501046 784163771 961035957 201464784 591082712 380800146 207628932 8410662 495473832 231441817 782982723 
324993147 762564903 877122512 786988029 659581480 641005961 798584076 446086447 299226524 375670966 195293303 691629901 923097307 926829003 603762446 798244923 306482684 601836696 355206177 
451828437 193827753 411527712 904658390 877613928 346742179 970414365 409490855 734127159 242767163 605164153 327039199 731019767 908446170 39732694 335405345 864981075 443756922 771857926 
904494305 13065831 418658603 363287956 632580073 575558474 592258447 748198713 159658966 427352702 208995166 570705512 846266520 672931966 502573027 540597187 365208821 709996344 891748733 
333996451 238790406 489880207 678967327 996476052 625116345 840713432 883432912 40209365 607767630 703333214 839315244 180362717 766706906 943885023 297198561 11457746 515040967 784501773 
585994034 487334673 938337361 810573838 540119160 857081769 252445194 743548156 77337500 724275934 132677463 569289317 689414558 168737450 365776625 726838732 698401042 2228024 79257446 
283731751 310830749 11165544 178008982 614524255 363443580 554671438 546818870 623491795 129830910 1823410 608131919 691435989 629569541 892949905 14243520 314212651 555368329 129330331 
547178168 170760335 925075732 771740595 636842813 29842736 203167815 350851186 750574504 12713519 294744660 786863781 327319334 916015395 862015106 189512906 214201657 374113941 217929388 
898629783 943052341 966502020 648558530 479042419 66745283 206093538 985039431 29288187 367485281 64540181 47143633 813797758 21286111 72444792 220953228 30745216 697083621 276471768 
433422263 219860796 816487273 673164279 74026532 609558299 322755130 835490572 450379710 48947261 273854327 294647616 69297403 753036282 44985366 205047347 974591342 52738901 730013282 
848999797 304025656 792578958 146217590 348753677 418409616 505107091 421679812 31182325 47356482 231424905 743309457 883526301 769798702 725623623 523672694 202192740 877303494 487369947 
629810912 824388898 747332753 447137284 451362961 151619489 892646058 195347382 471896860 329339422 766124865 788594329 679086445 382436301 996164632 173422474 183064639 296602706 387792647 
555863065 190174884 938291273 574282361 872594185 668575360 888370623 65227245 133888211 369175822 925491383 240340598 900568100 201939802 54312870 739911483 10463834 304236229 257607670 
358142456 913878027 464359813 645153415 218176379 373453182 679420706 326862890 639139879 69672751 773697786 346344996 284580981 708139600 150967998 379994801 813886830 614157635 902823667 
939030911 930619699 468384801 313088881 336930862 228865909 718760246 677031399 381235926 27636220 821397890 2269269 388171905 665621797 838699321 645164433 995282861 62715996 25747523 
959617475 592110284 568977062 466728638 603192041 474913988 974884634 167090552 666866004 472282479 13288803 875888246 265269288 72904219 71422527 70228335 852489696 762301963 299734019 
422182993 10327239 976826101 592244501 206118843 25815936 855824770 332435057 584351617 102067584 685535697 494662693 200562475 137649040 551089140 510876116 192246390 42749002 122421361 
640508214 822339026 490046629 722303170 179475607 393188066 259629153 11758549 98514772 736787712 873728666 769249933 446621281 29781429 687031868 475798592 36702405 322562373 469141128 
362351415 560271388 228324130 607131539 632381745 98502933 195371636 589534919 113662944 726957041 456230552 772242273 339509611 147496202 805231517 58846960 100351210 635129162 585862856 
778958301 866765549 938535599 960041745 873916383 536016373 126382286 868976036 813381762 197272312 493906253 644293217 42602408 294039010 940125287 385058908 174436873 141628943 143094124 
616222302 933345706 800258770 942518078 933750626 92511849 566257650 898911445 931583769 46370425 261157415 165913020 189314663 105649885 64693153 907462290 540903395 813145071 777697409 
406435210 962190427 877961693 923478878 413907691 108119886 685991207 426480066 526267793 58565488 575980322 129779882 286435178 534095657 323842680 373190922 345970170 762726678 908233637 
779566150 539638487 406615174 43803002 174885050 241959982 623283711 280242591 937938483 7365947 966215607 114750731 598858355 743667413 714163739 908130442 752344497 931391457 335123532 
35824959 73910038 58899929 936929436 899551518 976384323 723707216 630602005 600256369 352919238 810095205 691937267 293853524 419514024 472674641 46043173 648717881 422588642 722806494 
623270352 658936933 913269474 622731501 40271563 886276466 714628107 57980656 68278053 394195659 466035250 496474734 262047131 258485810 932879906 513218434 950287394 769794622 376653848 
39232860 52121698 917479125 649241672 449496767 933208121 155639222 536743767 490355329 128861749 303028979 50027230 931003406 535174683 61078895 101857774 759174118 97098082 403607396 
229506439 29276185 578544568 437192415 309960991 243776722 436262780 911482433 321201953 633099466 713114177 348110016 857720171 575578577 327547218 967159525 635167183 63214920 87670313 
789294860 571367059 921968809 397079286 904543719 485275377 726054398 168304415 65686266 225471384 804690021 165856186 774384929 932331305 424737939 40763412 527526662 68141753 770996558 
868222509 17159082 86389334 470894577 302997306 332916454 114762107 917198060 754253858 977931744 220493723 987144257 514665985 879960981 500284573 486206984 55882409 668683607 925218137 
504350444 942334236 339419979 321474591 685820076 584116754 348104937 853926192 927647387 9044089 692426112 833105730 66861600 33312239 127790257 540987393 691405623 334378828 885647088 
674878601 185333998 864678163 641509894 925582829 799066601 815391747 723308945 837284275 585968863 994795916 495077250 801474134 125395226 518924370 464940189 39681986 866090746 154384556 
158667005 709419996 382539891 426735912 422329486 392449784 650160523 936749829 490456977 386814048 348903645 884911799 557171484 233248468 185600024 803412070 186462615 512879876 834876544 
127865967 78122816 485557783 15443819 271522785 746531496 158112296 60978886 317946114 259738932 338481860 198333840 363600840 703116188 677021549 393688154 700300896 818239087 65227289 
660713932 57432490 587203213 11879348 108092193 421554619 582730156 243294363 39369897 178389594 378245844 502746400 819839559 274609027 313946851 34488839 26634224 849395175 175289609 
649797903 19642930 148445034 153791309 20373857 219719341 14270372 867868423 398183460 954834064 773121121 296720739 407210218 620657956 551573025 512392164 38992447 96918597 95603864 
586967263 547645985 478515426 208042799 371784700 805013121 17831292 393606529 115757753 308129223 411908269 859759583 217834726 173050700 397745567 356550604 40119594 43779037 856919185 
593236098 76161404 51114560 449090389 51724139 34405290 816493479 590837204 818994345 897241559 8881213 980184713 521599887 731315957 452144035 624344833 500109093 932436815 792721768 
75141218 159829672 853034242 973115795 577774561 44722695 700151934 382535966 132076362 751341160 348633354 58544758 425910652 903068321 435702077 350976513 19340009 626975679 368817029 
926102161 95176219 870246786 762405540 468988403 738321451 703290079 640354863 873323875 134988104 125667965 141352718 375539220 406705462 858878776 137109502 857142700 241136588 830663841 
911306257 248548037 617139572 605171580 972387629 100181357 2473901 283159105 296019081 402236327 45249933 831628700 480032563 981380585 268261434 178895085 739134605 884413340 36163437 
181472968 475648203 43186080 279237110 840006006 911504759 281797 662226489 18110322 411204078 473932370 804926125 812140525 677151712 352043137 638762589 800894794 193808339 967808257 
897352040 757238691 690913696 920088435 520430977 609032514 856702197 690851310 634050159 902973225 921759185 955382139 75334286 107510666 935516427 27472537 715254604 640264272 250170572 
650489275 30115244 72396692 360360208 874258373 987867847 268113961 360626218 736959123 593270854 610800145 53401405 549583218 42483945 590990085 45575874 10722723 54553858 439489265 
452311817 299858656 179546876 368529526 867820721 994276304 446959566 22070630 33941807 979306129 564348808 208085835 72143691 625330486 383186382 470183905 280314791 424359494 45442647 
14367127 861325615 910575930 340200814 917838866 981109162 567241472 48748656 734368937 241023537 310357626 486755925 266348266 904751025 590634239 576258080 733597972 671649643 776721113 
205146477 2773147 616728437 820358086 558424300 761902760 379467576 908410743 909785311 575982742 5349359 174976532 991211423 329795702 394573103 916896950 275845141 994267531 722535770 
58147307 616260161 526865614 927117866 76177974 426675126 569846124 93763884 734813324 811286555 398034243 964561985 615196376 14729644 664027497 697956895 928488056 892531127 835841702 
16672462 872673469 261468448 64797171 678482988 639864687 933236958 956440838 933837418 263038279 259773051 649230014 781267085 744134260 287488151 918402997 914711790 23378197 866264934 
219655863 731047354 440918470 408458542 446064964 767113586 285360140 3623626 11566096 975914860 72649447 151024681 574527365 210473040 427916617 847839440 71134267 137442972 722215576 
737694804 25780103 694376225 66876206 688277217 228724714 52146563 588857561 62846388 174664093 700850365 103674716 188605349 769723147 696312731 29725932 502458776 351287638 710587711 
99626677 836630279 580691153 538359196 779941203 676471427 659602821 652714493 20825433 246712879 269965229 750017919 935882701 733742145 501080122 575916435 909235882 347152261 615768399 
886075006 240310620 179237851 319411910 245724120 184947015 534889140 15979177 553707792 57105985 617146265 124187066 889347558 907363092 494180515 528130027 83643120 745509373 55080707 
162016487 498223638 635037999 867757949 25866374 127508246 183992144 713845478 513752926 941264896 686702587 706465449 8777518 181308859 883406909 789761351 692038512 46279806 369971992 
288163538 586111440 330493016 994829827 813365617 312168110 860901801 873532775 714818015 392794527 847007143 349067556 402795500 837054953 512390874 569690378 288625402 859237131 713068959 
54073697 8917633 879647027 542599337 55730016 551978637 364477894 439874939 20444601 134962235 95048667 62773488 300169486 515977791 276051136 590816179 328438898 615041376 925650036 
719580871 847568368 552748282 252304939 305513473 506954504 530627451 681957582 923850376 808355114 919082727 62667639 118098780 523159102 332449109 803850745 816468428 981280029 280115567 
955126103 480955391 757262869 288832246 15383624 792151916 153715560 675120955 639776697 288195938 450761166 83050919 364554059 22926209 68109551 672773172 721070545 768209982 525076457 
558063602 378301907 350574435 724073936 336911747 230331918 785752716 32984616 92605855 28503537 515049899 51331437 823990673 516156961 734525318 747154829 641188792 329224438 47089204 
645804649 759269383 546928380 62277538 72107606 888769669 786848627 14540308 458265250 129032654 803035344 785900702 246161416 143233936 70810938 94873512 226546491 951617806 726806285 
327363952 481474913 80065953 979951962 1183366 229123220 432576818 467310693 19832400 25827426 44830913 376028709 472146823 880936526 225343202 477710024 787538104 285039182 945558586 
592356653 25439429 183097163 660103174 38834024 520117090 49726372 554963093 440996673 922236313 836265387 341146569 77789877 112378438 461459494 624052122 179011700 174562971 174653135 
39053970 617796705 914335389 315015893 37059666 32075798 953707941 500531033 140695052 375569245 33392353 26326512 851116807 865337528 376446416 91841321 246382878 653603289 669146825 
852273917 377704769 559905834 913780597 315544928 915003379 642559303 973387600 948083384 443223498 52193151 324188204 930070624 39845874 239871576 89863854 652084516 544317610 784175880 
915010255 756538825 37709764 720709883 972861532 313033091 666256171 5712468 549638007 497043068 626480982 40592484 320779539 885935699 880119765 35275829 834929532 184812187 251068364 
24099585 60334796 307749208 940577393 341406396 276044152 928913798 294325137 216420999 123778242 611383186 956487689 361222970 316277060 216572382 757313102 382772195 948802411 6497601 
988643046 171384385 639311864 100553093 854537452 424774472 173368449 68838886 646760080 85604256 914317294 353963418 758846868 355194918 126802685 664775749 834740176 251903594 392970431 
215251585 125271983 893508911 909166361 304018012 126368944 249961711 728262468 132713432 909175782 915734612 64005708 350275948 805314680 835983551 203042197 288593026 521612322 273271493 
388379474 701622776 946352050 318759597 843625228 195909280 16284555 463567092 621245985 385532863 454967334 599500489 500821058 443585425 465768076 8260240 728388595 377949635 664873182 
326769764 39072526 146316280 411411149 115561102 803610434 54646340 714035746 936252943 408868493 836755381 829361975 737314588 590391238 705958598 363283835 879366555 851421973 694189546 
432886770 485478827 153209464 520695815 667401651 589318170 962435647 584373495 638528105 901504748 548274577 944448008 351188691 6503898 666809062 435655293 868390211 609906386 200144010 
212169739 775618082 21353071 814332192 983778141 295137387 283993227 940935197 385996945 166380076 301584555 629487177 148038585 660209928 95901323 92171842 510310747 727524024 38960794 
530024696 144699122 502990213 387620481 798766642 504022890 722485455 12692883 650605831 642084775 126371209 194668894 889674854 757861119 513953466 22694435 440054671 505253819 120529406 
64505684 66411158 658142106 13770756 877587483 406356712 614705230 960472333 580369364 196917183 331311101 427735411 74540686 640136877 242340290 455578144 884657550 299112470 241489449 
631628050 984930252 411977652 943879095 863335902 423827060 752012565 787891039 65383977 640399718 991061017 787469582 970438193 693425078 49177973 828267552 100505923 67661869 947584819 
393489384 60629569 540112326 763182384 497452077 97258534 664624178 44982684 384511399 355730042 54243413 553028989 804939398 542077405 576547015 984791341 982392555 925542530 167086675 
351337687 10716525 874890928 735714427 414165246 532210582 825261891 100855282 740404982 739068515 84781097 164047136 334158185 467930824 143825638 186923170 476075220 985732649 602301712 
938933192 181012487 615248610 599836884 389925653 379796648 157995200 380439919 274386114 718641072 935965061 843620277 978393404 788554221 819198312 8487566 856043425 414359678 51923859 
349736820 50412102 78609755 770127524 161580791 774611765 405340106 210940204 88109369 269514919 704976107 162489907 124538482 639443342 874309677 441668018 49092459 627139086 209292246 
22457623 610209288 30224382 647426431 445885380 611212728 653645677 480424597 774309777 135891971 13594391 12363994 196074821 745650437 393288949 909563618 764205345 64597994 970238634 
315924631 606122838 80103291 1403412 135025589 152075402 603853450 45148614 340099150 981580375 22700163 38107521 10101062 509432779 84217321 30768830 194352345 764235241 758916298 
746789160 527885585 121526310 244174159 676665121 913072209 203270381 530222644 896678460 173539789 27044380 836099400 358828993 831433230 28177796 918847469 978551085 135636851 394535278 
222051226 47263919 551816875 668458257 380065372 579524013 61137722 119495965 339699536 378692925 393416702 458594354 206731051 127562412 421310369 716690281 931000499 934814715 65152290 
922975946 905175363 488928860 716440667 548954580 213256523 158782137 32983665 307861497 718945485 418083374 465626723 866901279 918983649 698290826 798560642 619981345 594832178 449968850 
255457267 37495115 229487743 337924030 667857199 781044449 558896923 349845562 188024963 657760665 109731950 186175974 20813200 520089372 387761265 858224022 552215756 561969290 463105589 
53431250 833482751 46496498 279470173 66826584 346957511 10909661 876389792 892988310 906250005 343429574 450974024 532229424 100189614 911489175 217075637 858483328 977798827 299132470 
735446747 283344400 392144377 726936310 525518528 588651810 27267033 917719588 179702271 10198056 379218273 982558332 170067527 36471628 240273657 999089 936283357 136671979 612253407 
798226922 960477973 834787347 163917219 956548160 344914653 98726152 486699692 705166145 229036851 206021059 746577586 264907375 193235114 408230000 62717505 95918017 91688425 542163439 
640168509 280862753 945767467 480317013 358881368 42853356 602901440 789546345 92586910 618185590 267199627 302492456 483378409 747907971 426663554 265761857 545031021 892711375 136059442 
32246425 771056941 66453895 728865080 404300231 9815939 319756238 75177671 667982745 611010462 620613689 479748137 57195662 880204540 532660563 666420535 425177178 115914739 806742297 
346061025 460824166 619023917 885107071 681822633 776179277 792956711 835163370 141122086 538516576 264881842 196020916 220832133 678919715 846381938 180331435 569392132 792712909 111775586 
641953426 685345653 469064652 143423565 398949534 676636609 754796862 304785494 911785466 6463331 383723129 885460594 432582212 668272616 730126980 437556969 99176718 831676022 158896284 
762950616 500104797 433043522 321449137 223163826 521142061 458703640 774082534 68842426 621050348 214111703 173763860 165397642 872853243 96522482 828566855 222250640 213058864 206409456 
498033728 82180236 120120918 167519469 433607921 144679443 910617515 154022679 668403204 850496527 317741665 978912562 809952853 152144189 793309214 21185301 967131507 782716589 838303613 
172323114 663831587 478911557 426007690 663372017 34361564 592164158 116988233 911159678 79242316 874817702 308482608 203653111 907954642 843475421 617597608 740714519 115499010 202520856 
472914320 72070317 957230373 475880417 913712570 848797726 256770998 330016148 81146477 308413662 70186726 695652323 654719969 294870523 157277976 359113556 243229638 233150355 250752614 
278556606 163229117 975581017 312022298 517723343 393579485 192161044 921368118 535648905 32389935 780155680 580725741 683628992 35975218 80512747 667589671 615920798 723211097 703517048 
858692865 57171742 488000904 13486048 56994122 324843413 14427291 148995020 674194695 676146981 183855070 997503996 162361841 795230792 116075670 820350147 933368818 252002636 713792119 
232908937 11773355 863627472 824428587 950677576 296344816 675695179 54814673 374498319 481091402 962430086 192889724 268336002 143140469 476498973 380209585 539268696 669627616 569951234 
572090857 667909340 950016560 786277882 895877397 198733932 719144893 30456605 690689556 439143421 812922130 641770587 977577534 923497621 337269873 848130803 621822429 306485711 413587277 
877072634 145668270 612091483 542327503 670300633 306353765 879050876 469423186 499598030 808480551 604551816 39499239 720040810 224230414 100520811 257032913 582462994 343050152 984639268 
186817546 402237567 991570551 362557254 430918844 640611390 356570995 177255288 297647817 46536497 810825860 586058230 473251652 375583756 914676488 988375054 459231989 504824536 436546643 
113541796 438704857 346708339 139052586 538459823 56133791 601031694 625511239 453783993 551904044 494644654 247043032 597422690 589110040 25172138 660105728 584300766 804515631 812541748 
706713173 739430259 977199346 700822474 93256800 843666172 552958227 943192513 56985375 87769961 376462332 694767042 493266310 381445180 262876744 850355787 496408314 133426445 248135 
575763501 746227670 52070918 33111936 415910668 719093222 37465192 191672616 168122851 948245742 561195781 266432684 111178622 125963044 523252421 775714604 220915454 929078705 670304033 
193308924 593979481 946976052 252777130 975596068 931743959 923263551 334251907 690553569 158760854 246819288 792448994 461132835 470123015 93594105 675876499 657382414 776137838 259677713 
842002294 19991160 19429989 423734145 286951420 907535729 174346075 470261280 126486446 777485751 848727822 946465975 193919142 545764158 26265108 432610694 67850259 253839790 370614871 
562528957 234081977 859852004 178224020 440993539 160412015 870434159 647015388 859130355 800600479 623164692 394606611 53644441 790091210 260772683 847857780 338521594 292196866 62333375 
31093002 911243146 683718766 456110291 69749304 457865651 79280585 77249561 475322675 965425236 801715683 42043096 850610307 931587904 880008223 445677711 130707590 519042747 714087411 
894728556 932261868 402436097 210183531 813442772 775033916 749117887 345225638 18479070 692638285 333962391 570608471 669006296 19041998 83623840 645066565 895782081 973108927 312546532 
454335692 14591948 491923445 240696801 40615513 258436581 452848026 866430984 386634227 733631012 848802987 457736513 98326958 812911707 614993016 915129445 374758453 500505997 736700199 
309720514 507786569 477996147 50751025 588330906 579008059 212992506 391978724 380296868 71374452 496455104 121484000 823119498 910144494 745773723 237664410 785491562 974234553 737250066 
18248667 813808982 626774647 324842978 480730691 771059411 789902560 367090298 594902975 830584669 80054335 567207295 709515030 457187554 667460339 668419401 803312226 743079746 311104751 
709693028 564778894 436010198 634116154 342257681 755129565 691402470 500912496 427456706 410800483 294988337 266100799 474065569 622630282 683552617 788807659 504913929 932758414 362071987 
433665994 909836299 160958465 192870700 796171208 285836011 586500680 228948831 750853348 927286945 452666653 976384976 297494962 491860824 564670219 496075380 246554327 980627442 283906805 
229776951 965117840 672261762 99154063 222577013 183184940 150395089 36781282 922347137 597998733 948749530 353172173 818369569 432680107 35805517 212984703 656620047 235161873 539343376 
797632254 272997754 147717469 57201849 32713890 929633667 531887812 576619797 955866011 269080512 580195468 274500005 949793640 287708349 283256976 484067356 980062 410920054 383616960 
984637922 561256486 366215902 316500639 794466451 648174142 44899418 579247555 171344513 39915639 118417992 940802648 599953198 162124662 700538737 932109981 618748883 887715636 781132954 
471137893 370497500 691819391 337145 622044056 918796649 162716790 103901880 193840816 477348302 277809936 165890932 64268091 437244436 814028181 535717056 743287904 790744950 41580579 
476440739 128947538 60282852 541510955 232864277 625211871 276907653 183727602 12048774 346266340 340723758 58528528 172269912 108856022 890552299 336678133 472109664 969864763 776452990 
164621408 527659112 824783918 729724890 554320613 403926704 804226783 800322984 25453423 266775656 68592655 75603395 213166780 168935736 23387544 828798395 8525786 45783480 758325733 
989914198 755463345 466215929 464309363 710002186 961498745 355027962 51267157 469569924 991444543 855967795 610694837 394841125 512885093 797718030 693437260 781897343 991879710 430868073 
877584617 608000221 881979381 6208021 14136303 471562168 611354695 634482266 365297879 297941058 187936453 985381233 126037162 400633056 159692276 563517192 675958153 529121703 562018221 
970761410 65489701 124739814 74571163 860466868 142167879 858187677 228293061 689736681 3212872 711453182 141422330 89475807 940715930 4966387 617408870 737553928 842071614 42832279 
919561990 776173641 99830092 818592699 595300395 100862334 198380655 4367458 437051385 415156981 907753574 211216198 355310827 50293743 908612483 336200274 607985997 730983970 698935855 
566381094 17462207 516162105 266194789 59125398 311865274 833008722 114928947 746540842 995507715 759982207 281142588 611934111 359652664 34121542 554484025 60873828 981072460 45234721 
834925427 457543455 943642882 669095935 549513034 706306854 301599861 456204737 351363505 49154565 161136529 175943357 731148719 603648000 822037911 52619583 762949856 51708038 54110876 
356776707 205870067 829962947 97393674 58821051 665520938 243111440 837959966 532743056 447886044 224638591 634252136 862501785 284414966 185200980 498779983 362829414 601519221 279978375 
897930378 219285112 73578477 591088708 833236648 514496710 299618311 443553131 278537608 685265210 10894586 3507217 603366882 113973041 334814746 936744700 835973565 3568125 646763078 
758851883 502704374 638375271 109324407 204711500 454566336 986037799 553934904 70160194 606146846 144285291 453524008 956092074 32342889 54663765 916215930 59891018 42738897 381391996 
2043765 96646824 553376214 42273385 58902005 218570100 510535627 22954267 159958504 137932824 218623323 503955845 486956242 223497519 186510082 327918860 404876361 204556297 804821906 
459944457 966036090 232058155 85056689 124667980 32133794 1988301 123004758 140582295 415073685 781259100 811604047 22039071 973044283 110268406 130222270 583607567 724524558 162164977 
12580502 236777732 950027678 188781140 84540708 10279058 985107725 459437660 184982913 115194557 590055571 41678839 437196576 938854273 306545914 706465613 439095366 951970891 874485795 
288679475 282693261 118460542 635945344 777649333 709246816 218604015 588995224 494902678 177246338 12874088 986470279 985555655 655038599 824565546 215799674 160303602 662294360 504256356 
255952183 604723442 257005235 52600507 457295763 842224216 788239018 319319758 45498874 690239975 487641632 589882024 759833836 308341017 933054287 166540107 37310073 453735320 761139268 
142754861 59980491 724147142 251924320 563511225 435733662 81991478 678482905 18482124 299677119 734044976 569889336 285154875 172173201 334358833 698313945 427465033 335819659 427275113 
610159726 256006193 42431418 68022586 660572284 760103841 151540539 935431104 960372700 1672763 533933763 826673733 457752891 576690456 830981400 808486600 448684955 90153022 274069397 
750350974 705736399 655988525 859888298 980953680 35927043 336579927 995956313 933845850 193918514 369472162 17962682 74004331 265765550 792949736 693668984 33094024 850942364 500131704 
49986898 435665513 861791860 649415059 735421595 229250298 899991686 692111600 43541434 221584091 324938608 977298232 92471979 383785184 898297769 121901450 19464316 508865426 899605241 
31376633 305116113 6136747 113232126 316945161 906820449 598227615 654717865 363557429 784973430 621025038 414919614 457959020 918633841 832741715 597371224 903904655 559919683 752297977 
504618083 197442549 140820725 47633471 50611487 852990184 18888737 133754523 880712869 330935077 431333750 536245044 168234330 353183071 509190713 757823079 215202685 246784701 647179198 
131356996 67837342 85607255 712735731 30494221 319333669 744659133 536604118 392375486 664188615 867820145 538057210 728569728 372536084 411802216 336414470 833974069 30428908 29806988 
718121525 614602735 814545925 588962877 369555415 670895480 754852199 674942667 259802063 942786508 795436016 672811518 642134547 562950042 252100304 540055439 336361264 67068614 994028558 
934614700 441067715 64522475 24157441 182679671 663543296 101513170 69681879 45468807 78749743 443607036 585279251 430726502 170601257 830273821 324342792 738647314 490438112 59328156 
740478303 906453373 892779221 697420826 539039894 498217228 683989152 24353249 722998653 697163547 52306539 3037561 184641211 65190008 558696567 262349336 21539399 100368355 393166997 
425008428 470532592 191068821 502445742 497679060 123431894 220810422 114871613 321402467 645376750 85829093 989097423 230304484 890634114 420658611 61467017 770373521 815493039 236789800 
28289443 405222490 157278181 64145981 793751526 872347236 468499307 931894881 279209778 862102663 842984664 262338805 794412026 568761296 218277531 783518927 57652421 8365052 886700915 
249393082 678879919 239416323 328484600 620785396 449921510 481330827 360113681 201163695 24408621 299695729 309804923 939204497 614920030 910678852 66919495 832457012 809603552 797982153 
664948830 424609959 602890036 129498232 762491636 846767083 250391150 14764027 338454296 919022455 952665268 370319287 285111340 828954292 379911617 124982845 608906852 575484033 141702244 
344712660 988180298 694653872 506935042 34100474 391487035 971798407 625619983 209021663 51415271 361794625 34863768 662893543 130157524 265168778 919489214 88200745 814025435 421396743 
902297137 627389939 321337770 306036427 564023481 746809923 560542784 661311971 419623090 55722319 37480309 866493131 796376970 40637693 855886191 737185270 848452164 185380717 819323438 
311439435 926499321 726695788 700097537 843744162 786816082 813047038 904664078 564677451 81904655 77635036 420823758 238243976 59435395 965884402 194286734 263712526 26182422 535838688 
196762096 59011463 389074370 646109563 923187304 799620627 461446550 24256586 728687295 775508674 698695222 428474889 815276436 545755676 773104473 58193193 689613782 711712665 5761353 
59473229 197152587 897387561 701048167 49610703 616851724 14062253 936773285 898132027 521416198 500475005 12404233 821730511 361841530 945096161 416212785 899924736 743155582 217594519 
942590154 666686454 835250555 719356499 319849752 975208718 138195629 577905978 33301104 629991512 382770854 9670757 9049024 669063448 48128971 300794469 556042503 190736453 825281493 
774473657 843648982 904336652 256277585 187991897 356942805 4341070 613289760 410820399 92098368 357966366 732658424 573706393 287341413 426556484 867191777 17267944 510923048 426778813 
157526970 921678309 957368704 36648248 679295665 392382023 656182775 530068634 887535566 496567869 110414125 603718524 8092008 239841258 847546198 927978664 38385070 108527587 810313400 
241638815 47291168 379293107 618387502 171563797 516176149 636975192 301313960 522298739 54933554 499966660 460293288 68752725 632087289 480297053 342876870 704542730 868220472 830075261 
347032109 986731543 460910997 522170355 364380187 552615347 583286793 660425600 405319525 375487308 742379616 507393626 284055794 8976896 142280126 89252269 512365627 955159078 255305749 
786917909 105881553 561748932 11148465 693179429 967000535 649810710 783806124 841259235 591132803 228232460 775432058 829899337 14809760 774454220 271939423 27350981 707790865 987284268 
590032371 603806395 584321604 263953722 13075108 19370751 449578179 164089524 145403189 389999451 975787432 638888848 648367673 866262542 432916002 689630069 117188505 431305035 145713909 
234229312 371500307 907789238 420730104 35917951 763802807 435923178 903123349 239333370 213675884 46028277 68975436 173408294 449876329 248290779 841505330 75435696 797065917 39075343 
294016107 407099385 612380616 520272639 525872819 910904211 783118784 180915333 403725530 513745096 64767788 160963190 942891587 644528915 764648556 119900438 160924260 716889765 659252272 
229103009 950518089 264189154 715964412 152453828 832353297 134815970 122943659 309007649 96739695 600597489 663635688 48504783 415035946 672993806 563899318 255729880 364343710 775149168 
284104938 721055161 750149177 178817020 929737132 865759206 399460863 20450767 648358649 602108228 677923591 629052348 824587300 253376684 477821947 121376451 598183760 608794222 5328027 
210833823 106246647 964231372 29893178 398618938 638354791 519495803 873416769 435370294 631144256 982560038 82194600 846000229 386566647 718715371 593527936 366423377 482819414 844861915 
388170859 33487541 318301945 720585854 153401633 512723972 12018387 16024141 418247661 693748190 290243495 913770806 970530606 277806749 359975823 781574428 408182487 411126477 211629176 
11331669 119341295 778488238 908478628 328871978 881180178 127368628 715213607 16656729 665799150 147545352 26325098 8102038 97498055 895366661 607004333 452365062 527242995 646833084 
731803261 634757827 94444382 179884657 758874945 104911708 659965448 748737564 307368882 14808657 914921858 44647657 484428381 916840347 361236085 102236087 953443876 754629154 204778522 
307405468 357638843 68236357 88205507 203662176 99283244 949714006 326384209 284603390 736493651 311266587 56749755 773388071 662410594 543017551 439657615 536380606 286602334 977595678 
535206760 426262108 982390944 226279596 394613884 316339150 947191126 797060751 49185553 564483986 860403199 961715024 328486146 390021982 12293874 716116719 666426175 679595161 82914776 
358237532 263240267 485009632 465553965 274158334 455248572 97575554 166680003 858614063 776470974 37346563 913898815 421801662 522959248 797223326 734537882 747044972 451531269 632630204 
553370529 971079024 317841669 565185918 186865270 188867572 843330314 989627449 914386444 192429461 447994787 109405427 667309231 827841510 707073524 97749227 89889402 854861038 131069235 
508953103 144240095 14921637 964420909 412884867 923157539 159330427 12909247 664191521 597709279 69219793 5674078 936935668 940888960 73643134 691063440 114826683 100902343 359130188 
803450992 36424045 540978762 487386233 164815918 785201327 8983536 120905782 846360460 408389727 442124154 956566315 948500578 138998285 957897718 203525616 326091035 88068220 207466314 
301255317 5372214 440235045 70673070 518562076 661347782 635783093 64987953 497646586 155953650 834487434 160055860 711273626 873715574 292271930 127344107 906729433 11906848 167433228 
794483167 831566475 406235476 18160508 744122222 19353077 15572616 877170364 286121545 931542097 868468680 943993902 270476532 421893453 963809076 1666027 36366665 662717068 264777853 
746263615 410872055 877804579 383986028 587169322 458689020 22613276 108264027 761049568 371868463 219576312 721237689 548209482 257578168 722203429 722724234 212596355 754765973 167638412 
345977317 854946908 639234838 95556358 840428405 105500377 7031649 632416482 667440889 835327409 991769585 679959136 420335299 674904786 84712207 385719609 362165052 993953499 554310496 
526685717 245607263 983522720 362243158 952894739 340276538 461689513 162001596 239469125 447284848 666570163 769726767 841402929 121420986 888110894 769382559 423975505 101441121 602989757 
694225107 507075988 653372101 670047673 900583650 211609819 47889113 365055919 648966075 877430652 688255396 991648477 541283486 78059459 340016322 38936248 796788641 801961836 674735330 
52498026 736322092 366936106 915811910 518231373 547854204 943936547 208013637 181816177 41127203 887061105 121639628 634944027 304186247 156978083 848241880 992735299 184290911 509718074 
751843070 296953621 58842425 450798381 349294308 53786225 52581367 62988900 57950404 462854507 763327310 146327362 845922289 2310860 598511942 477613332 779861834 516227471 384885181 
989027234 935043528 625620325 201477859 991994791 760527606 10605362 265003454 230214479 641769331 605829517 950631080 141929151 378389874 414045508 799513036 961829003 18445625 338367957 
29882285 30508605 374639015 411841014 960146847 976202965 511901863 455752719 52735563 481233219 301554622 872416955 39538225 953542895 22925441 351000906 765893662 782845489 266946848 
149681218 469764537 837891289 36091092 996271577 475259899 360226473 531834997 122760828 977247154 508317654 603803368 245314892 257121789 519689099 33925544 424873115 475036884 449945701 
941564229 22414962 711632765 824579320 279930337 187963664 881357592 277595208 795582388 173675361 411120404 840471121 647884680 861315467 274637239 480551040 341884734 966533478 865917082 
806029880 132178504 440256254 6920490 946336078 782042669 858788115 753198377 156818061 161903369 579538329 6285099 557767219 719264778 768077369 882813722 343674993 977076211 822176974 
521610930 11859439 50715036 372637673 573673989 135231558 152215665 344153934 646385656 343139973 638507247 929847412 472131268 583839148 783725866 773026569 63277174 373712180 538510665 
578708843 1846128 328149893 349665288 416536880 789132006 605508222 40053558 379486112 182495073 558980081 46304308 302511670 329842496 670090787 189499516 689863458 5797682 321693777 
786927128 554758601 941243068 75341605 240213030 762394436 327769273 408750406 332702555 66209500 636755926 646452167 470939261 489238165 244977426 809277106 725093095 13521825 300770884 
435863942 709609737 75040487 986794644 306517941 744533221 988244358 64770816 81804581 6190738 330539341 144007385 370250416 800893630 765451582 53954627 635609765 147284773 877341204 
929876154 459070789 383446811 721032890 680842632 936158535 640009224 64071888 41823822 838904916 879312357 60367145 850085765 428416907 775434180 309989457 839877363 33039358 876004421 
406829824 22132789 908239668 677162530 110546600 814222652 861792165 53618852 785343981 335421135 750946625 823248940 77225254 91126022 376154601 929634987 759920353 759652302 951353844 
569776170 387403868 333997928 192724139 940237635 408266253 987978986 425927886 969464229 381675548 45907643 722116877 627405973 917577444 36242715 978845840 73890151 308715381 231864987 
766580591 15170057 960499732 831480989 457059130 47195513 922664122 455982045 338276211 354379850 587545489 900445415 937415183 321084707 932831610 905468060 256858104 498863424 824379018 
875949233 807913870 412942574 896178824 217525297 672952097 797679635 47942000 176345078 807443833 597549732 667152371 370206516 665539151 545050926 26353653 822771695 401907921 430134606 
68711694 910925695 62320160 798874168 147388682 593660691 602832342 491502900 637098089 701423659 806964858 756911643 237086431 138542364 343393803 911613919 924513237 736082321 869052027 
575301889 157265638 427749124 370934319 966833177 391011427 518410569 602704003 965877841 476387791 202348291 696664644 824865258 75952740 879227437 573744693 646230709 993330060 940300434 
192884107 68199067 47608169 353049685 8007793 231700503 334572366 11031659 485692037 512979126 74416195 144086300 683458393 759214494 920421253 12384388 183203571 437254148 296075523 
502396697 85289549 63445428 47825378 473894939 915580885 621106573 820666619 320979493 666785774 963867650 921366360 356963237 489933166 722581402 248522938 30272346 856837662 124820849 
120748054 118028508 3761981 24407476 638192659 817655058 25936381 537893930 401783693 610058938 221053956 948631719 661273109 684938980 231008236 381530006 9378926 456692086 96119236 
819206775 568536339 807001514 444121997 134897758 411635885 20181642 665549245 367978097 713505437 137784188 444676032 27431019 209990007 620998833 350927986 488198427 76096387 300887988 
416913062 710314726 423775039 595551201 160161 682737729 154903512 892022506 547074465 705926199 170257845 580682069 35479630 808917737 269517548 149967609 620915024 300513801 481393611 
267611012 428222138 675830110 379298640 996506360 694664599 67412804 679951281 70779433 296176228 715265321 680366806 969968449 692510100 464887824 124413657 725824060 344639502 505747730 
129669773 412679532 3782570 359250392 29178355 738887158 618341304 516878626 336875207 994373715 301631865 917504835 537003250 279196881 23328932 633174691 866950933 16398350 845508579 
909568060 73120516 776418180 219056467 825226269 985097801 369126905 225638152 600620522 252412573 222938122 921063302 746884442 327580274 146571433 255765065 274748088 167134572 287475099 
571771966 406484834 646724835 79119353 201499720 905936461 521945187 543687856 233101244 837743743 39529004 286589186 672767716 534327699 388010930 214977283 37826943 476145721 61237790 
874350108 75367232 305923764 21418698 993193867 557092940 124807002 29319112 456603361 273349053 848711959 82809950 193242755 6877728 404342762 538524032 48733226 498727419 796306790 
916390493 14537059 229174336 276574514 591823059 517370896 488987355 680235402 318204408 695439077 979319594 936848316 737815187 29966827 461955711 379837612 28986272 110971648 840323743 
42447185 897951442 94854741 637392455 866969397 583723785 886132463 418934178 973946105 962326751 863405863 834636500 582357710 590077728 329601322 793779826 621173501 386899788 727576441 
69760007 401496672 939434520 768673130 965238417 791722215 13857770 212029349 447886594 10707476 487006561 556412072 673881792 292271487 217639883 497939780 318255141 725813075 942099885 
111617309 73586431 968192206 183717695 872633134 313825042 794685637 23145196 442464835 24811153 858545183 47530453 474681725 801274536 362847829 718790736 596145362 299635701 235850232 
491868771 38477194 404445963 73070890 147671114 477702851 571653358 129760804 876153590 418003438 970569625 284844975 967049354 447188815 390645371 850476460 226492640 36572801 725163765 
353225100 232782338 917177072 851950813 512646872 431514801 926857309 311639807 692301738 807471330 876241757 972788631 1104177 395579964 811686362 241366232 602588209 221017244 707402641 
510506345 420992385 6725777 217885331 490921186 15789707 6457312 712160196 633934931 547438032 430043650 1541982 99410621 862281570 625418401 707387760 299415959 718032232 165168158 
567804504 62640458 980820125 746340365 696620876 142988726 282501329 331136951 75887318 405398187 477242727 381983384 467506515 6017136 421512661 346097887 797279603 533876800 625465895 
864167921 262633661 302340296 522570620 670617317 501140488 225403563 168113287 70791945 377080835 223114494 414222 257285212 565726638 677020108 282674032 612952594 755734238 874189458 
738269976 443164435 207066813 806372548 957497099 842395260 590540360 956110406 997464416 252272669 371476687 69796340 589207745 891512058 65406072 580676635 702382319 287605706 111422141 
207675134 948800315 122815866 29112552 868423506 341628686 181397931 478034079 546398402 336374370 23440175 141273171 324780652 489652807 339530897 897070031 817199969 694874975 203449482 
298466480 879873833 330619490 465437325 913912550 753345085 764828827 895779644 550452535 44983946 476723305 231095536 864530877 761386998 52291006 724905013 1105507 870090963 418317988 
23554122 399122796 444513901 196061108 976512935 625332716 484941186 268587165 164926575 226949197 347711172 26928290 824455426 423876299 752419673 360796956 190844014 639943160 481042779 
474847220 149391095 537020729 727425113 845843499 914122391 36286280 991006163 5637713 209812345 546812592 473592258 215862034 104567933 960243284 683911950 526601637 18072503 221895144 
660511766 270057562 600929007 35902069 918365996 600012053 232835106 188732122 13892374 343510477 244275712 449164358 907587470 652541197 608941164 455052991 281293251 125818483 65514752 
808006046 537952470 802615092 668370822 7367696 460995166 331927190 661514879 108307863 41907939 382135924 371467168 703088263 694220391 152292286 718486608 552530057 291478745 755222263 
787930668 425559836 788643489 71226549 904595331 704448527 4996374 620559908 472944602 197604359 889713419 390607235 245922921 455542527 654242110 977232549 433398940 557514948 4033255 
827325298 18654867 622017909 751972911 427433060 503688099 82894345 965584054 110243082 125500627 394739912 63039499 142392456 17164127 356354513 369235512 946844180 840233272 158006163 
275184181 238308731 624385410 194551635 54951023 31815577 257786132 12795308 981229387 447734502 521987836 613951242 958679965 152239077 333989113 448252975 668740912 790505906 492355583 
133375663 243654465 875912829 40272054 865005939 989997316 97351688 279812091 813674809 880151069 615313451 329986910 246287634 914904872 975986001 335454626 338982627 882910770 896975609 
514369345 52241379 623381310 818459190 340599525 203937060 349021377 514964015 7438831 218263556 29227046 64104607 951878900 17819318 57220681 496802391 70800443 581169353 524435457 
345398200 177169473 21205907 687727248 479566137 189704757 795376332 282100784 545546214 489103484 62529780 28641425 454815199 891853614 307611624 295990613 11129556 906456215 965263697 
31096466 365748369 123197879 26412852 756441937 297167725 886169282 208053347 22518288 778558168 361677729 845638921 648105283 74910166 994639984 732563235 842508239 332101502 698348029 
20431618 568390030 417089403 357621327 105497547 522550222 703926924 729663773 428636150 177135058 477267715 552212562 777806290 250216784 839145801 154863760 503984127 17137392 233440345 
909636010 18327027 745622228 842488385 520772393 276354166 733982987 84960420 259842248 248685093 784671260 502043963 524150519 968729587 207081345 450119247 823893851 50578851 17831976 
35818303 977788237 299942480 982041844 289689857 295058007 205647078 714937659 385339034 112954042 671565990 581704518 935331 26157547 71496101 920021204 346723025 692774673 175658317 
691866520 637636194 331987337 400374491 491116982 781860014 21538145 781851615 316018249 42782369 86468577 789073088 697742816 298086971 975651838 418608437 741436156 977105678 615196389 
349788365 596861588 138881729 544808054 86667112 841599121 37929359 997692357 528993723 925232210 560086728 485553051 235265488 968473898 384526670 886013683 409626499 475600605 427030553 
853576062 359426311 402349606 975508148 102005792 603340639 64482611 33137086 599501168 744759013 170512425 385806186 382333500 700668871 678187417 697505791 387168771 991134341 496949009 
698829401 680602489 17252467 604016013 67000422 43764998 683777086 399861249 661428138 61760838 35192415 715153873 303665595 304492428 64260521 510111577 649954502 142794840 460243906 
150214246 165917704 262502884 701664673 521188539 120096853 76640412 211774484 130583181 50004116 187408289 795025469 933943046 425456194 763104581 618696720 335987910 136190444 49020819 
139198167 506455645 119962549 528900292 646550958 649691859 741053397 188249034 796081159 146485793 997611286 17946825 789659687 755780021 86082393 914612633 249581480 361142514 173686800 
715241030 520962037 810055085 715067074 31508879 666412753 854431921 419466123 249011563 36979408 39340603 425885081 646010752 977515483 124378751 95958959 578233770 928842673 256279074 
457820325 783807098 770178657 429250238 267353063 73558452 410901201 842981217 794012146 821546191 959132474 942423310 3430618 630921081 581782953 814398266 832515270 240317457 162804863 
570928209 271951986 826572843 505552626 940873262 57294253 368795919 743057803 774024870 314715609 883009594 103964326 48703486 856930925 759465947 886214389 865586544 466101622 118740824 
827652605 61665194 605651473 933291975 643057303 832610640 676746483 840837237 958385008 925909877 924517602 52534113 452339594 932799014 110795577 425925059 575253176 962322655 836162664 
435873919 738070054 217773843 40108144 581213363 78249167 3833000 657077100 394154030 433286149 425756280 916538884 499525109 859161581 443929298 521414136 589209280 872142848 210011639 
576747163 751451514 604254091 316225181 53707092 787381189 18751023 104974960 600831519 735186549 407612514 407806604 809958411 455080464 654364652 51517443 918426041 421623637 73626731 
635488350 187448803 503654321 311055312 764457493 404361170 26876362 935370464 716841238 6483942 739352058 532772275 863464259 770850835 306145993 83537976 841317619 738741343 534221178 
30176944 10564975 796167013 758301312 700951086 193729399 710651604 571040259 720444701 34124218 217089009 616000608 922655674 846861154 314254353 293153446 882361494 851951751 399766815 
967784219 949334294 916009655 908425756 723145141 121990642 823726452 715977626 60621984 497238969 599015093 45666368 838736063 44060491 962048868 287993162 35936804 543058526 699739103 
733226758 391654551 628122618 612246647 807090519 839249940 773589245 78030324 292941877 578434381 899349656 195420686 762128428 136659491 257253583 615751669 696000217 416769585 673631997 
805992651 405738352 805609282 262021197 371614757 644200249 637636054 154830403 587568270 277868045 793164193 632189745 694756356 535879390 61613580 605901506 772968568 803066925 229488306 
459018867 453412946 989654162 564716516 724859412 986384107 814127927 27016997 899568716 2703632 294058077 233457583 537323282 988471687 370794965 26545900 478886965 404460930 447638408 
478326014 993737173 273344813 356884465 423232824 56134375 558396454 313626781 262494882 345528245 887510527 5781169 609137785 274615900 339280574 586097509 69472940 184810316 584572765 
415236226 221573729 85062092 572108362 166060264 49390190 746898547 14273511 604823818 812574688 638209456 406076173 53679983 371257975 507627586 868647298 652956979 77537576 587020225 
133321862 798406276 65214106 75571476 865670475 598410022 42507689 54661879 786374007 24043247 218947047 715751040 107731876 37374539 219045909 927981455 514179041 238613178 277799598 
725661023 58226734 564613966 422674013 767249150 621804804 596944174 863738498 401493963 538602955 757145621 370487729 238829566 872922467 37751506 151447091 561519901 80424604 385194954 
352085635 942208648 160997565 479832434 981606866 71647725 136719360 387197653 826854531 636945365 401378836 975177748 794834096 433801238 761652890 243940065 947742371 356444767 760103849 
527548163 892576094 769732271 132415050 797397718 305928980 783624670 472409853 911017928 665785773 958265874 589054514 626565852 675824454 774983499 587502800 898714923 413465262 536265688 
715669682 15602781 243547114 178848991 344912165 154876725 939984050 368298713 306370411 173398531 720532723 506733075 68171578 980111152 6898506 96076591 38126398 364740534 498336143 
235387809 385075604 392095652 142389576 957425202 690794574 49576605 688760882 846967681 432292337 460608603 404014268 14598781 277957113 627587366 425816715 59066603 992706899 388687453 
589561590 489311207 405687009 346600181 758136203 708552795 175456250 404815860 138149001 622406537 878578920 660863221 27117923 366312327 453680489 286532776 873432389 787664830 295409966 
837240144 602720647 917010794 745975903 31689027 158440507 941440029 16857108 698518381 645854372 19625531 308549342 529441741 156536764 220109184 164167997 220465142 467080365 989164406 
480052775 11680654 986384729 832456191 47082374 203018452 353900242 263991249 59529914 789444883 319266275 140666101 923426068 793961776 92543877 207009607 968632410 16774689 492592491 
995192568 286833478 12402035 712869495 490468111 14141959 42356163 591094594 594657764 296975037 862444358 864521880 838941092 615019009 171977794 339240441 820621520 238333787 192960914 
709086746 626908862 966343114 485220134 772032354 318772246 337124416 106331264 443896429 623362902 3486243 57107767 611525772 538696015 284640205 39305593 972958787 441869734 220623628 
775061122 158787018 37917523 982316963 655585061 283213709 285143334 825666504 99204172 891408043 144378429 917694628 221717871 557880187 542723726 559002326 642617631 765890050 15485795 
56932080 647130495 257909374 314225625 511776248 482042053 257412575 471611745 515670505 638732733 161425992 228242496 502245935 196218951 883409811 431070222 787806255 667338196 813956042 
965693498 820517820 315594221 505986991 47362179 711485347 417171116 53365556 709789058 752156192 919832896 445496836 306592028 68210021 530963053 820150264 112189200 322984987 161166090 
782857635 83004782 25781721 59590786 771851463 816383261 970246064 304487763 32336092 350136916 965491871 354591122 789534609 760302882 844950046 881992549 804058435 934298087 7617685 
370446215 657267080 215894489 851645415 438141384 492463015 36621184 591118305 556901771 731815708 312957753 26365131 422045254 856160280 272602039 243081184 308834309 465928191 488750717 
125068237 489586663 476578280 753552486 83019061 784762015 153364257 233152029 607420205 248516340 722365353 978590885 502773695 209424962 526213812 833102291 700230763 4977910 53201706 
432320719 688238241 987099415 204731433 675315350 446132297 58705080 756281726 329403003 364355644 709046919 663330864 212108961 225400520 678089282 708344565 66277505 466113072 340963643 
459423419 485210476 353305385 623559387 808214304 735993599 588409182 598909212 199150330 575427504 677461996 662576398 656539856 111761225 730823143 473014099 63075166 421257062 175083220 
247748771 225197590 79392762 895063853 46056009 99592602 416400328 845527264 259747492 528318531 169526506 682451920 90646951 577319581 8672589 864902738 457271641 73911271 300836659 
40083888 593104470 827405977 141190576 626034347 148173900 526274775 377253166 628572658 350638719 292180222 383374314 188428460 9759812 615709215 959087220 805532915 863605130 194420862 
994647090 24568404 234876750 349699602 713095133 910244437 564342818 987322121 751790083 240007401 884206767 987786818 304370563 17592570 856812591 877971921 765599252 925628647 728741105 
268355455 920445119 828303106 345173209 793411911 857305696 1678864 445745630 595952089 646955049 676555214 873812619 756992283 229275167 331574120 68693629 48701603 507803547 790910464 
682084076 559071294 283879371 334658349 354613019 565592685 840991278 522987384 444140774 428435682 1344282 345100000 988698941 27570440 896262203 166005079 718737571 629454968 528158986 
439082819 500857774 444985733 579544922 552265215 472971146 61319088 160823248 32156759 535119478 38523957 50729573 502691600 974434373 846545533 704285414 320458078 2978527 352879785 
394465653 719541611 19956414 93239309 6380293 337805526 49355633 485464498 71883233 162203954 122920988 548924115 765412903 93371523 428821494 978527585 582809158 15276484 594326217 
911343744 145426308 546159973 176558453 195380488 375805562 760716741 361328238 719385092 429639573 979638204 427035194 360231222 132898710 382814996 785915892 25533328 405253139 746538762 
790132172 713051582 596900852 726664914 967359876 763612312 254109687 15253007 22037748 328055215 21244716 32437599 560494215 658364361 76204923 63665871 991635900 932470620 906236442 
669518431 447103910 657793813 560944151 410092168 613918572 61178965 687475411 899029169 185628362 613267374 436747396 877009339 184754830 318101866 242005170 158622327 829803292 948523525 
363662523 492022826 683536618 383060654 641860688 110864656 230978820 109736394 383035893 230977750 222620042 54022000 528536453 944225567 151728685 605252079 588539564 467826176 87487670 
540047940 5206379 970100356 494426495 13037733 723718808 572043561 38968311 519047417 234107483 515325025 47901473 241643356 852986546 653365010 58104343 348796063 886472685 445621526 
2105473 685232837 958974259 85459899 19000094 967901576 813394172 689337924 5798979 43653842 539751828 324409958 57826390 196595525 864694687 908475597 229661267 911272628 353924239 
211158421 547757128 923789480 264889135 96040144 267911128 465492188 944011292 937635590 622611132 42734527 505437254 468359601 807185213 46546682 86413172 275204029 617810107 555688416 
647225533 619984398 2958377 837437951 978663184 762140666 896108687 115081112 139143597 489747402 593021830 164366877 25651370 710889277 295542208 603210936 562918767 958049285 904735614 
758088389 395488057 247960648 21875991 591086675 935335835 223147809 894994296 687225511 879665912 911316253 24698014 228760761 527042827 914439358 673901598 472075189 858857823 952588026 
742220702 842909563 607287255 26362813 101793625 534311712 974173479 303236707 551115423 238954858 819943257 326844991 534401106 794370392 576961098 171935512 732670826 888611479 928411690 
290876838 125134706 268896782 547416575 494339097 775078153 937107028 413102115 140315282 938497634 962966580 744417985 604274600 118265796 243016496 216005212 367754469 33130506 26610170 
676585544 978477894 972639525 51208956 190756655 259708863 492834966 786196691 173472654 686428084 399847412 65063629 847438901 715550081 43105643 211399022 56429258 209186035 648040507 
946377455 802317382 623402956 253601077 642865085 662604151 38074946 158895938 12078837 670257021 752562050 825374684 103117552 368128077 968646183 681357203 495025586 514622256 129617091 
505269897 408440184 554403141 157840990 426468598 9869620 518337019 6137584 281983909 323810568 910420888 703817706 107111540 132851404 581137333 931314859 760470232 528861838 103855040 
