19 20 20 810009068
1 1 1 1 1 1 0 1 1 1 1 1 1 1 0 1 1 1 1 1 
1 1 1 1 0 1 1 1 0 1 1 1 1 1 1 1 1 1 1 1 
1 1 1 0 1 1 1 1 1 1 1 1 0 1 1 1 1 1 1 1 
0 1 1 1 1 1 1 1 1 1 1 1 0 1 1 1 1 1 1 1 
1 1 0 1 0 1 1 1 1 0 1 1 1 1 1 1 1 1 1 1 
0 1 1 1 1 0 1 1 1 1 1 1 0 1 1 1 1 1 1 1 
1 1 1 1 1 1 1 1 1 1 1 1 1 1 1 1 1 1 1 1 
0 1 1 1 1 1 1 1 1 1 1 1 0 1 1 1 1 0 1 1 
1 1 1 1 1 0 1 1 1 1 1 1 1 1 1 1 0 1 1 1 
1 1 0 1 1 1 0 1 1 1 1 1 1 0 1 1 1 1 1 0 
1 1 1 1 1 1 1 1 0 1 0 1 1 1 0 1 1 0 1 1 
1 1 1 1 1 1 0 1 1 1 1 1 0 1 1 1 1 1 1 1 
1 1 1 1 1 1 1 0 0 1 1 1 1 1 1 1 0 1 0 0 
1 1 1 0 1 1 1 1 0 1 1 1 1 1 1 1 1 1 1 1 
1 1 0 1 1 1 1 1 1 1 1 1 1 1 1 1 1 0 1 1 
1 1 1 1 1 1 1 1 1 1 1 1 0 1 1 1 1 0 1 1 
1 1 1 1 1 1 1 0 1 1 1 1 1 1 1 1 0 1 1 0 
1 1 0 1 1 1 1 1 1 0 0 1 1 1 1 1 1 1 0 1 
1 1 1 1 1 0 1 0 1 1 1 0 1 0 1 1 1 0 1 0 
1 1 1 1 0 1 0 1 1 1 1 1 1 1 1 1 1 1 1 1 
1 1 1 1 1 1 0 1 0 1 1 1 1 1 0 1 1 1 1 1 
1 1 1 1 1 1 1 1 1 1 1 1 1 1 1 1 1 1 1 1 
1 1 1 1 1 1 1 1 1 0 1 1 1 1 1 1 1 0 1 0 
1 1 1 1 1 1 0 1 1 0 0 1 1 1 1 1 1 1 1 1 
1 1 1 1 1 1 1 1 0 1 1 1 1 1 1 0 1 1 1 0 
1 1 0 1 0 1 1 1 1 0 1 1 1 1 1 1 0 1 0 1 
1 1 1 1 1 1 1 1 1 1 1 1 0 0 0 1 1 0 1 1 
1 1 1 0 1 1 1 1 1 0 1 1 1 1 1 1 1 1 1 1 
1 1 1 1 1 1 1 1 1 1 1 1 0 1 1 0 1 1 1 1 
1 1 0 1 1 0 1 1 1 1 1 0 1 1 1 1 1 1 1 1 
1 1 1 1 1 1 1 1 1 1 1 1 1 0 1 1 1 1 1 1 
1 0 0 1 1 1 1 1 1 1 0 1 1 1 0 1 1 1 1 1 
1 1 1 1 1 1 1 1 1 1 1 1 0 1 1 0 1 1 1 1 
1 1 1 1 1 1 1 1 1 1 1 1 1 1 1 1 1 1 1 1 
1 1 1 1 0 1 0 1 1 1 1 1 1 1 0 1 1 1 1 1 
1 1 1 1 1 0 1 0 1 1 1 1 1 1 1 1 1 1 0 1 
1 1 1 1 0 1 1 1 1 0 0 0 0 1 1 1 1 1 1 1 
1 1 1 1 1 0 1 1 1 1 1 0 1 0 1 1 1 1 1 1 
1 1 0 1 1 1 1 1 1 1 1 1 1 1 1 1 1 1 1 0 
1 1 1 1 1 0 0 1 1 1 1 1 1 1 1 1 1 1 1 1 
1 1 1 1 1 1 1 1 0 1 1 0 1 1 1 0 0 1 1 1 
1 0 0 1 0 1 0 1 1 1 1 1 1 0 1 0 0 1 1 1 
1 1 1 1 1 1 1 1 1 1 1 1 1 1 1 1 1 1 1 1 
1 1 1 1 1 1 1 0 1 1 1 0 1 1 1 1 1 1 1 1 
1 1 1 1 1 1 1 1 1 1 0 1 0 1 1 1 1 1 1 1 
1 1 1 1 0 1 1 1 0 1 1 1 1 1 1 1 1 1 0 1 
1 1 0 1 1 1 1 1 1 1 1 1 0 1 0 1 1 1 1 1 
0 1 1 1 1 1 1 1 1 1 1 1 1 1 1 0 1 1 1 1 
1 1 0 1 1 0 1 1 1 1 1 1 0 1 1 1 1 1 1 1 
1 1 1 1 1 1 1 1 0 1 1 1 1 0 1 0 1 1 1 1 
0 0 1 1 1 1 1 1 1 1 1 0 1 1 1 1 1 0 1 1 
1 1 1 1 0 1 1 1 1 0 1 1 0 1 1 1 1 1 1 1 
1 1 1 1 1 1 1 1 1 1 1 1 1 1 1 0 0 1 0 1 
1 0 1 1 1 1 1 0 0 0 1 1 1 1 1 1 0 1 1 1 
0 1 0 1 1 1 1 1 0 1 1 1 1 1 1 0 1 1 1 1 
1 1 1 0 1 0 1 1 1 1 0 1 1 1 1 1 1 1 1 1 
1 1 1 1 1 1 0 1 1 1 1 1 1 1 1 1 1 1 1 0 
0 1 1 1 1 1 1 1 1 1 1 1 0 1 1 1 1 1 1 1 
0 1 1 0 1 1 1 1 0 1 1 1 1 1 1 0 0 1 1 1 
0 1 1 1 1 0 1 1 1 1 0 0 1 1 1 1 1 1 0 1 
1 1 0 1 1 1 1 1 1 1 1 1 1 1 1 1 1 0 1 1 
1 1 1 1 1 1 1 1 0 1 1 1 1 0 1 1 1 1 1 1 
1 1 1 0 1 1 1 1 1 1 1 1 0 1 1 1 1 1 1 1 
1 1 1 1 1 0 1 1 1 0 0 1 1 1 0 1 1 1 1 1 
1 1 1 1 1 1 1 1 1 1 1 1 1 1 1 1 0 1 1 1 
0 1 1 1 1 1 1 0 1 0 1 0 0 1 1 1 1 0 1 1 
1 1 1 0 1 1 1 1 1 1 0 1 1 1 1 1 1 1 1 1 
1 1 1 0 1 1 1 1 1 0 1 1 1 1 1 0 1 1 1 1 
1 1 1 1 1 0 1 1 0 1 1 1 1 1 1 1 1 1 1 1 
0 1 0 0 0 1 1 1 1 1 1 1 1 0 1 0 1 1 1 1 
1 1 0 1 1 1 1 1 0 1 1 1 1 1 1 1 1 1 1 1 
1 1 1 1 0 1 1 0 0 1 0 1 0 1 1 1 1 1 1 1 
1 1 0 1 1 1 1 1 1 1 0 1 1 1 1 1 1 1 1 1 
1 1 1 1 1 1 1 1 1 1 1 1 1 1 1 1 1 1 0 1 
1 1 1 1 1 0 1 0 1 0 0 1 1 1 1 1 1 1 0 1 
1 1 0 1 1 0 1 1 1 0 1 1 1 1 1 1 1 1 1 1 
1 1 1 1 1 1 1 1 1 1 1 1 1 0 1 1 1 1 1 1 
1 1 1 1 1 1 1 1 1 1 1 1 1 1 1 0 1 1 0 1 
1 1 1 1 0 0 1 1 1 1 1 0 1 1 1 1 1 1 1 1 
1 1 1 0 1 1 0 1 1 1 1 1 1 1 0 1 1 1 1 1 
1 1 0 1 1 1 1 1 1 0 1 1 1 1 1 1 1 0 1 1 
1 0 1 0 1 1 1 1 1 1 1 1 1 1 1 0 0 1 1 1 
1 1 1 1 1 1 0 1 1 1 1 1 1 0 1 1 0 1 0 0 
1 0 1 1 1 1 1 1 1 1 0 1 1 1 0 1 0 1 0 1 
1 1 1 0 1 1 1 1 1 0 0 1 1 1 1 1 0 1 1 1 
1 1 0 1 1 1 1 1 1 1 1 1 1 1 1 1 1 1 1 1 
1 1 1 1 0 1 1 0 1 1 1 1 1 1 0 1 1 1 1 1 
1 1 1 1 1 0 1 1 0 1 1 1 1 1 1 1 1 1 1 1 
1 1 1 0 1 1 1 1 1 1 0 1 0 0 1 0 1 1 1 1 
1 1 1 1 1 1 1 1 0 1 1 1 1 1 1 1 1 1 1 1 
1 1 1 1 1 1 0 1 1 1 1 1 1 1 0 1 1 1 1 1 
1 1 1 1 0 1 1 1 1 0 1 1 1 1 1 1 1 1 1 1 
1 1 1 1 1 1 1 1 1 1 1 1 0 1 1 0 1 0 1 1 
1 1 0 0 1 1 1 1 1 1 1 1 1 1 1 1 0 1 0 1 
1 1 0 1 1 1 1 1 1 0 1 0 1 1 1 1 0 0 1 1 
1 1 1 1 1 1 0 1 1 0 1 1 1 0 0 1 1 1 1 1 
1 1 0 1 1 1 1 1 1 1 1 1 1 1 1 1 1 1 1 1 
1 0 0 1 1 1 1 1 1 1 1 1 0 1 1 1 1 1 1 1 
1 1 1 1 0 1 1 1 1 0 1 1 1 1 1 1 1 1 1 1 
1 1 1 1 1 1 1 1 1 1 1 1 1 1 1 1 1 1 1 1 
0 0 1 1 1 1 1 1 1 1 0 1 1 1 1 0 0 0 1 0 
1 1 1 1 1 0 1 1 0 1 1 1 1 1 1 1 1 0 1 0 
1 1 0 1 0 1 0 0 1 1 1 1 1 1 1 1 1 1 1 1 
1 1 1 0 1 1 1 1 0 1 1 1 1 1 1 1 1 1 1 1 
1 1 0 1 1 1 0 1 1 0 1 1 1 1 1 1 1 1 1 1 
1 1 1 1 1 1 1 1 1 1 0 1 1 1 1 1 1 1 1 1 
1 1 0 1 0 1 1 0 1 0 0 1 1 1 1 1 1 1 1 1 
1 1 1 1 1 0 0 1 1 0 0 1 1 1 0 1 0 1 1 1 
1 1 1 1 1 1 1 1 1 1 1 1 1 1 1 0 0 1 1 1 
1 1 1 1 1 0 1 1 1 1 1 1 1 1 0 1 1 1 1 1 
0 1 1 1 0 0 1 1 1 1 1 1 1 1 1 0 1 1 0 1 
1 1 0 1 1 0 1 1 1 1 1 1 0 1 1 0 0 1 1 0 
1 1 1 1 1 0 1 0 1 1 1 1 1 1 1 1 1 1 0 1 
1 1 1 1 1 1 1 1 1 1 0 1 1 1 1 1 1 1 1 0 
1 0 1 0 0 1 1 1 1 1 1 1 0 0 1 0 1 1 1 1 
1 1 1 1 1 1 1 1 0 1 1 1 1 1 1 0 1 1 1 1 
1 1 1 1 1 1 1 1 1 1 1 1 0 1 1 1 1 0 0 1 
1 1 1 1 1 0 0 1 1 1 1 1 1 1 1 1 1 1 0 0 
1 1 0 0 1 1 1 1 0 1 0 1 1 0 1 1 1 1 0 1 
1 1 1 1 1 1 1 0 1 1 1 1 0 1 1 1 1 0 1 1 
1 1 1 1 0 1 1 1 1 1 1 1 1 1 1 0 1 1 0 1 
1 0 1 0 0 1 0 1 0 1 0 1 1 1 1 1 1 1 1 0 
1 1 1 1 1 1 1 0 1 1 1 1 1 1 0 1 0 1 1 1 
1 1 0 1 1 1 0 1 0 1 1 1 1 1 0 0 1 1 0 1 
1 1 1 1 1 1 1 1 1 1 1 1 1 1 1 1 1 0 1 1 
1 1 1 0 1 1 1 1 1 1 1 1 1 1 1 0 1 1 1 1 
1 1 1 0 1 1 0 0 1 1 0 1 1 1 1 0 1 1 0 1 
1 1 1 0 1 1 1 1 1 1 0 1 1 1 1 1 1 1 1 1 
1 1 1 1 1 1 1 1 1 1 1 1 1 1 1 1 1 1 1 1 
1 1 0 1 1 1 1 0 1 1 1 1 1 1 1 0 1 1 1 1 
0 1 1 1 1 1 1 0 1 1 0 0 1 1 1 1 1 1 1 1 
1 0 1 1 1 1 0 1 1 1 1 0 1 0 1 1 1 1 0 1 
1 1 1 1 1 1 1 0 0 1 1 0 1 1 1 0 1 1 0 1 
1 1 1 1 1 1 1 1 1 1 1 0 0 1 1 0 1 1 1 1 
1 1 1 1 1 1 1 1 1 1 0 1 1 1 1 0 1 1 1 1 
1 1 1 1 1 1 1 1 1 1 1 1 1 1 1 1 1 1 1 1 
1 1 1 1 1 0 1 1 1 1 1 1 1 1 0 1 1 0 1 1 
0 1 1 1 1 1 1 1 1 1 0 1 1 1 0 1 1 0 1 1 
1 1 0 0 1 1 1 1 1 1 0 1 1 1 1 1 1 1 1 1 
1 1 1 1 1 0 1 1 1 1 1 1 1 1 1 0 1 1 1 1 
1 1 1 1 1 0 1 1 1 1 1 1 1 1 1 0 1 1 1 1 
1 0 0 1 0 1 1 1 1 1 0 1 1 0 0 1 1 1 1 1 
1 1 1 1 1 1 1 0 1 1 1 1 1 1 1 1 1 1 1 1 
1 0 1 1 1 1 1 1 1 0 1 0 1 1 0 1 1 1 0 1 
1 1 1 1 1 1 1 1 1 1 0 0 1 1 1 1 1 1 1 1 
1 1 1 1 0 1 1 1 1 0 1 1 1 1 1 0 1 1 0 1 
0 1 1 1 1 1 1 1 1 0 1 1 1 1 1 1 1 1 0 1 
1 1 1 1 1 0 1 1 1 1 0 0 1 1 1 1 1 1 1 1 
1 1 1 1 1 0 0 1 1 1 1 0 1 1 1 1 0 1 1 1 
1 1 1 1 1 1 1 1 1 1 0 0 1 1 1 1 1 0 1 1 
1 1 1 0 1 1 1 1 1 1 1 0 1 0 1 1 1 1 1 1 
1 1 1 1 1 1 1 1 1 1 1 1 0 1 1 1 1 1 0 1 
1 1 1 1 1 1 0 1 1 1 1 1 0 0 1 1 1 1 1 1 
1 0 0 0 0 1 0 1 1 1 1 1 1 1 1 1 1 1 1 1 
1 1 1 1 1 1 0 0 1 1 1 1 1 1 1 1 1 1 0 0 
0 1 1 1 1 1 1 1 1 1 0 1 1 1 1 1 1 1 1 1 
1 1 1 1 1 1 1 1 0 1 1 1 1 0 1 1 1 1 1 1 
0 1 1 1 1 1 0 1 1 1 0 1 1 1 1 1 1 0 1 0 
0 1 1 1 1 0 1 1 1 1 1 1 1 1 1 1 1 0 1 1 
1 1 1 0 1 1 0 1 1 1 1 1 0 1 1 1 1 1 1 1 
1 1 1 1 0 1 0 1 1 1 0 1 1 1 1 1 1 1 1 1 
1 1 0 1 0 1 1 0 1 1 1 1 1 0 1 1 0 1 1 1 
1 0 1 0 0 1 1 1 1 1 1 1 1 1 1 1 1 0 1 1 
1 1 1 1 1 1 1 1 1 1 0 0 1 0 0 1 1 1 1 1 
1 1 1 0 1 1 1 1 1 1 1 1 1 1 1 1 1 1 0 1 
1 1 0 1 0 1 1 1 0 1 1 1 1 1 1 1 0 1 1 0 
1 1 1 0 1 1 1 1 1 1 1 0 1 1 1 1 1 1 1 1 
1 1 1 1 1 1 1 1 1 1 1 1 1 1 1 1 0 1 0 1 
1 1 0 1 1 1 1 1 1 1 1 1 1 1 1 1 1 1 1 1 
0 1 1 1 0 1 1 1 1 1 1 0 1 1 1 1 1 1 1 0 
1 1 1 0 1 1 1 1 1 1 1 1 1 1 0 1 1 1 1 1 
1 1 1 1 1 1 1 1 1 1 1 1 1 1 1 1 1 1 1 1 
1 1 1 1 1 1 1 1 0 1 0 1 1 0 1 0 1 1 1 1 
1 1 1 1 1 1 1 1 1 1 1 0 1 1 0 1 1 1 0 1 
0 1 1 0 1 1 1 1 1 1 1 0 1 1 1 1 1 1 1 1 
1 1 1 1 1 1 1 1 1 1 1 0 0 1 1 1 1 1 1 1 
1 1 1 1 1 1 1 1 1 1 0 0 1 1 1 1 1 1 1 1 
1 1 0 1 1 1 1 1 1 1 1 1 1 0 1 1 1 1 1 1 
1 1 1 1 1 0 1 1 0 1 1 1 0 1 1 1 1 1 0 1 
1 1 1 1 1 1 1 1 1 1 0 1 1 1 1 1 1 1 1 1 
1 0 1 1 1 1 1 1 1 1 1 1 1 0 1 1 1 1 1 1 
0 0 1 0 1 1 1 1 1 1 1 1 1 0 1 1 1 1 0 1 
1 1 0 1 1 1 1 1 1 1 1 0 1 0 1 1 1 0 1 1 
1 1 0 1 1 1 1 1 1 1 1 1 1 1 1 1 0 1 1 1 
1 1 1 1 1 1 1 1 1 1 0 1 1 1 1 0 1 1 1 1 
0 1 1 0 0 0 1 1 1 1 1 1 1 1 0 1 1 1 1 1 
1 1 1 1 1 1 1 1 1 1 0 1 1 0 1 1 1 0 1 1 
1 1 0 1 0 1 1 1 1 1 1 1 1 0 1 1 1 0 1 0 
1 1 1 1 1 1 1 1 1 1 1 1 1 1 1 1 1 1 1 0 
1 1 1 1 1 0 1 1 1 1 1 1 1 1 1 0 1 1 1 1 
1 1 1 1 1 1 1 1 1 1 1 1 0 0 1 1 1 1 1 0 
1 0 1 1 1 1 0 1 0 1 1 1 1 0 1 1 1 0 1 1 
0 1 1 1 1 1 0 1 1 1 1 0 1 0 1 1 1 1 1 1 
1 1 1 0 1 0 1 1 1 1 1 1 1 1 1 1 1 0 1 0 
1 1 1 1 1 1 1 0 0 1 1 1 1 1 1 1 1 0 1 1 
1 1 1 1 1 1 0 1 1 1 1 1 1 1 1 1 1 1 1 1 
1 1 0 0 1 0 1 1 1 1 1 1 0 1 1 1 1 1 1 1 
1 0 1 1 1 0 1 1 1 1 1 1 1 1 1 1 1 1 0 1 
0 1 1 1 1 1 0 1 1 1 1 1 1 1 1 1 1 1 1 1 
1 1 0 1 1 1 1 0 1 1 1 1 1 1 0 1 1 1 1 0 
1 1 1 0 1 1 0 1 1 1 1 0 1 1 1 1 1 1 1 0 
1 1 1 1 1 1 1 0 1 1 1 1 1 1 1 1 1 1 1 1 
1 1 1 1 1 0 1 1 0 1 1 1 1 0 1 1 1 1 0 1 
1 0 1 1 1 0 1 1 1 1 1 1 0 0 1 1 0 1 1 1 
0 1 1 1 1 1 1 1 1 1 1 1 1 1 1 1 1 1 1 1 
1 1 1 1 1 1 1 1 1 1 1 1 1 1 1 1 1 1 1 1 
1 1 1 1 1 1 0 1 1 1 1 1 1 1 1 1 1 1 1 1 
1 1 1 1 1 1 1 1 0 1 1 1 1 1 0 1 1 1 1 1 
0 1 0 1 1 1 1 1 1 1 0 1 1 1 1 1 1 1 1 1 
1 1 1 1 1 1 0 1 1 1 1 1 1 1 1 1 1 1 1 1 
1 1 1 1 1 1 1 0 1 1 1 0 1 1 1 1 1 1 1 1 
1 1 1 1 1 1 1 1 1 1 1 1 0 1 1 0 0 1 1 1 
1 0 1 1 1 1 1 1 1 1 1 1 1 1 1 1 1 1 1 1 
1 1 1 0 1 1 1 0 0 0 1 1 1 1 1 0 1 1 1 1 
1 0 1 1 0 0 1 1 1 1 1 1 1 1 1 1 1 1 1 0 
1 0 0 1 1 1 1 1 1 0 1 1 1 1 1 1 1 0 1 0 
1 1 1 1 1 1 1 1 1 1 1 1 0 1 1 1 1 1 1 1 
1 1 0 1 1 0 1 1 1 1 1 1 1 1 1 1 1 1 1 0 
1 1 1 1 1 1 1 1 1 1 0 1 1 1 1 0 0 0 0 1 
1 1 1 1 0 1 1 1 1 1 0 1 1 1 1 1 0 1 0 1 
1 1 0 1 1 1 0 1 1 1 0 1 1 1 0 1 1 1 1 1 
1 1 0 1 0 1 1 1 1 0 1 1 1 1 1 1 1 1 1 0 
1 1 1 1 1 1 0 1 0 1 1 1 1 1 1 1 1 1 1 0 
1 1 1 1 1 1 1 1 1 1 1 1 1 0 1 1 0 0 1 0 
1 1 1 0 1 1 1 1 1 1 1 1 1 1 0 1 1 1 1 1 
1 1 1 1 1 0 1 1 1 1 1 1 1 1 1 0 0 0 0 1 
1 1 1 0 1 1 0 1 1 1 1 1 1 1 0 1 1 1 1 1 
1 1 1 0 1 1 0 1 1 1 1 1 1 1 1 1 1 0 1 1 
1 1 0 0 1 1 1 1 1 0 1 0 1 0 1 1 1 1 0 1 
1 1 0 1 1 1 1 1 1 1 1 1 1 0 0 1 1 0 1 1 
1 1 1 1 1 0 0 0 1 0 1 1 1 1 1 0 1 1 1 0 
0 0 1 1 1 1 1 1 1 1 1 1 1 1 1 1 0 1 1 0 
1 1 1 0 1 1 1 1 1 1 1 0 1 1 1 1 1 1 1 1 
1 1 1 1 1 1 1 1 1 1 1 1 1 1 1 1 1 0 1 0 
1 1 1 1 1 1 1 0 1 0 1 1 1 1 1 1 1 1 1 1 
1 1 1 1 1 1 1 0 0 1 1 1 0 0 1 1 1 1 1 1 
1 1 1 1 1 0 1 1 1 1 1 1 1 1 0 1 1 1 1 1 
1 1 1 0 1 1 1 1 1 1 0 1 1 1 1 1 1 0 1 1 
1 1 1 1 1 1 1 1 1 1 1 1 1 1 1 0 1 1 1 0 
1 0 1 1 1 1 1 1 1 1 1 1 1 1 1 1 1 1 1 1 
1 1 1 1 1 1 1 0 0 1 0 1 1 1 1 1 1 1 1 0 
1 1 1 1 1 1 0 0 1 1 1 1 1 1 1 1 1 0 1 1 
1 1 1 0 1 1 1 0 1 0 1 1 1 1 1 0 1 1 1 0 
1 0 1 1 1 0 1 1 1 1 1 0 0 1 1 0 1 1 0 1 
1 1 1 1 1 1 0 0 1 1 0 1 1 1 1 1 1 1 1 1 
1 1 1 1 1 1 1 1 0 1 1 1 1 1 1 1 0 1 0 1 
1 1 1 1 1 1 1 1 1 0 0 1 1 1 1 0 1 1 1 0 
0 1 1 1 1 1 1 1 1 0 1 1 1 1 1 1 1 1 1 1 
0 1 1 1 1 1 1 1 1 1 1 1 1 1 1 1 1 1 1 1 
1 0 0 1 1 0 1 1 1 1 1 1 1 1 1 0 1 1 0 1 
1 1 1 1 0 0 1 1 0 0 1 1 1 1 1 1 0 1 1 1 
1 1 1 1 1 1 1 1 1 0 1 1 1 1 1 1 1 1 1 1 
1 1 1 0 0 1 1 1 1 1 1 1 1 1 1 1 1 1 1 1 
1 1 1 0 1 1 1 1 1 1 0 1 1 1 1 1 1 1 1 0 
1 1 1 1 1 1 1 1 1 0 1 0 1 1 1 0 1 0 1 1 
0 1 1 0 1 0 1 1 1 1 1 1 0 1 1 1 1 1 1 0 
1 1 1 1 1 1 1 0 1 1 1 1 1 1 1 1 1 1 1 0 
1 1 1 1 1 1 1 1 1 1 1 1 1 1 1 1 1 1 1 1 
1 1 1 1 0 1 1 1 1 1 0 1 1 1 1 1 1 1 1 1 
1 1 0 1 1 1 1 1 1 1 1 1 1 1 1 1 1 0 1 1 
1 0 1 1 1 1 0 1 0 0 0 1 1 1 1 1 1 1 1 1 
1 1 1 1 1 1 1 1 1 1 1 1 1 1 1 1 1 1 1 1 
0 0 0 1 1 1 0 0 1 1 0 1 1 1 1 1 0 1 1 1 
1 1 0 1 1 1 1 1 1 1 1 1 1 1 0 1 1 1 1 1 
1 1 1 1 1 1 0 0 1 0 1 1 1 1 1 1 1 1 1 1 
1 1 1 1 1 1 1 0 1 1 1 1 1 1 1 0 1 1 1 1 
1 1 1 1 1 1 0 1 1 1 1 1 1 1 1 1 1 1 1 1 
1 1 1 0 1 1 1 1 0 1 1 1 1 1 1 1 0 1 1 1 
1 1 1 1 1 1 0 1 1 1 0 1 1 1 1 0 1 1 1 1 
1 1 1 1 1 1 0 1 1 1 1 1 0 0 1 1 1 1 0 1 
1 0 0 1 1 0 1 1 1 1 1 1 1 1 0 1 1 1 0 1 
1 0 0 1 1 1 1 1 1 1 1 1 1 1 0 1 1 0 1 0 
1 0 1 1 1 1 0 1 1 1 1 1 1 0 1 1 1 1 1 1 
1 1 0 1 0 1 0 0 1 1 1 1 1 1 1 1 1 0 1 1 
1 1 1 1 1 1 1 0 1 1 1 1 1 1 1 0 1 1 1 1 
0 1 1 1 1 1 1 1 1 1 1 1 0 1 0 0 0 1 1 1 
1 1 0 1 1 1 1 1 1 0 1 1 1 1 1 1 0 1 1 1 
1 1 1 1 1 1 1 1 1 1 1 1 1 1 1 1 1 1 1 1 
0 1 1 1 1 1 0 1 1 1 1 0 1 1 1 1 0 1 1 1 
0 1 1 1 1 1 1 1 1 1 1 1 1 1 1 1 1 1 1 1 
1 1 1 1 1 1 1 1 1 1 1 1 1 1 1 0 1 1 1 1 
1 1 1 1 0 1 1 1 1 1 0 1 1 1 1 1 1 1 0 1 
1 1 1 1 1 0 1 0 1 1 1 1 1 1 1 1 1 1 1 0 
1 1 1 1 1 1 1 0 1 1 1 1 1 0 1 1 1 1 0 1 
1 1 1 1 1 1 1 0 1 1 1 1 1 1 1 1 0 1 1 1 
1 1 0 1 0 1 0 1 1 0 1 1 1 1 1 1 1 1 1 1 
1 1 1 1 1 0 1 1 0 1 1 0 1 1 1 1 1 1 1 1 
1 1 1 0 0 1 1 1 1 1 1 1 1 1 1 1 1 1 1 1 
1 1 1 1 0 1 1 1 1 1 1 1 0 1 1 0 0 1 1 1 
1 1 1 1 1 1 0 1 1 1 1 1 1 1 1 1 1 1 1 1 
0 1 1 1 1 1 1 1 1 1 1 1 0 1 1 1 1 0 1 0 
1 1 1 1 1 1 1 1 1 1 1 1 0 1 1 1 1 1 0 1 
1 1 1 1 1 1 0 1 1 1 1 1 1 1 0 1 1 1 1 1 
1 1 1 1 1 1 1 0 0 0 1 1 1 1 1 0 1 1 1 1 
1 1 1 0 1 1 1 1 1 1 1 1 1 0 1 0 1 1 1 1 
1 1 0 1 1 1 1 1 0 1 0 1 0 1 1 1 1 1 1 0 
1 1 1 1 1 0 1 1 1 1 1 1 0 1 1 0 1 1 1 1 
0 1 1 1 1 1 1 1 1 1 1 1 1 1 1 1 1 0 1 1 
1 1 1 1 1 1 1 1 1 1 1 1 0 1 1 1 1 1 1 1 
1 1 1 1 1 1 1 1 1 1 1 1 1 1 1 1 1 1 1 1 
1 1 1 1 1 1 1 1 1 1 0 1 1 1 1 1 1 1 1 1 
1 1 1 1 1 1 1 1 1 1 1 1 1 1 1 1 1 1 1 1 
1 1 0 1 1 1 1 1 1 1 1 0 1 1 1 1 1 1 1 1 
1 1 1 0 1 1 1 1 1 1 1 1 1 0 0 1 0 1 1 0 
1 1 0 1 1 1 0 1 1 1 1 1 1 1 1 1 1 1 1 1 
1 1 1 1 0 1 1 1 1 1 1 1 0 0 1 1 1 1 1 1 
1 1 1 1 1 1 1 0 1 1 1 1 1 1 1 1 0 1 1 0 
1 1 1 1 1 1 0 1 1 1 1 1 1 1 1 1 0 1 1 0 
1 1 1 1 1 1 1 1 1 0 1 1 1 1 1 1 1 1 1 1 
1 1 1 1 1 0 1 1 1 1 1 1 1 1 1 1 1 1 1 1 
1 1 1 1 1 0 1 1 1 1 0 1 1 1 1 1 1 1 1 1 
1 0 1 1 1 1 1 1 1 1 1 0 1 0 1 0 1 1 1 0 
0 1 1 1 1 0 1 1 1 1 0 1 1 0 0 1 0 1 1 1 
0 1 1 0 1 1 1 1 1 1 1 1 1 1 1 1 0 1 1 1 
1 1 1 1 1 1 1 1 1 1 1 1 1 1 1 0 1 1 1 1 
1 1 1 1 1 1 1 1 1 1 1 1 1 1 0 0 0 1 0 1 
1 1 1 0 1 1 1 1 1 1 1 1 0 0 1 1 1 1 1 1 
1 1 1 1 1 1 1 1 0 1 1 1 1 1 1 0 0 1 0 1 
1 1 1 0 0 1 1 1 1 1 1 0 1 0 0 1 0 1 1 1 
1 0 1 1 0 1 1 1 1 0 1 0 0 1 1 1 1 1 1 1 
1 1 1 1 1 1 1 1 1 1 1 1 1 1 1 1 1 0 1 1 
1 1 1 1 1 0 1 1 0 1 1 1 1 1 1 1 1 1 0 1 
1 1 1 1 1 1 1 1 1 1 0 1 1 1 1 1 0 1 1 1 
1 1 1 1 1 1 0 1 1 1 1 0 1 1 0 1 1 1 1 1 
1 1 0 1 1 1 1 1 1 1 1 1 1 1 0 0 1 1 1 1 
1 1 1 1 0 1 1 1 1 1 1 1 1 1 0 1 1 1 1 1 
1 0 1 1 1 1 1 1 1 1 1 1 1 1 1 1 1 0 1 1 
1 1 1 0 1 1 1 0 0 0 0 1 1 0 1 1 0 1 0 1 
1 1 1 1 1 1 1 1 1 1 1 1 1 1 1 1 1 1 1 1 
1 0 1 1 1 1 0 1 1 1 1 1 1 1 1 1 1 0 1 1 
1 1 1 1 1 1 1 1 0 1 1 1 1 1 1 1 1 1 1 1 
1 0 1 1 0 1 1 1 1 0 1 1 1 1 1 1 1 1 1 1 
1 1 1 0 1 1 1 1 1 1 1 1 1 0 0 1 1 1 1 1 
1 1 1 1 1 1 1 1 1 1 1 1 1 1 1 1 1 1 1 1 
1 1 1 0 1 1 1 1 1 0 1 1 1 1 1 1 1 1 1 0 
1 1 1 1 1 1 1 1 0 1 1 0 0 1 1 1 0 1 1 1 
1 0 1 0 1 1 1 1 1 1 1 1 1 1 1 1 1 1 1 1 
1 1 1 1 1 1 1 1 1 1 1 1 1 1 1 1 1 1 1 1 
1 1 1 1 0 1 1 1 1 1 1 0 1 0 1 1 1 0 1 1 
1 1 1 1 1 1 1 1 1 1 0 1 1 1 1 1 1 1 1 1 
1 1 1 1 1 1 1 1 1 0 1 0 1 1 1 1 0 1 1 1 
1 1 1 1 1 1 0 1 1 1 1 1 1 1 1 1 1 0 1 1 
1 1 1 1 1 1 1 1 1 1 1 1 0 1 1 1 1 0 1 1 
1 1 1 0 1 1 1 1 1 1 1 1 1 0 1 1 1 1 1 1 
0 1 1 1 1 1 1 1 1 1 1 0 1 1 1 1 1 1 1 1 
1 1 1 1 1 1 1 1 1 1 1 1 1 0 1 1 0 1 1 0 
0 1 1 0 1 0 1 1 1 1 1 0 1 1 0 1 1 0 1 1 
1 1 1 1 1 1 1 1 1 1 1 1 1 1 0 1 1 0 0 1 
1 1 1 1 1 1 1 1 1 1 1 1 0 1 1 1 0 1 1 1 
1 1 1 1 1 1 1 1 1 1 1 1 0 1 1 1 1 0 0 1 
1 1 1 1 1 1 1 1 1 1 1 0 0 1 1 1 0 1 1 1 
1 1 1 0 1 1 1 1 1 1 1 1 1 1 1 0 0 1 1 1 
1 1 1 1 1 1 1 1 1 1 1 1 1 0 1 1 0 1 1 1 
1 1 1 1 1 1 1 1 1 1 1 1 1 0 1 1 1 1 1 1 
1 1 1 1 1 1 1 1 1 1 1 1 1 1 1 1 1 0 1 1 
1 1 1 1 1 1 0 1 1 0 1 0 1 1 1 1 1 0 1 1 
1 1 1 1 1 1 0 1 1 0 1 1 0 1 1 1 1 1 1 1 
1 1 1 1 0 1 1 1 1 1 1 1 1 1 1 1 1 1 1 1 
1 1 1 0 1 1 1 0 1 1 0 1 1 0 1 0 1 0 1 1 
0 1 1 1 0 1 1 1 1 1 1 1 1 0 1 1 1 1 0 1 
1 1 1 1 1 0 0 1 1 1 1 1 0 1 0 1 1 0 1 1 
1 1 1 1 1 1 1 1 1 1 1 1 1 1 1 0 1 1 1 1 
1 1 1 1 1 1 1 1 1 1 1 1 1 1 1 1 1 1 1 1 
1 1 1 1 1 1 1 1 1 1 1 1 1 1 1 1 0 1 1 1 
1 0 1 1 1 1 1 0 1 1 1 0 1 1 0 0 1 1 1 1 
1 1 1 1 1 1 1 0 1 1 1 1 1 1 1 1 1 1 1 0 
1 1 1 0 1 1 1 1 1 1 1 1 0 1 0 1 1 1 0 1 
1 1 1 1 1 1 1 1 1 0 1 1 1 1 1 1 1 1 1 1 
0 1 1 1 1 1 1 1 1 1 1 0 1 1 1 0 1 1 1 1 
1 1 1 1 1 1 1 1 1 0 0 1 1 1 1 1 1 0 1 1 
1 0 1 1 1 0 1 1 1 0 1 1 0 1 1 1 1 1 1 1 
1 1 1 1 1 1 1 1 1 1 1 1 1 1 1 1 1 1 1 1 
1 1 1 1 1 1 1 1 1 1 1 1 1 1 1 1 1 1 1 0 
0 1 1 1 1 0 1 1 1 1 1 0 1 1 1 1 1 0 1 1 
1 1 1 1 1 0 1 0 0 1 1 1 1 0 1 1 1 1 1 1 
0 1 1 1 1 0 1 1 1 0 1 0 1 1 0 1 1 0 1 1 
1 1 0 1 1 1 1 1 0 0 1 1 1 1 1 1 1 1 1 1 
0 1 1 1 1 1 1 1 1 1 1 1 1 1 1 0 1 1 1 1 
1 1 1 1 0 0 1 1 1 0 1 1 0 1 1 1 1 1 1 1 
1 1 0 1 1 1 0 1 1 1 1 1 1 1 1 1 1 1 1 1 
914685454 17958820 774119328 73422616 598391678 749598188 655772224 767335331 428444330 17834301 174875358 10292235 254632401 513620675 665154812 25258191 555329108 570588140 165443195 718557168 
663693112 66548969 33884709 78287728 885368743 159247156 422400547 310550489 993065327 77645829 717083271 293958328 465414018 666277596 649585604 138748189 471019636 69080058 7845168 50228764 
80892160 369183463 712236937 936866128 668360324 18072813 33294189 320949587 242463104 441632668 771362785 731280967 263888923 491103045 749919436 513443920 246614174 792629631 344139128 343780888 
547449846 236528549 77911831 750229322 457250870 200950101 585598780 304840471 185230099 932329203 100267614 929350324 292385895 744117283 127935064 987432922 722837679 181770835 58419435 858682180 
505992076 416447279 583318075 594112308 277154374 161982251 328293199 390103535 100916804 779578364 235813010 659731517 112730005 242033439 88328275 627574762 758087531 654192721 617938248 817102408 
481282714 338300949 993806599 840019626 528167965 549123634 202452620 4779242 755773330 50560049 172156086 743014372 408443833 648142820 979077322 896428024 638450937 566055386 20963565 633058700 
181831643 944231404 74264238 371257224 295025549 180103091 448532860 448104921 698862688 299977999 245266729 385706990 488873546 117772450 836741228 975406910 790302564 876784210 31901539 591396288 
567890541 750578635 494077453 764532849 623008070 752942843 652201676 616877522 745918325 581317780 241141994 556570727 759997602 500163214 71396113 201907514 89761564 673698466 321707473 197206613 
147533397 96714959 577007133 405329227 948360545 491022809 537120718 918249904 544097660 135408069 323022879 518018973 496799873 178334303 380377136 103293485 212245363 883892660 980393859 344772098 
534485240 696459416 244297346 11755457 495227865 271544610 355045623 338311825 103057796 734922027 481695890 397022880 582554762 465990866 38178662 659916703 989341473 67538170 466106988 788042561 
865326499 491384266 171961343 239785920 343322893 760330541 873309791 623624791 923120001 657281360 657247790 132568521 476098756 863217447 594570486 460292313 731903169 545659112 214336417 430277839 
404113924 986767502 91778303 34663417 798076480 218632791 812011588 396628008 278399690 141372230 458040199 167489840 145522459 352890786 285425220 748591977 445102929 166615413 330857434 431840816 
744483503 226187022 62287373 569479781 505687577 496474496 320970630 679555311 129836697 74756895 624485967 664434996 525209565 441370123 1230423 479553441 125102774 850002590 249717749 473185320 
92747674 395785724 884115037 249860285 534167843 812607627 833301036 352092120 602863246 898993271 868951010 318528246 349460029 280542254 883741282 634319128 21391413 621742307 63168883 59303234 
33376417 68901130 949918786 690525438 535642701 795367138 220581854 869699287 579008812 97218279 534429115 136714462 98870483 52747867 504962608 617793320 422861563 278745543 374846201 42181198 
80570883 627643252 845605302 537452011 948126571 973457905 430935657 916299554 31913562 653969040 997625340 371610389 176175641 278488040 18467001 695244143 43157653 62747731 676459728 578168539 
417024226 529285235 91197653 244970379 500206004 716543398 765486655 317106610 887409635 917726357 153689066 273965066 826399984 780693419 229300374 805522510 67977593 847415701 543126886 394103233 
10891206 544859079 542752865 83423142 828742210 68087031 415878900 328366022 39766518 787365792 456548462 663991533 580782361 957128833 29479043 45013357 963337597 686427419 426219978 4214170 
319247132 64018998 876570688 965662284 32298644 101900892 599243714 302730080 840015784 55493724 450566806 730848823 740567996 783036873 948818915 44134453 651020379 186404217 969790004 850262339 
57748913 60463623 334724601 575569486 401320208 728561745 921677830 394598342 617928558 644003322 932197394 872351776 868020197 957721576 565828409 424862292 493788722 19492040 850173563 893436000 
942730551 361399173 994300219 905120195 771801466 246563285 707945408 641681922 987259812 920723117 46577079 836933415 317332226 576890055 547944624 298223677 820271111 801960227 656056989 540916693 
204238536 809419139 45674581 356806276 925163902 933368557 3733526 717267299 627522312 350965805 413879296 683921549 436894055 844501073 330902676 432552357 39553087 497837355 996657978 653439566 
497404765 947763667 542383296 475074224 275396908 275136802 796343251 354195450 94799166 525104183 878893960 267883226 1235657 866001142 58870230 724489735 492775208 9865348 207389209 150499512 
158790742 376999373 332517265 464838954 71193461 47313919 375095265 439311133 936761166 414821644 307045777 467377751 525672135 554809387 974547596 488201504 1109870 851808343 243167906 728773317 
240443382 856369870 551996935 970140182 522719924 35751315 34405329 484365288 109838369 890422766 38108286 790195603 498880860 988931815 37811310 489887604 829246118 270333903 357162594 440900460 
403588580 486206134 889441795 10142558 805813536 566063861 95240796 64700342 100525320 245429158 735938654 870424031 588044142 69860903 247967066 284184264 51105222 996696220 41353611 829701479 
852257707 372655209 437398154 943977780 374905179 393632956 572048856 476010669 389475894 56042753 44374872 489809873 983903043 663695211 162193362 516888230 534594986 195068786 490243953 775336883 
642875707 152505424 364226629 764436102 7314149 197662595 2452674 678366768 324928321 974316366 140678720 269428676 37660934 86064439 191074169 530031836 124507025 556183690 293146382 676907540 
960138598 631325909 814533122 101543308 465215145 362269803 375567933 991513962 519346085 266060513 987290890 885782102 86764358 659110803 975617433 933018108 823957918 587620384 387956606 862958990 
473918052 650215146 628012337 72378431 889436016 49555863 467299980 3529162 622184256 757261203 243424080 809521385 68794230 538632332 287391136 402266590 393181017 607343348 21687428 672718061 
32461390 68045441 950871655 45745374 648841833 240591537 659583898 287749505 984941271 50561344 366352591 85053987 164559471 244507825 263920030 668374042 725308971 818856650 898976515 356331838 
58063784 814397206 928282078 53809772 846412712 6570340 914491762 907614725 702696592 813896776 277077479 485390958 728519914 198767510 282461897 362978446 787744228 56664810 189937030 424580691 
819447248 81847330 510241779 276115758 674065059 514328033 493371080 256049298 621118582 265323022 582281247 969803896 380418055 8236116 168749561 274199518 971450681 572354720 315621561 596237123 
791934351 933634470 707601831 817437485 957071029 98228060 494166382 639908516 572703992 730193276 877473439 255091124 195367369 566047238 855239724 683335663 595210814 606147517 76963821 489997032 
42107281 18489509 223922463 688487609 853148575 303858827 617710304 650615422 504745834 468039549 942290612 57379544 595822999 381471822 342335235 446297195 376336113 515133204 413587864 987733088 
609742564 199668649 274745892 301423843 591189507 851039277 900074681 16886694 131434626 203292546 459601999 416034909 64113852 97228750 69316930 42822463 203302319 981942525 96291795 900066188 
119455099 308125501 414285475 417306114 586342375 182920576 894592315 833649510 330499292 663057406 479056519 58015489 968059624 161662640 766260053 548900128 801096124 821425110 680493274 745152916 
23061678 599652977 401851182 690576943 152347960 59023561 598680523 872116557 916006263 786244329 183603218 202443848 27443884 245756191 109407174 117778947 698355648 826637949 319673232 756802912 
553312184 292396890 592047993 33808329 106258500 702216145 978376051 446019500 156025910 898759233 768998352 504631031 473464323 404878795 274971592 359375265 308873796 769995991 60908536 636677152 
644532792 71248784 848190174 422207987 675376703 970798691 868569438 284963866 330068064 116877444 330925376 603793304 241475268 764308073 117052336 564952056 241022521 296642637 74341308 53600709 
671386800 967610542 127430874 689963281 75484095 912859855 986979679 78909424 74496799 864881975 160953609 252999930 800234288 801938481 448001910 739283404 278531953 488912970 848446122 434430343 
490150153 689714389 32920972 225736527 202481984 755379818 29319787 915296461 904729606 104724835 975417714 741036206 604408427 375890014 402068280 11388194 106267940 733246142 761619250 44203613 
298497805 287122217 70457917 176125210 110190497 111539723 25325850 870646035 508441988 563806226 889950954 618602378 576741626 349533361 912514998 10570180 706774637 552961181 767082218 659184520 
19095787 749227091 697434581 572656036 896822437 81941135 554915370 937224296 232399218 86185686 506906754 685081129 672644425 666152942 269702871 324271552 61251274 40532576 85496586 71783688 
427601847 274814717 223466847 353016676 524836723 658635094 77725436 883119159 414395786 981288515 84331629 58677608 337626152 168739421 14268451 70734312 879469216 507252868 84634864 30226469 
657315815 802521177 594069645 200208532 49761558 947104964 81260053 78770220 227713004 716843632 597190791 56029931 709201226 311903818 763649351 763904596 806284213 495080454 240144029 10161128 
669496791 180096155 566881845 684607409 855844094 59833538 236552094 67743419 420371355 462816122 100715211 832553368 49258436 954982534 857448085 244178652 42509748 611996397 136405815 431581599 
99969606 37111674 991968464 3407870 415833469 828151610 667139556 293061018 282336511 347461121 428812763 464070167 132054676 47362277 44124032 802612127 32287404 508484800 66175876 238675292 
997885655 370119858 101851898 980668930 532688971 226830494 594494937 936485442 653117025 753441704 604961149 764069720 476988696 427676350 164666149 855564670 220688272 366105356 774883957 66586231 
498584209 167579781 209660918 485234693 146319106 870370401 875379601 62433906 83704946 65504152 587378456 493320972 332551058 113831277 123758782 795440801 926875833 985795039 713259417 786157575 
272952927 853458998 46216231 994420375 622737314 632327548 768233158 643251373 260068036 152519423 317199931 673889833 316279723 444093652 759148588 333552 445976160 252065871 42888613 571791725 
542376336 737989261 653012376 280114441 976531726 115439338 738938709 60849335 286083151 767784331 511194390 986430826 53386476 930888149 777541238 503997596 337938725 7338227 623665908 157120201 
133420632 877391958 135132276 19846642 207304589 54998061 569430463 244553755 227857390 627281392 904118527 59403725 403857735 153971418 424569411 658184341 650202762 259644010 909298177 171536771 
424246862 866622689 896349071 46202796 306909515 467747271 284451752 284729000 35766494 291133031 236364526 724612372 52545932 546284622 532641890 841251601 106653048 562659280 816999406 221761732 
299259628 672704131 365811931 783885524 274105046 471444930 675893339 2222831 832084807 967934251 133630977 911450693 471095797 965734689 92500036 232516619 188369593 556683595 884219648 791687674 
364193298 990914324 648649204 988961998 464173985 922970153 203289925 44800710 486108331 845105405 69507576 244397611 930789019 675617608 938219645 247593921 222416253 165788804 570198816 444969303 
316327555 53023854 595036309 454007870 93213316 211526540 81405557 54269897 161187960 679649698 62458811 869383122 813678590 775007291 218469190 130093877 657325014 13010214 524877403 140796499 
206988391 317251829 350730016 163642768 782357050 386516352 375333666 784609236 854812796 396687456 881362384 361214222 581418880 931167605 718631678 730705069 567680827 434808161 160518499 704796709 
227559879 855550986 136506651 972855664 35673569 73361179 63543844 12434827 155949419 653886597 190899942 334413557 814851050 4577527 379281060 367369267 124471561 92651114 189225996 970997326 
93010708 713294487 772631469 809955155 421442941 492234109 539967099 988602578 487405403 782084064 164179020 692994656 926371302 566372805 739329630 22145044 515370749 624400632 462879184 889684239 
170189728 851193734 579158564 65756653 97272438 395739715 182414276 706758484 838335048 618225478 281273978 993387630 690646148 127843432 19572725 165917030 241211323 156054984 631610956 13469164 
55759395 936680521 463581811 138390456 112235542 904762386 967039686 393217280 979784337 861684494 537705863 331334401 299362742 221122410 383148888 460893307 673486666 368799258 399800768 496006196 
48661815 103039316 16065964 501522292 569369612 336938771 780199403 561970311 982324601 881006485 30999984 47196479 13035219 45003741 893034261 771139951 471686037 278963250 452668819 83332465 
692750301 527214238 717926538 738535585 679869163 66088303 980671935 37246943 331102630 412315067 60416985 659970066 483936535 445038036 368753891 755870880 335268076 352781272 833556685 372676087 
902077942 941192228 157886442 26515463 562670764 13426650 750054771 563286212 932946853 855331683 439812611 545906344 528897569 50873575 972152346 754456368 911091329 849466072 66946202 768167259 
615678155 478057062 877643085 512878638 493643047 857828871 703926109 332368179 57573989 798266359 341201882 657228532 942039157 221148341 200669240 196763525 297474796 835604867 942594254 171308792 
961358726 43866854 561535832 625251814 825771166 97509165 731976054 632861677 55655352 803375331 940895019 248232492 388432888 56503642 806779230 979556809 809711784 18033452 923025500 491549291 
342341558 685627569 76946004 864028865 433245235 216203913 656320986 341953785 494627029 273906197 768203877 788345161 558985846 858207229 987593937 776573034 310450835 174257836 41506269 90661912 
934234574 542349519 374891695 601885587 121281133 22106073 487430987 300524065 628908760 360484483 390574880 883025290 185061407 637727557 277778299 978398363 317296754 811058910 486846480 782953892 
820612518 620464850 61158265 923456761 264779703 859346918 277309871 918055796 394288960 23153829 253392530 455265521 461840389 219401182 745014375 270954193 822893418 863488804 22382165 474347128 
758661881 561934669 81791719 619749328 191820512 740508915 643800717 448803779 760943 279685879 264715803 230002372 405192864 484996345 266459464 696137543 80837256 66191327 748021040 430965829 
878074342 74179159 488898259 369939385 385502620 524528463 744791444 381538597 817700400 535933048 51271099 815254542 395802698 909601993 434940659 425303675 431720250 543125244 338293452 334242682 
198680432 654301201 25577274 77708699 64157952 87583178 144607508 762768756 546142761 955393325 959017622 307361819 27431363 992082182 104184288 88317359 841490899 537067619 678314869 449241039 
40663549 526373142 676816061 100620321 347628044 80206391 277755523 486285005 437236844 131519135 135001975 83247359 468617391 208877421 341966509 110085993 848129547 185326213 66862620 169168062 
589051354 551190796 6346016 4006967 637947418 136516078 141570809 401117203 355478507 947049560 312756554 526452752 37373459 786513471 391204507 865898483 884744061 508547799 48533719 452500997 
277504438 128586012 270981070 754848146 602933103 975598156 175790004 647969132 502667006 227434 941241248 645491303 748514524 407555262 744296463 286402011 52401704 470838864 32748894 488296485 
137575203 833745008 27705938 128841510 742824370 731269425 370896533 814688451 667062239 871313385 722427183 510548323 558577240 620301235 446332690 723737204 8162030 154726893 99517840 401662182 
229518104 62764218 991487201 163748782 28384877 543293825 121530017 762370629 143667502 201920365 819940432 66798374 860937915 887119339 437649873 382442067 481414168 312378158 181854188 334993361 
40620656 382110382 590282444 310234664 275945875 82043813 898013313 50733283 473121391 852189073 148929407 765676310 768909723 819740853 51907870 454194643 888637904 440490135 992238616 200892084 
175580781 221066883 861127438 464031317 514385395 186541575 1153794 802889431 261846151 18562421 2260446 351638110 660063859 938851429 627218669 38189458 35730086 747239984 252383069 105294370 
481598767 268248182 896462019 450348349 176796102 805211545 641214359 562515479 336637507 117984063 305017779 130715754 24427811 882730196 124855512 323196658 844881931 495686150 330981673 368898544 
556001854 875202887 245293998 178884008 874908454 681336398 197856978 417962211 980838609 17559702 893947622 25492334 899730032 435087838 230247580 850255001 267211481 239357095 446230412 71416249 
983321349 131502778 914190514 470158502 875134099 930700191 190233838 971801150 914922564 893987623 883943299 743424224 225100925 149862371 166423705 741555953 343375817 433768874 277382076 562407771 
496100180 126429207 375325274 257972745 60275056 700422408 870370888 675667564 169851924 953020192 911892542 174165497 683335512 499951686 842061398 600551593 607398907 719330341 27596432 54736246 
324053469 997604010 277938514 905214182 814766725 17160840 329823201 280075128 409650076 483432376 230316777 121366584 798230896 623002097 7181563 788122417 825792882 948984628 704963849 247388149 
624977080 20620866 798733548 453500951 51096187 705316133 795437022 440015281 557175451 66283428 989625600 820499935 282318870 959613391 964674005 369772354 112477077 739295865 838276293 793172094 
807482847 580788664 33601434 355144380 345801316 519511910 563425800 66098216 606394803 528521635 306562078 423204468 762283012 120283985 478046422 30573907 11479982 766501526 944105610 443720960 
525186995 399621982 50068347 66668724 389068336 396272087 563805260 263297332 737629933 346980595 183872133 521202498 733640147 14876905 972848402 913581606 281818480 438788533 133498049 73742893 
268118389 397475220 784522951 450242346 248385848 624908168 857847612 409211631 29696563 165460442 921131930 529854421 849142403 463201426 860118338 966308666 780702570 534432769 453133304 101391357 
477670349 327214904 616910946 389056772 995484343 457150094 30133899 909598646 138594772 466840094 565049447 259490433 215807991 977334343 563931205 112514902 360366996 68645930 161815390 861593128 
258870599 70337582 896336975 79714161 255990347 611440769 167062934 241564332 58425091 990253453 399928343 11943131 878221686 631670407 629481882 784738052 789814219 273966053 563089227 68402348 
60761808 152754658 22984759 759689827 317224057 5217020 754144215 804533304 764809817 819128950 371839101 894893119 88714283 810367703 502818280 85293330 157181516 661871721 623818678 218154061 
279463998 843135932 708249579 357771537 800536359 675262496 324434287 485587586 924057679 213932590 552166030 497678921 428012454 656282176 128495478 947212051 977178171 50259700 853955773 162892560 
591410374 412199853 785306072 628671093 595066399 483464977 984040357 3420665 353406405 968913292 51414754 612955485 196116057 783045580 71625395 344018397 716495904 409793860 341275425 953284799 
595046276 564365993 360098709 1643980 462198675 452768888 271255905 807411154 989852798 997031277 899046967 655976735 580428315 141879565 162814640 719341065 169394788 643600926 899358918 599564136 
108664822 276355369 29091418 605991706 942829715 962994943 941533104 484530302 561029025 323823409 782854638 965236474 610109609 2051735 962137505 612551798 693975512 701964746 75903287 862495710 
759928449 45828009 388146054 993893284 935334297 765137880 24831554 212687931 961280057 235906364 418627724 407805597 297389088 12358785 525263199 987914950 47132205 1061523 937792032 831698486 
806050026 369219369 141293848 909380211 166111998 961691446 649063408 59087749 118768054 952990582 853135930 24077945 155296644 302608104 430675944 423899103 248937086 354770253 54603730 838867531 
288480990 889850285 248587830 344640727 183546242 70051026 971686704 938715552 640091754 46779339 364428613 901092421 312745788 36263531 666860510 636864619 70383043 48018887 396061124 599932987 
416437867 218047165 155604905 961751778 654478023 41344104 525430431 877392656 872059916 741521068 623424159 569955706 300578196 476887216 559060228 865044312 641568604 577260382 263165709 175271144 
400099461 716404709 62454879 745201641 626805206 124040760 851611008 535594529 593463353 543083405 641460828 811087831 582410042 193738974 367750340 439678553 53377930 220445035 708025067 527823480 
323868034 73650485 642853351 62300935 462814105 626453382 983109686 813624159 935423214 504334693 54306869 25088478 461767617 166461473 335897260 953206372 609415161 273926095 798427454 456784085 
395329950 276322755 212865273 879247257 148996960 966074138 115932364 53743135 677700879 187723568 477286410 232848213 955217441 30973481 408522988 509237298 777252911 283646829 616848141 645387821 
865833336 130162725 87196140 205045187 424511325 85257664 952025966 503887093 732424419 362191984 73140825 788272583 820199732 533330348 622444762 454120642 259238431 12220078 710849279 863074163 
474314387 901555960 942539070 313367273 285207848 833703624 828580589 419662395 709071510 4260263 167016648 278521088 770475067 346083552 20017006 968938966 424665753 625773056 67416548 62052571 
930827222 877430107 926051344 307499575 528049723 66225286 697802047 796144785 445381301 412754143 778959520 168556437 846241623 636013057 528900550 553393780 664728022 168645712 126704426 986877539 
260530700 880940915 877145255 168162586 450137206 432708821 819493884 959840087 61646006 330587683 670499150 527277913 602796049 697734096 775440803 476210022 863096817 9638804 877267304 481385542 
776658021 869678825 557154028 102994885 587632284 349438349 345728226 200020788 686586734 328032259 284685539 719813097 45915602 248157714 232880618 232465338 242397545 207635780 843608790 431546246 
545496306 426488680 917914860 567981485 757001428 311695632 797933138 71646867 485285272 340492308 64071828 770115873 785446508 319631885 819276580 114889027 103265185 463419099 965492179 111003243 
554221869 995124000 599976793 811672077 914703658 272299714 551461842 926567969 23575124 25283437 60874557 174676900 401988240 529699599 576835583 161024279 791550304 744826458 559326558 555620606 
738864751 196862789 617471495 238499938 540848140 459316108 728640137 189592912 334675366 862556971 276455384 607208792 9681492 242683623 906951115 845192207 411047761 435319493 392244638 21139853 
978529912 776892561 50433136 442996976 841133261 793331288 26883525 969492183 641502452 338300142 162437638 705472488 283812279 402855529 517885181 146843466 649048195 300899492 60778585 849184043 
612932588 894730174 359984 398875964 103620133 975328408 502995833 939932976 609063816 756122458 514701 118836032 987092244 669431279 780862895 953384106 388604650 833574532 956254593 898325550 
778641104 117628429 246937482 909205647 464344750 172110528 128145591 144986904 105471764 467244695 973672407 7095828 805928369 444474835 21761053 880581461 729113565 191915380 296225699 678501039 
973994256 716759490 930295266 64034938 311309673 594238663 610113083 885828627 254512168 803540178 674274928 536802906 64284212 571402997 915478827 19626036 15903893 328765832 423404662 419494156 
589914876 46115492 172723265 106495308 244634167 8941225 913325280 762629349 940327613 797061818 657868170 180488652 434161448 336004923 356772571 311875193 899520181 905635417 580405586 32738408 
38303686 319484546 21923795 12812956 43956833 577651944 660281895 345662490 56312494 86461443 768283512 620172903 24093564 507591180 42404054 285356050 944392381 319882115 714113973 365887275 
403780102 863497642 348423276 102244295 602291472 169684231 60298422 780542591 941850682 347476966 123464246 568902382 949957892 608162004 150575340 762981942 652718741 625065254 657839552 891279740 
545650742 269302640 65947902 933718120 87902165 16655886 56291545 990487462 88789124 951733663 994972639 548044647 396716279 74483588 812893067 563360225 406739465 236670053 59895480 851368394 
239089975 347956909 281543718 290108641 441504547 212119817 55649527 918709862 214869522 665380077 474048310 895110557 605252719 90896655 675653707 11594830 850474822 194449386 677867399 59727176 
766875850 639825468 717742238 556227290 585653968 797782409 811810343 72734041 386489681 18914966 63929373 442571165 202623212 724541422 486335075 448432003 796729698 358145120 812990264 993810540 
812952600 113446271 211626439 208336316 44269207 375414305 577918106 36986715 770414864 53205216 457994273 162636345 162238673 879421084 454958384 174448323 100223697 569236728 716402558 897376111 
543573546 609066200 166854695 9289525 633206426 758005993 706351147 760750098 541339393 662494233 268843757 42463623 771300325 70338586 510245045 292603673 55987696 336397284 135475502 659635919 
990729329 215720497 707403240 210925496 290187224 481478655 242302167 797317218 754525243 682736401 360977106 472507747 343299028 415367277 152665621 543385556 794708351 265816799 373315776 407053264 
885377856 204503413 799222614 574938874 24939707 798189057 398913343 816883 374028730 798081946 323543366 69715945 45387946 768036124 52487195 726672133 481725728 941228963 652276434 61363447 
604480077 821640468 116761442 66862197 861439373 530498196 115685671 352514232 487917789 676200207 529450849 178026492 354551135 747879858 23946163 722701826 119428569 327743601 517269669 568162958 
346251572 973977219 506644514 64485352 210172 185531105 877620730 621521248 604778471 71385801 646787681 434872771 390380615 132420674 891804783 110393830 489560727 436378766 762655902 428603172 
50543604 732880569 606480207 327336407 158936223 298250770 394557253 1321952 989761151 145871020 968032295 263973 704488350 614544861 586221827 604081168 387508392 701598912 735520454 417681417 
65847150 214429363 798371525 628149253 315664746 445854169 909818167 949089014 303403569 151914393 116044728 152983637 357018114 790342429 572916680 571926176 971690047 619257813 604453194 384181718 
960335342 204374001 243421446 530616828 645570616 7133930 2393894 491061660 353637098 791684089 936851902 100375617 653748983 407777438 68934461 962060541 46883060 908445467 5108988 18169058 
842017691 232865015 31734198 517616013 671275593 666084732 934193166 91753366 781631360 790302777 957824260 539601185 41675620 991876992 593606273 89313361 976926274 51379944 577562064 910300623 
429316869 541729229 108007970 191910727 852271552 997487052 104721161 146812395 861149735 129779016 696355581 431860975 35513876 698103271 453151194 903897099 794039304 714592021 585080672 751277564 
261949856 427609216 148100530 444506882 626556452 312666266 510807000 62535524 895288573 808074010 828966973 437831144 683649080 574629755 633461554 677575260 453808904 794418044 941412713 650788880 
277597250 477486494 670479994 925653080 343736544 31370153 166012770 156205327 64806526 753396008 31044863 656714511 622788065 757997033 626824853 688242874 728948075 802817150 97741900 301464693 
134376360 106752190 582652335 334057255 649011652 976328260 65765422 7493309 936881681 220124910 5751196 110486698 647081606 561185119 298578612 469800032 921697083 172529534 338515341 877195737 
205226223 63108342 314307625 598683665 389720962 323947956 13783787 249458568 745332859 266681452 69514010 120231108 38373763 306618643 276882789 248688333 394604263 222203750 789458007 88075695 
21799450 233016674 328216294 994257147 562477106 601121226 488766186 794457671 85234790 830091941 603527069 837537706 705757846 608809917 866560032 830949953 772891075 352314657 760520182 791174316 
610573970 266625444 302447495 443757969 341065166 84426075 886777503 368484888 526546659 545780771 357157612 594183278 260890212 180873241 560254083 938629699 227156101 280555552 538462812 945410891 
59526049 873723486 57290961 492304321 217918134 597436095 582671395 72179422 297971685 459255153 486787829 218396007 796651251 754320742 588898511 586273821 239118282 801199830 703215773 343123530 
40231159 422307258 79529773 361963579 448205357 23826513 662015413 264406464 381443778 893476255 282008650 505331886 83255341 859085802 480224362 833455966 153092238 920260411 43441010 497062699 
175039782 797945827 570387753 194111223 164718811 71071987 956120628 398796199 540026549 59885250 701349535 359299235 615486564 13354346 730483803 987301463 988556471 32501580 132359610 903149748 
155003430 51157896 90631157 667489199 385044809 805117063 968471974 168647617 312036191 858025586 64729422 975293542 3477704 984577463 778557392 770743966 260400011 316034442 970010357 269393775 
440588753 295315041 245767142 66754145 174127208 789001335 399459765 308100097 676093250 91401802 80611284 29933661 288160243 968645405 872379547 16376206 354606646 193802615 81291207 563515947 
34148967 228165026 304687350 611332047 993395211 98453549 341581356 390154652 20444739 904090731 733318737 49149622 748101726 184176370 311653297 725925062 395850821 914265116 934108795 993953401 
989238028 773174921 5629762 423504383 984253800 334433692 850932095 592445324 69502513 117789689 136052236 325683163 42999016 458937869 656362922 195863206 596756525 977088646 100504445 178509103 
763983941 713301719 885749643 126001339 659462554 13752757 263498048 912845073 276148026 936445341 423870957 882764543 722206039 813183307 18429763 483738325 836191173 440820804 934403550 57344744 
915998847 59030862 765721525 447109649 676164130 294068466 551447211 58116650 23605872 552302593 359385857 725053081 504955087 232324620 456181216 351064765 982033607 608247787 2842580 814078082 
421171336 941615671 716364619 496676563 279645025 632948687 465152795 992860194 47377482 971034711 420246777 602685666 975234140 36431540 68166658 309093901 811686227 88041362 33917750 762186655 
22630418 587802590 885430266 10257176 713549600 486605644 84382866 38568447 912613668 107494098 43416234 79464538 900054893 478798635 974837206 894785334 603319405 117203798 534164998 124286757 
431781432 73302803 216478225 737365691 710596873 605686125 671185461 903596304 711711165 732130091 456522384 640879681 503640150 162990430 908987815 544489455 250921594 891092950 946781920 113435582 
184856050 409371564 60136711 44905942 171434795 707776954 899325133 451750247 25857975 761113886 722471749 883191070 45390030 425749947 694325349 580846001 124216774 712023736 823607691 538271833 
177027743 433237247 940458997 409350481 218833530 43263422 197295944 459051611 662759964 323749099 461824010 963505468 143043183 727487417 717859368 133684795 451961601 103864099 726915952 226667175 
336209028 301895273 67542551 369215310 702303052 327500173 614386486 789671686 828819924 911138774 82967877 205015336 618955577 82734669 841986727 321298448 302790078 155272771 128090141 267855774 
810251590 347038666 879678288 292475832 520828381 812270647 768787788 758857414 200238640 900584614 157646080 741711924 18094608 234844278 64594366 513889012 458343666 460222409 347823554 409562105 
678954098 148129285 766570660 358932669 764639948 34910294 129585636 93633980 354924898 341701673 468706151 23293175 91503417 912666035 692564979 635767922 515010427 951037544 651153845 421057718 
559207414 499575684 502246588 908496720 13180827 444595333 749275515 564239696 53902593 45787566 802718539 96865739 213701856 52497031 359931623 918242393 951593111 107426905 382463214 55586710 
511573158 680130738 449428581 314609574 589026100 361772006 3267890 770788523 932984457 894217099 266465954 380624205 63001492 60488956 387077604 175455546 499688552 278895575 697632907 304378786 
766061240 688578687 202815248 46737849 508803679 643180187 106744654 190501179 980702170 654670741 495390468 771349216 372117194 786783517 911236695 120618220 627184759 793642915 525068877 11700641 
971549256 929125600 52988755 287331786 701779020 206219854 49128376 675360562 498259893 696219563 943591983 55075627 113952087 687785338 529871953 689034504 31323180 328389506 713685273 241444003 
115737557 420398925 973767527 573629656 72990479 814803626 10706045 30466567 140973634 549452331 213300869 357202070 364358135 806192040 985906953 327875437 86893916 24532153 262242680 782969465 
338110658 46037312 985913768 674117930 448463903 724945375 7665231 222291188 704250252 200706682 203123593 452402129 305102792 832837822 712463701 177550013 287284404 380349081 736266776 96676921 
675983318 654613693 781344024 47648458 455693526 812765473 282325250 151964535 359532035 985472385 189700709 483570766 960939727 134040025 860213813 334824159 362438222 22060781 617887817 301199039 
71868860 815924421 355542493 741626886 812568308 635744554 216813584 910649809 77625081 710305322 170883687 908560578 19724401 524140697 184465736 7963003 979175973 699209357 66602111 21758758 
53826946 180348385 605313470 299340273 623943964 534467252 65285910 968756618 59214630 183481831 584381823 47007654 208327675 45464482 267152213 490384001 365213848 183603664 529137367 342323028 
117169439 347088542 229114026 371025120 791529301 109737728 136013396 626116075 57960741 752905516 550575298 434315197 86162203 303976220 672262851 215632034 268789482 58277136 784327563 749266540 
279151078 582074379 815163697 963380462 578738059 592504914 644595505 690666626 374457332 367655920 7351531 873785476 542219877 517616948 141406241 147123669 778908610 973738288 738770813 679448921 
646828309 724217404 788471049 729046649 215408140 368589426 90749109 754589089 300156792 49771055 368517845 534076099 151943631 825732761 607620768 175176659 111520683 328401939 584049842 723806025 
641022025 468545738 767518090 74431139 952257035 838048556 748706829 289247456 453711094 920494187 484892674 555964677 868901173 900559615 69281940 480165019 435234196 997050657 171437779 827856431 
586035718 393485137 2875441 644020177 417851936 60895953 869933323 410730902 419368859 882722855 792223511 507987991 428809430 303870367 93778934 345508592 409808721 387752390 207525805 313031489 
824672819 438662641 550871843 106713647 457767109 34018483 442000035 948107108 278051061 127851627 614463581 957609867 457364948 588325300 33378020 863111894 206539289 118373875 899488690 715828088 
430637723 126823885 365293984 498351147 612350171 228048814 102163310 330219179 661839224 930468419 432682561 270834232 216224440 553657088 502572064 793473560 757741318 332967067 197406326 708840467 
886767470 531338639 583008403 55363318 855745059 443395738 722133547 438509840 258363642 144605504 530627029 673205944 684311532 763948614 9936781 613081285 455545752 58612791 224395059 282262292 
770909118 471725538 654494474 751999750 710745541 680458458 442809913 319778303 428768055 700584949 310652749 24623079 719921215 146036173 851014325 790874542 38471218 380218178 418729285 227936193 
776730115 896757238 134543028 402358422 108745421 665420496 969813023 233476901 832926797 149981306 428921475 992224620 336466277 775263715 640100678 735210218 632666779 770738366 12913838 147405604 
815064216 274949120 146360425 466122788 920552105 668483174 581630468 3638516 20951361 283492589 232522612 552225832 354414709 447427928 619285904 559699538 316632702 387065005 730405524 351596684 
10084922 319718840 147499168 566452978 568587693 920517511 693691447 809711396 990724217 239510508 162982593 127438536 576606825 953939454 679648521 299010566 22695402 37204121 548733375 136953354 
134124176 574707929 736114679 121650054 268597135 627493027 208632232 191014189 236295744 23252251 535375407 348640825 782541985 922244400 422415561 869275878 68444115 523546636 582405916 29748468 
109217439 112221092 685274031 647913002 59401194 877388591 201363565 171403982 16574789 24333733 989345062 328858157 245913952 64756808 891313678 330818329 185795217 583424280 884307517 28213861 
406784337 976926046 17689133 142926188 493273791 701315106 685296191 6974600 893296412 811334836 610368822 905591195 70722637 877461799 533365433 486071946 918091868 869467345 760464854 269801404 
660995063 489322189 529792890 27721374 761033968 248968313 196946170 963711011 309545147 74012663 870088333 39863100 830129907 272258737 420909520 189493093 16679893 11415502 904719424 917685017 
721699524 326265534 544752067 494930520 273313988 339584436 346927904 29951272 428453630 143848486 647667842 244076048 875949378 134008142 480742394 66179231 473633920 13699755 836144122 193712099 
306266446 166688386 249306 882375922 971574886 536963671 304359510 406560101 537816868 817528181 512310798 633881048 688167436 295191403 689713157 385322091 651952962 60955275 228679715 204441412 
396224273 598313581 838255539 280824587 193750117 42644074 542426598 119158125 862234448 627787810 160217678 27815832 379462537 771335671 793501539 678724806 833249000 716204431 911667457 175491243 
11783146 252846678 550390504 21745156 392115253 334335994 812423995 629222677 604779273 68841708 818259202 323705375 18071507 372793574 696750761 29887468 831080608 838125408 951736446 96481865 
720952481 54842906 352298806 560364678 195716780 958863253 936668776 9924600 954103739 291933594 802025233 488148599 621781355 282484657 450649615 182193376 45408380 596842922 143234726 742136213 
66787161 625343000 70966526 238859000 101488774 291426514 124563618 751570419 172802355 458911088 335032066 520359028 454501298 788372948 911148531 728122345 33833463 412662942 800945706 69145544 
262428702 356831158 145319364 726027273 247641826 186988230 181568193 60515241 94678567 698902974 596899204 776519467 583567216 834979662 773858133 337872655 917016681 641528687 633766112 23727712 
435598687 601572827 3077299 302336300 6335426 565627024 798706115 776426242 407710891 426624593 220672488 439158134 371015505 392849701 722032732 807181986 225186706 857762006 248611904 682063778 
902786160 793561459 329894679 247909143 18160271 37202383 882266953 471862181 50759357 99754495 53814945 29477492 78105699 278409696 729683152 40119730 628417557 881770383 587441640 489322257 
673504775 684074479 640785634 165714499 208219284 418894630 554568216 113075073 355270330 501675808 620326347 916499976 919906969 497074699 183298719 282503833 763340792 331199193 37554201 30553591 
994548416 27227586 743965992 418561903 243232127 112218815 604387994 566312777 267615206 547793935 313068962 187645271 422235467 331517110 821883480 978970478 312958760 990693114 349699641 709310438 
975404954 10003172 728337059 942156829 282343395 38051012 461137754 395807474 833177320 58209198 263494918 786053962 260778932 174311414 684736434 454929039 463290355 189008312 401002831 482034476 
326918776 60749650 548090927 729117459 931115448 125987816 61386123 850936375 687363660 55131614 277215229 903543058 812703091 811003235 541222406 475879199 737059725 953705185 930649226 640342369 
623988385 243645837 278703439 131567835 267475160 828387805 238827905 786565398 807545600 57931788 356516913 770915998 674252554 152423064 254381265 287122821 792920716 287700164 341084602 438058974 
796643648 88961303 45644453 613925955 204775299 574625755 564382518 845173840 272907479 402349471 822183278 531612454 70800994 302424502 110433332 65727464 748290412 666111158 381490644 526391362 
808277477 878673657 171032191 881391326 640587997 397184799 4508359 793125357 211121929 499947658 958497317 933639588 642895685 263805409 672123251 295630523 26184972 729097102 766395762 693111023 
636719874 72226368 976686406 122008961 719172971 186380649 398388469 749945270 900056241 50328000 477313003 397923669 534718434 52805569 81537913 798748972 93816623 604204585 907862353 420607372 
1410670 983009403 674222604 846575816 765071257 61649277 942401445 940518841 614509902 18207163 578854907 273553981 891188557 116413955 624508754 908723 356582140 384073191 171479762 114411393 
456360422 652425791 427639559 587824527 592955447 887626660 861877856 46953160 512426306 121196789 315655088 27159968 140830716 346437078 933098672 296427146 91591038 348647724 950802554 856245886 
696829831 943825827 45901326 377089400 635663096 151135784 606596819 220670203 528750166 847304815 69411084 619049610 761550923 838762350 670833255 745803310 53943844 784741344 601557618 532316404 
690599509 980377796 411149603 9213802 522359538 957895131 495756623 15072297 235115572 833245741 330391348 36527687 610755321 102357636 520119024 183707618 6478659 329535472 153300744 296895641 
96798392 990925377 194933474 42956817 475506464 284203664 34595147 60343411 371020011 903899575 74388209 856088813 34772392 381978324 693106922 998031405 200228496 353226186 807165739 969287401 
123999993 385142208 324763410 857363033 157042403 71137183 49062365 484028091 750599534 267738265 105599793 282009038 606415714 766770334 113910676 695127383 942509478 349873381 30931699 102145440 
766101449 794156648 591166237 927995892 333860476 358214759 123335237 319714596 988439062 900127460 627858820 820786182 297228559 633773350 566885204 242302960 747141765 441236534 136474135 458106689 
856811706 118887781 767553166 765288920 918789012 663398597 4623970 505620379 822504220 786200491 561285791 210687730 696035839 541487923 778186292 196602698 71585808 256801468 348177525 903938962 
942945476 134474344 329063320 687339713 756898229 524302749 152868667 718406734 34260256 719792519 750801628 896562870 93285 572949395 832623712 725450233 432057998 632678390 280219277 860748830 
385965762 806726692 990278544 35646890 230055630 768821593 872437624 794615853 114117028 37935890 329540280 924219574 804040155 423898518 818828457 151587418 968218667 612457575 863262214 56376497 
503557618 648904913 249994094 979386969 237737907 709292132 604936166 751771505 154958737 89361265 196165460 537755678 440322008 161913743 145512709 611000073 49712500 488325657 574054952 23018463 
866167417 970389165 639926352 164405713 775128218 378017198 320865270 406863378 933286833 917143235 720435957 858801755 882080829 582992726 750113548 423456618 321944031 144074007 925437024 896676734 
559339996 59090038 316668919 239836 182404511 212819756 612802110 739240014 73243955 322928307 119994756 14615456 48144845 19560136 241242237 19172385 522793025 217076721 817030336 37529894 
117345160 920312305 431065416 896384651 433698625 339554902 609043703 556278569 313516588 104180459 26232077 675768162 506454192 32179269 744415159 21932953 419575638 709873724 146138748 531465914 
906704203 358539367 284068045 217906350 212279010 526206119 779798141 272499944 250472464 698046878 531001925 10395868 669974255 640870194 165102656 624198274 32941628 273075983 869137517 21021399 
885645273 205835043 669259057 141404252 468150091 807681056 47056337 990903701 348666941 866617341 257529085 711325579 622836987 144279669 229587777 618146891 152752375 454035847 143693202 171546981 
698360648 967464949 370829255 134625902 982641958 634544069 629223196 35991421 17453168 201054915 961987760 145191859 27148838 602083068 163844104 956670892 379389167 953228612 248400266 761680910 
777008020 433545137 848448771 391608323 825908099 839931934 730397730 663836598 274245453 149040810 54735098 574002904 996251944 708657206 707707013 454282015 59200877 920239338 919604508 434086593 
187989276 477910704 856205567 645569277 558733396 909213624 349243603 28296849 712118491 345094387 67061279 720544838 901463196 771649688 209678798 295863649 511440931 920842401 949679792 340231215 
444682530 569662798 322079736 726993538 810696944 141771682 302233535 552003629 359659269 979941345 669245824 889452938 882193280 921175065 58913946 702307829 469184929 206530198 455807699 940260943 
327524943 545644651 604001999 718578556 455653011 557618160 390145692 610753765 285489691 472953663 587535913 169637623 70532535 65437364 671013322 414532002 345035233 23942007 599345334 547350235 
40554796 832522731 47968137 707858714 827112156 811590715 459649730 32186844 431725903 257739990 250675526 750286882 771199116 432874734 351442652 69977840 783859899 78865147 754437807 986053584 
217221292 119161142 954729935 137213261 940710991 441924639 63376815 32983415 339624761 575316216 359640745 22928486 412590886 35466310 836254326 881362607 360356465 42154071 642854582 38276080 
582691486 142212024 38037358 47620426 904426193 495507387 485843333 773407715 546028116 159463160 130190662 534617953 912788245 20937671 677654753 765265009 465230885 199786186 992762602 213577540 
997870650 405511522 29811927 172072463 630746158 528701493 58295686 791230347 356456830 888275375 501576630 210895220 521464012 549911677 658741386 805742347 125280350 685214227 573100554 71012243 
12665500 13019431 29509025 55559383 293873814 574620724 68731550 965405091 583904380 221835256 500053176 429899847 912581667 808483318 291382915 577454359 84601735 946898677 341824508 355713261 
79347523 172786048 541216003 32122789 384378651 560109668 269461467 619230880 516272243 416943413 715932587 808738627 66664660 463737544 353770240 582658421 40274031 20757433 749053514 185936420 
627801234 929626344 155995738 390465984 287195701 393783285 668397291 284826301 923803760 159756744 11168021 29884438 403460865 322124043 730318299 66053060 844657866 862902445 784885919 538721612 
401766993 716206689 480301481 379725872 752073790 725159196 467628196 918538872 221221345 827638683 36374303 559794994 464780202 60343003 71801616 416209135 935714222 455399582 919599438 26165313 
466111017 870453741 544819220 805671492 592796663 80046481 500541824 566450963 964796697 537560729 361623064 79784015 790435126 997853911 44455746 707108763 955329560 547746146 272427468 100558114 
369093675 86539541 550096995 461607439 499554561 182990607 593448476 291044116 914157008 676625714 342409455 768181988 861071346 950444196 191706166 990729401 448012645 874681425 894174001 327414479 
344341321 274049894 914328453 368583911 6772836 139978711 895217593 31374021 871409569 218749146 206498232 1472177 553025165 492276074 606121299 950469627 600048601 108494534 909335228 335838576 
962718171 203933423 918749451 172590053 500152588 955422509 656781500 503211188 306817675 376175243 269164079 600985658 193237657 225480790 599675943 920690774 133159707 778623650 140670540 351121133 
234065435 562371781 171283369 581450856 305360967 58903001 902826286 401139252 97266545 258310975 442790959 334572865 211093773 868132631 872264931 430902404 459259062 904294089 37912806 871931766 
45498024 12623231 741541304 30300306 111031881 8076968 258579260 714786779 567735449 718107767 492373562 980578643 387514053 792254050 605113054 643019653 769075354 256466851 603492150 946290172 
8339208 517238202 303140279 608180169 473416360 741953257 37296056 52082178 203567664 279011511 962897910 941400637 848913664 675331694 669222158 18329880 233993625 848658333 195130374 340150454 
171719712 447055510 979466949 697055032 67131614 658759409 335622807 297310536 402738885 323726343 481897130 960745618 511487457 232925048 64772754 940608072 879283691 582430630 932521161 229332381 
808917179 172254775 606791977 92981835 596862159 571268759 20785008 55525134 161570761 215932019 176533957 922947623 490768623 991011392 93941548 962328026 390773674 449204146 874884628 267873009 
349325832 808013893 775063242 429794102 627353402 363846072 610455043 578982396 21504534 609811084 171022167 545357975 666840981 65976457 674613184 392312031 625165654 591707962 375306271 622077874 
30065690 410525292 506914743 905071471 386134598 691083443 86130352 553738875 244811365 987791845 52355220 741336512 141181347 721595805 109350615 949353257 685185619 257748410 591797064 381058087 
251065961 507388125 271542944 46009391 853112320 54579437 262473468 147013434 734678486 17293719 627655258 285659204 512668107 50417351 953477406 338880461 329600870 572816177 521897104 932999771 
898095184 414355147 227323227 293701365 921181399 687334736 869264911 357260714 552908396 873041086 44447136 667670024 160678437 495408088 70048229 461344166 832973628 467298469 77179419 349046426 
189236622 813074159 209457504 373743107 671971356 135902917 746539321 887427713 256227214 51059450 430316556 877451960 12161194 626806691 453982117 185404369 74253027 791206045 607293364 249434105 
635235013 483762181 388157518 149089504 29310088 257131709 785080424 837245498 608554631 475789550 288519264 379742273 937178046 112275585 163033204 603239986 107357774 509763493 727079752 455653580 
637796862 151325004 450928740 775098580 852414135 838688173 21390003 66220435 890821383 582265028 634298118 611227478 800024223 48353485 811359887 219893229 370760917 12870861 329955686 756287277 
718806819 560249609 529525000 157286767 94822310 953622413 993815251 154172942 28969888 175739559 125416075 706611180 335660534 288593769 686583000 477022702 157708723 800461354 978473414 122779003 
755682435 146585349 650348355 891107586 378280249 63801431 737285028 664094321 541219401 519562567 74080289 338094526 92052559 739584055 970050388 136851298 684216454 470373715 522800063 890837721 
36222802 897669387 856269379 619015459 895343287 414537360 703077545 371227462 270538975 799409753 542304284 4789450 811810456 106964129 892400557 588347 311701971 188280806 201646798 728851371 
131673126 923744107 925536216 239015726 341050699 495810999 169385605 236523356 895487391 627479316 329162358 919581138 265418916 681081873 2538927 782079408 104388479 19535872 603261718 308763165 
924656507 586027898 761776375 972754111 591583364 549442262 62312322 609361987 6725548 71561396 850657100 198111963 419367339 908741753 34325451 578643131 394189143 921512137 444835290 911507099 
529456688 705681935 381480507 32778296 316006103 215942394 552622095 174616276 582062993 976448764 28463966 677665713 243052744 447632077 3233686 528964250 164135306 24797925 318064133 555298906 
178491912 370029575 572513375 466452802 72641047 694769074 455948090 939583399 790321076 424996525 355722388 7903841 997476729 522480516 111347275 405152590 324286761 729103621 663094435 459515342 
115975722 779069122 4214979 255243588 106864645 134552978 89110330 9190298 135618791 540063249 512508532 360607678 384530467 658023195 15215940 244210719 142017710 40617044 414147942 367654193 
457899937 98813092 71835121 975618030 28317370 432294068 561181160 906332242 963450588 763047282 101226156 615589854 251684491 377509522 96378502 503208982 786632818 9702665 610421538 984296706 
575200733 797109653 807137294 10544049 417169726 744646449 61695296 925929650 520704171 13748642 816974222 593011353 11309149 498754541 300012851 738069633 954387764 252719837 88800336 640875652 
222349104 470884225 244851049 158376516 924183541 260296108 558733284 198968677 942334287 670759540 319403662 646179856 16916393 806415028 902052373 27316594 681188505 53209481 437172111 148171835 
262767953 523982553 961912562 661439776 299960620 569951688 136269209 748674393 581678118 338144065 810266822 399369508 921622883 542514291 861173786 213975616 457772455 379264337 881711134 804202099 
844378589 483983120 728128702 716600836 451054993 117067437 35998664 396246593 46299508 389337957 28120946 379223035 108567007 642260283 683270354 155644421 17312072 868131701 287410788 925552569 
246141649 506163999 9755271 435578738 51879094 57372039 106737151 298054931 935060194 149296831 94255733 22574207 226550106 198112287 664199410 308381727 562712271 962525888 903778408 565800799 
838076177 253562370 480753706 329354545 261539222 51973639 352242287 268893832 12742646 338458165 923324114 650068190 822243443 37325752 877036757 466380975 207298667 779066365 970069593 462940156 
680313572 595938104 983521831 389473481 433065736 100397792 565978731 145170335 345492134 744460334 747680564 521300491 5338284 528859809 757009653 319434013 388169652 47045245 876877575 583794665 
825138294 610367303 603233829 914214410 500110414 896808522 696351470 745508378 676934591 713290006 533972071 224200763 702334191 60230652 431002230 682273937 123836967 16831634 334909544 413563334 
405547092 622587958 266051436 784921477 871903625 562944643 355715350 133474559 691961723 310768605 480920028 146197353 460172804 629022699 570735516 25515132 154305953 217740311 509888533 989936883 
984770036 549942800 713165673 708100880 399163458 641559113 150175394 215236888 643178997 8237688 409256489 763270099 812076828 145996824 769589328 268210445 311094502 240484071 386162634 92311064 
839367723 65112935 72386094 686257735 455042019 950184289 458861176 49738100 122506156 40601181 823146375 379591291 193300040 442168365 738066080 356369852 779602973 680965985 243694057 986961821 
650970548 51504591 690495215 307309318 23651899 474436884 884687137 567183332 799479299 58464524 347178066 55486885 35646721 914395741 22535995 175986115 811842898 518950122 437464567 368149042 
205401520 493448800 530896006 778865648 49521661 6157485 375746890 295206270 168017857 130286723 277454733 164160864 417784995 358451161 543148537 842874016 256955634 83254378 848268573 593386824 
57596960 748900917 274442735 117278955 942049602 84130300 165644357 345603869 995817873 964821957 139577691 899064823 740668139 546467163 138537552 294041236 689704531 468730062 5895848 40114070 
646820461 551854831 354273997 819142562 750984707 679571925 942433927 409109983 46121601 132166491 360533894 868963963 637546109 812192672 740459488 288291111 767313962 403370885 872971403 240830358 
10754015 159221554 808730595 25506817 455320223 478577809 688325672 789512102 639587464 372433362 242934268 717324613 540474209 823731173 40015593 118717346 847401234 228343043 179165145 803308549 
307566122 170359590 732115868 305526973 259865691 57607820 707102053 813762456 176169210 20246584 905017165 518112365 316725120 805359729 6001870 660426643 760775692 107410754 538275147 371461223 
35472862 943988984 543704708 768698313 857584093 360798374 511205153 61419168 440655122 902775460 302203183 64681042 800159531 283710731 589407389 498960716 402945273 55907386 746971583 404062592 
445860594 539140438 633041868 223234786 70203311 774592707 895978336 264164330 384015984 861028524 730607867 904348181 624292244 725976960 599947135 246560868 996420898 188535409 259931830 37006811 
875028802 842603511 676169162 65885187 443829443 21406283 169430475 360942954 934676375 465200621 895618093 453735454 169131347 259274782 965029191 12644405 582023088 622680423 116958933 826924616 
736491789 409577489 697014902 494388722 394831594 945217194 715720751 813998166 891847790 795632262 462721255 743812758 810466530 872096316 128764137 767123549 918371892 543130661 245930597 413616726 
112354166 859792608 651900911 746761395 623161180 935929297 124788478 5802407 8689344 368528285 984459886 656329708 545184546 181185711 406074623 7765309 20378913 144158647 658295763 375983325 
17567490 61807141 685535476 648848911 517476147 204828339 171994572 970888860 145568445 324328409 57750954 642270544 26851283 50575957 51468357 530299005 400758861 641833901 94110769 859188343 
734778401 567863461 984062315 744307222 147704815 68882376 363121619 545393975 710880120 623363046 731698604 595536699 229532705 396741264 32782876 601409926 803485556 738613916 707303348 788411393 
878989727 524618407 152177374 495403929 856388595 380129166 740532336 662103230 779136870 134089460 170416161 544812517 841297682 165784000 285619981 472188422 418615989 200659612 536767028 977001247 
992106799 925344887 703199480 451340463 78568198 904889603 66881442 989498939 865260773 613383992 25504223 943109581 42009111 693187024 992757053 33770095 547866386 885771720 607290286 389201589 
351038440 706618597 188044813 792830769 791733972 791824429 669615763 831999229 621819570 620476010 358636384 407014453 2084229 129473194 876792057 532673145 497912564 925735618 890614981 590489967 
436455110 653243846 175556495 548002110 161835882 915976850 56512520 626859797 504242290 839851589 224277825 569414562 393643282 969005761 518191413 649093532 588249765 317373740 158419773 131230778 
558104360 533544050 871017114 699893177 334993341 74887103 21534958 891958745 885771050 410983690 73391299 866095200 861383768 71800710 522015748 326474646 460322004 742141487 801724031 339035848 
593506129 127035972 700885097 449867974 573600292 67722694 995163353 769949285 769698247 371900925 532514891 435618045 565015383 831137268 431891231 37383402 206210837 688237816 362511384 46587919 
103297768 923032861 863656670 593655888 799958234 767032761 966259324 465254933 394315159 257623527 780977122 690620106 146563825 242522885 462131300 888251232 20441695 907288374 916413498 201215692 
264565625 974278625 888045822 52816006 443406973 793998384 83513393 57288460 213396173 738466706 819643830 45407836 769857903 266136634 679823956 161142399 522686348 878608798 872875577 614117881 
33047793 85318392 231293810 593323097 105048721 72833479 617439348 57948336 548300033 486723664 116314774 673015825 685446907 532750359 858044565 50216981 530889692 239560807 331283727 166189403 
492851750 303187151 547784968 404020736 672962046 2694049 698386023 493445163 836963246 157154421 143340154 959692932 58104355 311168676 1982573 569222327 873739634 886640590 665537496 964230646 
213064012 636805717 39770927 157425525 960762765 139996127 612299344 656434412 628252339 596050904 69973241 5466392 644025438 72331757 387914062 252038202 284524501 84507795 485304919 904694422 
939653249 39094141 289659519 78045941 312192111 484295210 103507478 603704612 173044434 647685718 642106832 706674803 828833407 503973507 521089349 384600631 555722864 351710329 857583983 942404680 
74893889 607324099 878789423 902560643 803252407 199044142 644090312 103339593 613183028 1892429 143233378 172362495 564311364 48430073 139534728 303224460 554115859 690706122 462528427 145203934 
555160051 775669408 45941149 143035750 451496923 845393436 857788438 400358807 546198755 113023782 690043187 213961578 592561609 627733864 578794226 426964445 569914992 299515089 9809335 10316143 
58832987 553900052 311940810 831870630 57041206 698938151 131295958 211327114 777643342 479489477 166729836 252750631 814236180 81582572 61960829 667955727 895088799 807438943 884142820 861048533 
397367334 55193892 816418011 536807315 597907593 474811912 749129601 979828069 80413897 526822679 936646746 562246380 477492619 308196644 20305358 586785484 74242969 591808071 166320552 64513581 
514988642 12150873 65518488 374844222 281309814 60590458 37899186 991607726 215563274 73469068 971314414 812520242 111325562 46131125 332820391 218596866 889932225 503042786 284599324 130611035 
7873283 497223231 46079216 737878014 420019460 214730943 981772718 898884783 886424494 14356121 682938686 359742648 909224334 758736841 169325682 496805987 971690583 597491339 9371772 361215876 
226987359 12969443 953708917 911155181 227090461 641529881 21488854 251257847 732569777 529892662 764345347 280463615 488661084 363762057 636931772 52714983 819619332 762258468 77835690 545509777 
230783153 864560478 508851417 436492648 418920979 884297042 404778551 67037143 68964601 41722461 700007450 708178639 58991579 82642854 128680887 202738246 746693457 937515919 899559340 16088754 
2073753 909878852 9429623 72685458 48417814 816470069 555385084 706697702 657356 828676243 95681795 988372658 449780197 208413653 82356152 942717310 186954543 936163893 933303337 144633561 
662150556 198942260 996116939 205912785 451933888 729326354 478152438 417458045 61700694 340609879 679007076 505082740 957078715 386758477 672735927 834652243 970962289 934617987 30131952 67911995 
45676957 902707020 64287480 6570319 203425418 19424061 378637594 991337019 819477540 2101170 381358471 177996457 10364797 643488587 396526801 785816778 535412045 487074152 225801841 601066707 
321594474 18956464 527962946 25763708 403574868 388659600 575358979 135757954 708291499 334527668 975795160 336199974 352719542 936022415 623225545 982838957 835935710 358382809 762251330 232159454 
238173233 625929995 59609489 152512647 976166369 110691045 10659948 621438456 51539649 649776105 279612776 336269190 991715535 301790429 79426179 643932170 751290021 733146701 222698907 377349472 
470416902 242887943 475208436 28985063 856844888 343636125 801636279 773528584 9010978 128403942 60931181 1020582 122870423 972634494 741932936 590325172 969633795 95944257 410986458 570336157 
50971231 900824020 12666651 816366809 2043587 360702236 577025129 667144798 727172846 700929732 657043136 202464299 930528193 276053436 443158405 45875136 956094401 150994357 165285120 764886689 
987892120 615146406 860392669 795010263 542768788 515870794 517736107 403079022 856771879 483751583 559445597 953508600 426749797 386624105 106421964 550191625 886394249 675954349 579984434 13620153 
668866672 109507638 236308145 938641957 77509660 587102227 109929674 128899310 585527859 846688791 964537830 807963576 511532158 495231832 914627793 879701165 31969129 415323313 160993850 112884472 
44180617 621991232 30263091 481128778 233073939 937986280 84889528 731110488 652098654 192710352 258190624 212140378 377160298 387074018 2781358 155276429 731969112 792159565 316501507 255049651 
216895725 235071236 617708968 217086094 922425107 56009276 661933961 903178089 580662360 220112882 982371701 778804623 320709998 395297635 780144031 547806161 210203305 627673234 780653856 941730052 
836319876 540472005 318351987 107214977 189729820 277451528 461862903 253616292 882758068 46157480 293224049 15327564 859065135 952217018 301324167 990689890 880515225 121682323 3721286 53826122 
873944223 16214861 534455196 775629940 170147602 225192520 386890975 937553871 561575783 212785830 417360453 227900751 367478586 664304589 930420585 153917038 981040327 135026409 508389325 950506408 
129324400 960019815 881011026 309471998 836335674 802477947 655021762 295650932 656310351 979468956 452094534 976153235 905516925 426524675 128040944 88616168 458530998 71873326 958040115 897497731 
953774734 987181156 976865893 319745657 858235328 46226215 653588292 270465122 941284266 851104963 647727983 352293595 755454156 692124360 236536296 879479301 83701581 274380167 707843736 130503173 
59026804 232445591 834689227 862055810 207725620 463210322 536874416 313713706 516962714 130336601 918741723 211618093 516430685 486767372 682881219 263049664 163236183 852625939 731450691 911932316 
944926725 632589784 848522781 323273597 213144328 930615306 274455410 628534179 146753448 393533724 25621068 883249748 206389068 315346628 516093716 359553111 997253635 749232764 924301340 362469242 
213268735 511709189 304578583 274557198 65431827 5467103 443422876 714226790 968916285 418038225 797039783 922762588 255869208 370819943 542300951 43502284 786115429 754959983 225085745 146013463 
960518283 574755708 858621211 257457313 60298514 978568291 471492706 729081938 658929707 296727233 990358133 757091353 27725347 488339059 761828136 870229861 651301620 300315675 629783857 719061930 
56147124 908786594 21997741 758061794 822416931 420214449 771448222 303566346 1927457 855025462 929439331 557984673 849328438 769914342 625289799 788612652 663080458 362008757 65409012 546577076 
335695338 802330975 972066810 409192262 675440713 20325346 178720588 172118386 19730491 517817603 2431427 934034637 111396604 733114565 35779737 336048495 834729575 598272244 967590129 283554422 
991583103 310213536 544124490 306340993 821952746 393761178 502119695 180380725 901138801 363547897 273060106 74296507 633670274 204568472 569496555 914656833 640169646 376439189 201435077 111621237 
446076971 341331924 6400401 404831501 62987091 983669370 9995177 111828546 93530403 185670514 25530448 773987664 359731645 884198636 983796773 517215479 276465382 471906264 54941875 968117245 
969483913 196760175 459001572 882973610 548312370 200011435 19636616 111355466 788048020 594163914 865652691 11394478 523149827 66471374 475965404 861673900 449935611 68727297 575953183 3554971 
10204567 73748330 598218491 954987480 314792731 582575193 405097269 706210372 221667947 419232225 460314739 855519939 601801873 685849176 524643522 164471998 685675834 874635224 96363537 668980386 
450112826 21246656 596425396 502635103 454419716 223877173 708612066 276637673 200564531 154611867 980695095 466333627 385573636 616859165 506650675 543333199 456115929 95341354 722714297 925684135 
55601847 187443444 210360208 230526407 68600521 46079474 908316133 714360121 41284059 703818848 38389446 425303687 567931872 463280315 503143338 60815300 980080749 186513477 538647781 379813125 
927567163 723341191 781755444 344674016 483473577 558891209 256292663 866629876 920036407 649317020 93223408 691239008 787035916 265262673 481571145 17994314 177274993 24467071 437687692 571751001 
294834772 847279490 393065705 976308540 472542150 420893686 84600308 315310881 156152701 635885376 337267236 217017918 485589587 720046085 149053525 93583692 104758725 254230704 889366343 567915015 
232292982 787016689 431345693 55266223 740302505 604427065 839876830 605894026 124689610 908295487 624830199 460194144 441884133 854137982 550099383 159799806 31802413 776900020 450120914 739772852 
870444407 718530148 14275294 444633302 487390652 700486485 863006682 705055806 660683163 594151186 763853731 974760904 676638932 661452904 967431293 680884437 924203214 619786474 314286480 771599561 
718206739 451439472 297444711 566318990 14777294 810402452 134160498 645436942 724266068 879177524 24822661 44472507 105037208 117675763 788116055 108509708 934936245 683535032 945985028 486712567 
878392168 859329837 922009484 730270584 778813075 962656577 394975826 472968465 736844988 263143590 618147485 903081287 80850572 15022675 967570458 539900449 156422992 265128196 455914585 271123117 
270209915 612295094 991804748 471301499 747805474 127375916 572171211 938802977 219792510 151144301 31053330 430448821 21754478 867331139 795524673 88274518 675150579 769963964 91780315 20829603 
113123762 23155629 780469063 851389506 93758069 196723498 389101138 567600731 399166378 378097935 141754540 632775962 148252898 397807227 702377319 956892465 854670676 430924112 735847035 907490643 
491540056 195994292 435548996 991403194 38977004 972541331 352912130 913002914 40498481 773307674 898791256 450666444 598761200 925301565 367213261 6315771 29291022 436576050 74141519 299161979 
812207132 698399732 502411435 641909398 226221002 120413890 265930518 672972060 92150638 174759325 39741863 671052260 141679489 300070349 718696666 15775300 194026786 992524893 99670287 237093533 
932248722 52089498 972616969 204306634 56634293 236947608 554807408 139934388 468286616 409577389 997843535 995020993 927890406 238267124 164212630 820797535 908860274 201571275 254999961 477229694 
811232432 115982421 4289679 348949011 246016827 482245113 52105748 953371287 287659857 207991777 4246441 372356 30548049 369951100 80462127 407850463 879746885 57412861 909180783 792966314 
834036050 402978266 377311892 157436270 815383113 694304589 437889198 80921527 990287642 526012118 705168433 690533014 530884699 474774199 237272693 597693217 269728966 224471159 65329715 727676654 
657486775 583924576 572073487 230144668 390999986 806294273 673967881 576900171 8196315 875354540 459277066 667255327 784760701 167240441 261440349 120520896 7095940 5036609 25331505 18297309 
875314690 441450788 41553437 23153317 528319918 934428163 262668950 463004236 215043936 619461255 928189559 792008844 30521750 327258649 697987969 869714977 765802995 977309799 372789719 763912524 
61446073 494993381 918607489 150837329 590935639 65177673 14817258 534115321 719679447 940711183 10778210 618246161 431767403 906361843 447286942 943409129 470121449 641448826 913128499 601296086 
620814923 75426153 277228574 66374831 891957294 329365836 887390015 25397332 141954643 37896943 554794201 484358692 747932450 478695657 242341140 168471682 61711649 694468365 612594556 511074393 
337962370 366209271 320758143 255394708 64424596 194685062 347388146 14088100 559628876 352937051 412231309 58451966 415462598 758689374 354286698 926806171 895033021 944566841 35017866 408835190 
266484756 598946779 987153232 864502802 618545745 778264055 143858180 34452465 314911517 421437571 345586001 774914846 4918982 53534521 43054024 64401828 714886845 338669594 851214427 777283349 
463491096 289040870 741899490 564463876 137905681 3818149 792297626 296788363 377392261 916717089 793886369 352736710 201921142 892578921 900282491 346139734 606491785 808613967 725942416 673604575 
236971913 70256106 188976299 438557066 326603490 935977239 27007100 340918148 640449318 686029808 383850520 869491580 385080460 133086555 125745780 91538729 864015724 52666237 687537134 703380674 
213565637 600202819 984959172 572289412 621420727 459552217 61353882 55402544 109910281 521449778 480781304 326414731 22837668 775489669 581095625 225485020 298539286 641568718 283146974 222982769 
782679824 47723849 54719337 611580442 66477799 105320443 545626755 369734060 985260568 160759337 746615206 991092607 741196477 886330335 39927347 247450865 587609625 526621034 921943021 581602529 
137537297 405461471 584834940 991449653 480002224 366608786 349612268 322426452 526715042 254659743 737969707 157339564 472648122 992724324 436225423 861272110 558272109 962777861 225286221 444867533 
503769940 573396967 65676547 541255427 687298990 57565236 74852911 168873292 773644763 710107231 28061877 903454632 87479778 412353429 603967069 909228829 805198828 129108561 8321106 379057971 
6686919 398014666 479356325 129244278 651922020 184472962 490373577 865725176 679895641 778188729 72740628 973385932 33960031 697132535 425236804 345763980 389483734 926139526 521394167 590288852 
242086717 89281525 904962353 536495557 968441019 32636822 640961498 6365570 732080792 887258114 305914430 582107320 418218180 83932560 280986763 660971022 651571279 192007905 789732183 408887224 
559157742 308653911 459184663 2797033 425209981 550838681 921440681 859756892 722314103 851739153 274322123 154898892 739867008 427916654 98721953 606923897 31109852 65167138 261747507 591788712 
531254261 780824549 833473005 581283875 756799449 10708015 379981342 664099253 339421881 899963587 296076665 885400495 936416363 848063264 145282198 110506086 295512809 690275341 113512818 927678130 
949691601 650205718 912844267 190177393 255837155 805283337 60850758 630210818 431673221 151450488 642752425 595622859 11804481 633945914 343134880 563249844 554710342 37856746 476409244 660706473 
120285412 582410855 655782767 7291931 941367569 7789650 575838674 568790400 645144294 60540564 318823392 6389198 872339490 675925461 257957016 412969221 536928678 837637894 558586206 658878626 
494496247 167726552 276196474 330308140 291587007 734004034 347004824 177845675 954925132 16522238 807226951 636245036 935664143 197660429 830691450 16322111 240496415 4502575 511550730 884890232 
939412404 291136109 96597042 10531824 827933868 746397327 962609681 3297479 645669385 678123941 822278443 208496793 154540401 602587010 338506984 720734988 256907436 831427900 746460180 685377097 
416112682 804366254 74259293 39083389 44707194 167365110 319629273 923094872 111048149 521561079 323580286 104492175 106606737 327192792 690462120 321535578 617263534 142396803 847831446 825588983 
181572684 18364198 619099372 405132837 957494579 334125495 395646003 7390122 102907210 139759208 906122068 661975501 81116192 29583927 435552289 3782107 309973606 376093793 231953612 825398440 
219540595 856366313 919943790 33347843 833227967 724470549 659708802 10304072 577906280 828906481 419055207 986026709 354650032 932526283 253173730 764421768 690803837 924675509 550331801 188873030 
636915928 556976135 727400601 294139255 556055406 923813082 743958481 826057354 215250962 171659150 66458260 581053293 769346105 616845380 524417819 564426007 973856637 428100197 174158081 303662335 
510716443 14584601 718535621 201586594 764349300 42067921 565448011 265045761 900058767 178523326 368493660 579346720 57520789 222813015 648560417 305516168 836420949 888723672 87195052 570271942 
626576830 512470205 932566128 510828777 353338984 23113547 45051588 433149448 69232650 69273606 16048482 272645050 753239045 511794236 104221935 873418909 473263832 645762426 786305129 570025168 
446511786 731777041 28314554 31748215 19366340 37003673 571109934 882702911 454459668 10258287 312782068 756813264 875053739 746306863 181521824 398803548 248698943 906013499 926748841 757354776 
42444201 514211131 128806891 296729532 32619368 753864857 692176165 570983174 154517789 212415236 682949755 658074933 875819021 388788463 18536181 854973583 21241250 60404752 933313792 601699804 
553244139 60617184 584065257 297293544 828507671 757803554 72020323 565779716 121911038 264566101 856398858 45939590 585193368 397583169 371859414 294199876 833853315 482929008 840249255 621786141 
20009345 44343728 559408322 44698993 50890232 711825559 441778509 979180196 568550770 269872119 562840277 722976415 665021210 899185006 601146569 787630414 891750212 968514776 950039293 795835939 
176478693 5013209 205196328 565914258 550370583 736539482 839627877 720161939 810344343 53372930 517052342 742672675 516370247 605020864 182951037 929870531 364663724 579014729 16852480 716840951 
10811505 877257361 971794159 896242120 859023330 154091348 600916950 65661507 932607345 189365905 930235817 335966968 78886965 121043209 954932289 826209148 476894566 14821060 91336921 418994152 
299637475 356470157 227985553 113665879 932686252 126500722 931378923 681609835 904818792 478914885 691871825 992780745 153695712 559247645 987810957 234450072 667595650 58827988 283543887 801046278 
282083295 989296779 509648042 43993284 32573741 522573091 255575959 946350981 366895046 172357314 444389489 919576962 176296103 672897875 17059191 599159801 792940530 297058565 424445775 426115498 
993997676 363361483 111774589 47486296 193969408 676868315 50976494 534793294 159937850 11553583 959758452 831589592 955553228 31847432 797731648 240749765 777864205 280478822 88918378 509044716 
759323509 917560465 457977454 68142755 777996323 820220563 163246507 305370186 233402711 195965115 39985382 752731582 567194616 720913436 451363526 953331686 939093263 980646668 59222357 910257706 
17568841 98177957 182146182 679565559 136570490 959666759 219440297 710282301 370647062 151894036 826154232 707526129 582567861 46354803 302020110 240723083 831686807 79115406 861519979 22982024 
2727196 513251284 618977010 640074729 96258381 429631607 202727786 877029043 512091471 684026094 377071360 12308332 83294195 18849653 335179971 330262693 914219304 436229257 957938727 699651179 
625022086 356999532 154205571 50725588 375579590 261951143 683192979 508319865 675076420 414630530 394331383 5727477 10789508 328253326 317963442 677456234 589925034 53703451 542393003 743403261 
794035456 611275715 58782510 24096085 115885940 857788383 45219949 305824033 472020247 32328715 364504313 68366990 670652575 579088815 591652426 805718998 140422886 509545837 697706300 176766892 
108855657 33668529 877742735 45981647 83497162 330936619 53421413 917365634 372559695 392049996 37945799 940457478 981855072 51467466 314372386 595395877 109079053 16631331 623029956 591636395 
825315718 479848978 622269023 60044265 174089120 40196634 899093134 407629366 416114775 271091461 54024009 238024551 544507974 901310298 669670515 171017050 281720625 674379242 976692302 875274096 
452898428 12369989 713259522 245500173 809105329 675956036 197968922 990155802 668894974 802579329 694937350 636133764 231400884 279320538 156350362 458696123 412445898 344542194 374078861 49725236 
130977624 639235248 842958331 73391335 709014812 150651070 812336612 324236497 204842232 974771979 933989547 603671156 229080946 938386761 213108376 120341842 546326834 851132016 72470358 782620534 
790889864 617236793 497898613 424637419 705650916 313654948 76072937 662377794 54094682 865155187 25224 388453392 897770281 22155181 776582801 674860398 939986730 820546332 737497633 683809143 
