19 20 20 795221610
1 1 1 0 0 1 1 0 0 1 0 1 1 1 1 1 1 1 1 1 
1 1 1 1 1 1 1 1 1 1 0 0 1 1 0 0 1 1 1 1 
0 1 0 1 1 1 1 0 1 1 0 1 1 1 0 0 1 1 1 1 
0 1 1 0 0 0 0 1 1 1 1 1 1 1 1 1 1 1 1 1 
1 1 1 1 1 0 1 0 1 1 1 1 1 1 0 1 0 1 0 1 
1 1 1 1 1 1 0 1 1 1 1 1 1 1 1 1 1 1 1 1 
0 1 1 1 1 1 1 0 1 0 1 1 1 1 1 1 1 1 1 1 
0 1 1 1 1 1 1 1 1 1 1 0 1 1 1 0 1 0 1 1 
1 0 1 1 1 1 1 1 0 1 1 1 0 1 0 1 1 1 0 1 
0 0 0 1 1 1 1 1 1 1 1 0 1 1 1 1 1 1 1 1 
1 1 1 1 0 1 0 0 1 1 1 1 1 1 1 1 1 1 1 0 
1 1 0 1 1 0 0 1 1 1 0 1 1 0 1 0 1 1 1 1 
0 1 1 0 1 1 0 1 1 1 1 1 1 1 1 1 1 1 0 1 
0 1 0 1 1 1 1 1 1 1 1 0 0 1 1 1 1 0 1 0 
1 1 1 1 1 1 1 0 1 0 1 1 1 1 1 1 1 1 0 1 
1 1 1 0 1 1 0 1 1 1 1 1 1 0 1 1 1 1 1 1 
1 0 1 1 1 1 1 1 1 1 0 1 1 1 0 1 1 1 1 1 
1 1 0 1 1 1 0 1 1 1 1 1 1 0 1 1 1 1 1 1 
1 0 1 1 1 1 1 1 1 1 0 1 0 1 1 1 1 1 1 1 
1 0 0 1 1 0 1 1 1 1 1 1 1 1 1 1 1 1 1 0 
1 1 0 1 0 1 0 1 1 1 1 1 1 1 0 1 1 1 0 0 
0 0 0 1 1 1 1 1 1 1 1 1 1 0 0 1 1 1 1 0 
0 1 1 1 1 1 0 0 0 1 1 1 1 1 1 1 0 1 1 0 
0 1 1 1 1 1 1 1 1 0 1 0 1 1 1 1 1 0 0 1 
0 1 1 0 1 0 0 0 0 0 1 1 1 1 1 1 0 1 0 1 
0 1 1 0 1 0 1 0 1 1 1 1 1 1 0 0 1 0 1 1 
1 1 1 0 1 0 1 0 1 1 1 0 1 1 1 0 1 1 1 1 
1 1 1 1 0 1 1 1 1 1 0 0 1 1 1 1 1 1 1 1 
1 1 0 1 1 1 1 1 1 0 1 1 1 1 1 1 1 1 1 1 
0 1 0 1 1 1 1 1 1 1 1 1 1 1 1 1 1 1 1 1 
1 0 1 1 0 1 0 1 0 0 1 1 1 1 1 1 0 1 0 1 
1 1 1 0 1 0 1 0 1 1 0 1 1 1 1 0 0 1 1 1 
1 1 1 1 0 1 1 0 1 1 0 1 1 1 1 0 1 0 0 1 
0 1 1 1 1 1 0 1 0 1 0 1 1 0 1 0 1 1 1 1 
1 1 1 1 1 0 1 1 1 1 1 0 0 1 0 1 1 1 0 1 
0 1 1 1 0 1 1 0 1 1 1 0 1 1 1 1 0 1 0 1 
1 1 1 1 1 1 1 0 1 1 0 1 1 1 0 1 1 1 1 1 
1 1 1 1 1 1 0 1 0 1 1 1 1 1 1 1 0 0 1 0 
0 1 1 1 0 1 0 1 1 0 1 1 1 1 1 1 0 1 0 1 
1 1 1 1 1 1 1 1 1 0 0 1 1 1 1 1 0 0 1 1 
1 1 1 1 1 0 1 1 1 1 1 0 1 1 1 1 1 0 0 1 
1 1 0 1 0 1 1 1 0 1 1 1 1 1 1 1 1 1 1 1 
1 1 1 1 0 1 1 1 1 1 0 1 1 1 1 1 0 1 0 1 
0 1 1 1 1 0 0 0 1 0 1 1 1 1 1 1 1 1 1 0 
0 1 1 1 1 0 0 1 1 1 1 1 1 1 1 1 1 1 1 1 
1 1 1 1 1 1 0 1 1 1 1 1 1 0 1 1 0 1 1 0 
1 1 1 1 1 1 1 0 1 1 1 1 1 1 1 1 1 0 1 1 
1 1 0 0 1 0 0 1 1 1 1 0 1 1 1 1 0 1 1 1 
0 1 1 1 1 1 1 0 1 1 1 1 1 1 1 1 1 1 1 1 
1 1 1 1 0 1 1 1 1 1 1 1 1 0 1 1 0 0 1 1 
1 0 1 1 1 1 1 1 1 1 1 1 1 1 1 1 0 0 1 1 
1 0 1 1 0 0 1 1 1 1 1 1 1 1 1 1 1 1 1 1 
0 0 0 1 1 1 1 1 1 1 0 1 1 1 1 0 1 0 1 1 
1 1 0 1 1 1 1 1 1 1 1 0 1 1 1 1 1 1 1 1 
1 1 1 0 1 1 1 1 1 1 1 1 1 1 1 1 1 0 1 1 
1 0 1 1 1 1 1 1 1 0 1 1 1 0 0 1 1 1 1 1 
1 1 1 1 1 1 1 1 0 1 1 0 1 1 1 1 1 1 1 1 
1 0 0 1 1 1 0 1 1 1 0 1 1 0 1 1 1 1 1 1 
1 1 1 1 0 1 1 1 1 0 1 1 1 1 1 1 1 1 1 1 
1 1 1 1 1 0 1 1 1 1 1 1 1 1 1 1 0 1 1 0 
1 1 1 1 1 1 1 1 1 0 1 1 1 0 1 1 0 0 1 1 
0 1 1 1 1 1 1 1 0 1 1 1 1 1 1 1 0 1 0 0 
1 0 1 0 0 1 1 1 1 1 1 1 1 1 1 1 1 1 0 0 
1 1 1 1 1 0 0 1 1 1 1 1 1 0 1 1 1 1 1 0 
0 1 1 0 0 1 1 0 1 1 0 1 0 1 1 1 0 1 1 1 
1 1 1 1 1 0 1 1 1 1 1 1 1 1 1 1 1 0 1 1 
1 1 1 1 1 0 1 1 1 1 1 0 1 1 1 1 0 1 1 1 
1 1 1 1 0 1 1 1 1 1 1 1 1 1 1 0 1 1 1 1 
1 1 1 1 1 1 1 1 0 1 1 1 0 1 1 1 1 1 1 1 
1 1 1 1 1 1 1 0 1 0 1 0 1 1 1 1 1 1 1 0 
1 1 1 1 1 1 1 1 1 1 1 1 1 0 0 1 1 1 0 1 
0 1 1 1 1 1 1 1 0 1 0 0 1 0 1 1 1 1 0 1 
0 1 1 1 1 0 1 0 1 0 0 1 1 1 1 1 1 1 1 1 
1 0 1 1 1 1 1 1 1 1 0 1 1 1 1 1 0 0 0 1 
1 0 1 1 1 1 1 1 1 0 1 1 0 1 0 1 1 1 0 0 
1 1 0 1 1 1 1 1 1 0 1 1 0 0 1 1 1 0 0 0 
1 1 1 1 1 1 1 1 1 0 1 1 1 1 0 1 0 1 0 0 
0 1 1 1 1 1 1 1 1 1 1 1 1 1 1 1 1 0 1 1 
0 1 1 0 0 1 1 1 0 1 1 1 1 0 1 0 1 0 1 1 
1 1 1 1 0 1 1 1 1 1 1 0 0 0 0 0 1 1 1 0 
1 1 1 1 0 1 0 1 1 1 1 1 1 1 1 1 1 0 1 1 
1 1 0 1 1 1 1 1 0 0 1 1 1 1 0 1 1 1 1 0 
1 1 0 0 0 1 0 1 1 1 0 1 0 0 1 1 0 0 1 1 
0 1 1 1 1 1 1 1 0 1 1 1 1 0 0 0 1 1 0 1 
1 1 0 1 1 0 1 1 1 1 1 1 0 1 1 0 1 1 1 1 
1 1 1 1 1 0 0 0 1 1 1 1 1 0 1 1 1 1 1 1 
0 1 1 1 1 1 1 1 0 0 1 0 1 0 0 1 1 1 1 0 
0 1 1 1 1 1 1 1 1 1 1 1 1 1 1 1 1 1 1 1 
0 1 1 1 1 1 1 1 1 0 0 1 1 1 1 1 1 1 1 1 
0 1 1 1 0 0 0 1 1 0 1 1 1 0 1 1 1 1 1 1 
1 1 1 0 1 1 1 1 0 0 1 1 1 1 1 0 1 1 1 1 
0 1 1 1 1 1 1 1 1 1 1 0 1 1 1 1 0 1 1 1 
1 1 1 1 1 1 1 1 0 1 1 0 1 1 0 0 1 1 1 1 
1 1 1 0 0 1 1 0 1 1 1 1 1 0 1 0 1 1 1 0 
1 1 0 1 1 1 1 1 1 1 1 0 1 1 0 1 1 1 1 1 
0 0 1 1 1 1 1 1 1 1 1 1 1 1 1 1 1 1 1 1 
1 0 1 0 1 1 1 1 1 1 1 1 1 1 1 1 1 1 1 1 
1 1 1 1 1 1 0 1 1 1 1 1 1 1 0 1 1 1 1 1 
1 1 1 1 1 1 0 1 1 1 1 1 1 1 1 1 1 1 1 1 
0 0 0 1 1 1 1 0 1 1 1 1 1 1 1 1 1 1 1 1 
1 1 1 0 1 1 1 0 1 0 0 1 0 0 0 1 0 1 1 1 
0 1 1 1 1 0 1 1 0 1 0 1 1 1 1 1 1 1 1 1 
1 1 1 0 1 1 0 1 1 0 1 1 1 1 1 1 0 1 1 1 
1 1 1 1 0 1 1 1 1 1 1 0 1 1 1 1 1 0 0 1 
0 1 1 1 1 1 1 0 1 1 0 1 1 1 1 0 1 1 1 1 
1 1 1 1 1 1 1 1 1 0 1 1 1 1 0 1 1 1 1 1 
1 0 1 0 0 1 1 0 1 1 1 1 0 1 0 0 0 1 1 0 
1 1 1 1 1 1 1 1 0 1 1 1 1 1 0 1 1 0 1 0 
1 0 1 1 1 1 1 1 1 1 0 1 1 1 1 1 1 1 1 0 
1 1 1 0 1 1 1 1 0 1 1 0 1 1 1 1 0 1 1 1 
1 1 1 1 1 1 0 1 1 1 0 1 1 1 1 1 1 1 1 1 
1 0 0 1 0 1 0 1 1 0 1 0 1 1 0 0 0 1 1 0 
0 1 1 1 1 0 0 1 0 1 0 0 1 1 1 1 1 1 1 1 
0 1 1 1 1 1 1 1 1 1 1 1 1 1 1 1 1 1 1 1 
1 1 1 0 1 1 1 1 1 1 1 1 1 1 0 1 1 1 1 1 
1 1 1 0 1 1 1 1 1 1 1 1 1 1 1 0 1 1 0 0 
1 0 1 1 1 1 1 1 0 1 1 1 1 0 1 0 0 1 1 1 
1 0 1 1 1 1 1 1 1 1 1 1 0 1 1 1 1 1 1 1 
1 1 0 0 1 0 1 1 1 1 1 1 1 1 0 1 1 1 1 1 
1 1 1 1 0 1 0 1 1 1 1 0 0 1 1 1 1 1 1 1 
1 1 1 1 1 1 1 1 1 1 1 1 1 0 1 1 1 0 1 0 
0 1 1 1 1 1 1 1 1 1 1 1 1 1 1 1 0 0 1 0 
1 1 1 1 1 1 0 1 1 1 1 1 1 1 1 1 1 1 1 1 
1 1 1 1 1 0 1 1 1 1 1 1 1 0 1 1 1 1 1 1 
1 1 1 1 1 1 0 1 1 0 1 1 1 0 1 1 1 1 0 1 
1 1 1 1 1 1 1 1 0 1 0 1 1 0 0 1 1 1 1 1 
1 1 1 1 1 1 1 1 1 1 1 1 1 0 1 1 1 1 1 1 
1 0 1 1 1 1 1 1 1 1 1 1 1 1 1 1 0 0 1 1 
0 1 0 1 1 0 1 1 1 0 0 1 1 1 1 1 0 1 0 1 
1 1 1 0 1 1 1 1 1 1 1 1 1 1 0 1 1 1 1 1 
1 1 1 1 1 1 1 1 1 1 1 0 1 1 0 1 1 0 1 1 
1 1 0 1 1 1 0 1 1 1 1 0 1 1 1 0 1 0 0 1 
1 1 1 0 1 1 1 0 1 0 1 1 1 1 0 1 0 1 1 1 
1 1 1 1 0 1 1 0 1 0 1 1 1 1 1 1 1 1 1 0 
1 1 1 1 1 0 1 1 1 1 1 1 1 1 0 1 1 1 1 0 
1 1 0 1 1 0 1 0 1 1 0 1 1 0 1 1 0 0 1 1 
1 1 1 1 1 1 1 1 1 1 1 1 0 1 0 1 1 1 1 1 
1 1 1 1 0 1 1 1 1 1 1 1 1 1 1 1 1 1 1 1 
1 1 0 1 1 0 1 1 1 1 0 0 1 1 1 0 1 0 0 1 
1 1 1 1 1 1 0 1 1 1 1 1 1 0 1 1 1 0 1 1 
1 0 1 1 1 1 1 1 1 0 1 0 1 1 1 1 1 1 1 0 
1 1 0 0 1 0 1 0 0 1 1 0 1 0 1 1 0 1 1 0 
0 1 1 0 1 1 0 1 1 0 1 1 1 1 1 1 1 1 1 1 
1 0 1 1 1 0 1 1 0 1 1 0 1 1 1 1 0 0 0 1 
1 0 1 1 0 1 1 1 0 1 0 1 0 1 1 1 1 1 1 1 
1 1 1 1 1 1 0 0 1 1 1 1 1 1 0 1 1 0 1 1 
0 1 1 1 1 1 1 1 1 1 1 1 1 0 1 1 1 1 1 1 
1 1 1 1 1 1 1 1 0 0 0 1 1 0 1 1 1 1 0 1 
1 0 1 1 1 1 1 1 1 0 1 1 1 1 1 1 1 1 1 1 
1 1 1 0 1 0 1 1 0 1 1 1 1 1 1 1 1 1 1 1 
1 0 1 0 1 1 1 1 0 1 1 1 1 1 1 1 1 1 1 0 
1 1 1 1 1 1 1 1 1 1 0 1 1 1 0 0 1 1 1 1 
1 1 1 1 1 1 1 1 1 1 0 1 0 1 1 1 1 1 1 0 
0 1 1 1 1 1 1 1 1 1 1 1 1 1 0 1 0 0 1 1 
0 1 1 1 1 1 1 1 1 0 1 1 0 1 1 1 1 0 0 0 
1 1 1 1 1 1 1 1 1 1 1 1 1 1 1 1 1 1 1 1 
1 1 1 1 0 1 0 0 0 0 1 1 1 1 1 1 1 1 1 1 
1 1 1 1 1 1 0 1 1 0 1 1 1 1 1 0 1 1 1 1 
1 1 1 1 0 1 1 1 1 1 1 1 1 0 0 1 0 1 0 1 
1 1 1 1 1 1 1 1 1 1 1 1 0 1 1 0 0 1 1 1 
1 1 1 1 0 1 1 1 1 1 1 1 1 0 1 1 1 1 1 1 
1 1 1 0 1 1 1 1 0 0 1 1 1 0 0 0 1 1 1 1 
1 0 1 1 1 1 1 1 1 1 1 1 1 0 1 1 1 1 1 1 
1 1 1 1 1 1 1 0 1 1 0 1 0 1 1 1 1 1 1 1 
1 1 1 1 0 0 1 1 0 0 1 1 0 1 0 1 0 0 1 0 
1 1 1 0 0 1 1 1 0 1 1 1 1 1 1 0 1 1 0 1 
1 0 1 1 0 1 0 1 1 1 1 1 1 1 1 0 0 1 0 1 
1 1 0 1 0 1 1 1 1 1 0 1 1 0 1 1 0 1 1 0 
1 1 1 1 1 1 1 1 1 1 1 1 0 1 0 1 1 1 1 1 
1 1 1 1 0 1 1 1 1 1 0 0 1 1 1 1 0 1 0 1 
1 1 1 1 1 1 0 1 1 0 1 1 1 0 0 1 1 1 1 0 
1 1 1 1 1 1 0 1 1 0 1 1 1 1 1 1 1 1 1 1 
1 1 0 0 1 1 1 1 1 1 1 1 1 1 1 1 1 1 1 1 
1 1 1 1 1 0 1 0 1 1 0 1 1 1 1 1 1 1 1 1 
1 1 1 0 0 1 1 1 0 1 1 1 1 0 1 1 1 1 1 1 
1 1 1 1 0 0 1 0 1 1 1 1 1 1 1 1 1 0 1 1 
1 1 0 1 1 1 1 1 1 1 1 1 0 1 1 1 1 1 1 1 
0 0 1 1 1 0 1 1 1 1 1 1 0 1 1 1 1 1 1 0 
0 1 0 1 1 0 0 1 1 1 1 1 1 0 1 1 1 0 1 1 
1 0 1 1 1 1 1 1 1 1 1 0 1 1 1 1 1 1 1 1 
1 1 0 0 0 1 1 1 1 1 1 1 1 1 0 1 1 1 1 0 
1 1 1 1 1 1 0 1 1 1 1 1 1 1 1 0 1 1 1 1 
1 1 0 0 1 1 1 1 0 1 1 0 0 1 1 1 1 1 1 1 
1 1 1 1 0 1 1 1 1 0 1 1 1 1 1 1 1 1 0 1 
1 1 0 1 1 1 1 1 1 1 1 0 1 0 1 1 1 1 1 1 
1 0 1 1 1 1 1 1 1 1 1 1 0 1 0 1 1 1 1 1 
1 0 1 1 1 1 1 1 1 1 1 1 1 1 0 0 1 1 1 1 
1 1 1 0 1 1 1 1 1 1 1 0 0 1 1 0 1 1 0 1 
1 1 1 1 0 1 0 1 1 1 1 1 0 1 1 1 1 1 0 1 
1 0 1 1 0 0 1 1 1 0 1 1 0 1 1 1 1 1 1 1 
1 1 1 1 1 1 1 1 1 1 1 1 0 1 1 0 1 1 1 1 
0 1 1 1 0 1 0 1 1 1 1 1 0 1 0 1 1 1 1 1 
1 1 1 1 1 1 1 1 1 1 1 1 1 1 1 0 0 1 1 1 
1 1 0 0 1 0 1 1 1 1 0 1 1 1 1 1 0 0 1 1 
1 1 1 0 1 1 1 1 1 0 0 1 1 1 1 1 1 0 1 0 
0 1 1 1 1 1 1 1 1 0 1 1 0 1 1 1 1 1 1 1 
1 0 1 0 1 1 1 1 1 1 1 1 1 1 1 1 1 1 0 1 
1 1 1 1 1 0 1 1 1 1 1 1 1 1 1 1 1 1 0 1 
1 1 1 1 0 1 1 1 1 1 1 1 1 1 1 1 0 1 1 1 
1 1 1 1 1 0 1 1 1 0 1 0 1 0 1 1 1 1 1 1 
1 0 0 1 1 1 1 1 1 1 1 1 0 1 0 0 1 1 1 1 
1 1 1 0 1 1 1 1 1 1 1 1 1 1 1 1 1 1 1 1 
1 1 1 1 1 1 1 1 1 1 1 1 0 1 1 0 1 1 0 0 
1 1 1 1 1 1 1 1 1 1 1 1 1 0 1 1 0 1 1 1 
1 0 1 1 1 0 1 1 1 1 0 0 1 1 1 1 1 1 1 1 
0 1 1 1 1 1 0 1 1 1 1 1 1 1 1 0 1 1 1 1 
0 1 1 0 1 0 1 0 1 0 1 1 1 1 1 1 0 1 1 1 
1 1 1 1 1 0 1 1 1 1 1 0 1 1 0 0 1 1 1 1 
0 1 1 0 0 1 1 1 1 1 1 0 1 1 1 1 1 1 1 1 
1 1 1 1 1 0 1 1 1 0 0 1 0 1 0 1 1 1 1 1 
0 1 0 1 1 1 1 0 1 1 1 0 1 0 0 0 1 1 1 1 
1 1 0 0 0 1 0 1 1 1 1 1 1 1 1 1 1 1 1 1 
1 1 1 1 0 1 0 1 1 0 1 1 0 1 1 0 0 1 1 0 
1 1 1 1 1 1 1 0 0 1 1 1 1 1 1 1 1 1 1 1 
1 0 1 1 1 1 1 1 0 1 0 1 1 1 1 1 1 1 0 0 
1 1 1 1 1 1 1 1 1 0 1 0 1 1 1 1 1 1 1 0 
1 0 1 1 1 1 1 1 1 1 1 1 0 1 1 0 1 1 1 1 
0 0 1 1 0 0 1 1 1 1 0 1 1 1 1 1 1 1 0 1 
1 0 0 1 1 0 1 1 1 1 1 1 1 0 1 1 1 1 1 1 
1 0 1 1 1 1 1 1 1 1 1 1 1 1 0 1 1 1 1 1 
1 1 1 1 1 1 0 1 1 1 1 1 0 1 0 1 1 0 1 1 
1 0 1 0 1 0 1 1 0 1 0 1 1 1 1 1 1 1 1 1 
1 1 1 1 1 1 1 1 1 1 1 0 1 1 1 1 1 1 1 1 
0 0 1 1 1 1 1 1 1 1 0 0 1 1 1 1 1 1 1 0 
1 1 1 1 0 0 0 1 0 1 1 1 1 0 1 1 1 0 1 1 
1 1 1 1 1 1 1 0 1 1 0 1 1 1 1 1 1 1 1 1 
1 1 0 1 0 1 1 1 1 0 1 0 1 1 1 1 1 1 1 0 
0 1 1 1 1 1 1 0 0 1 1 1 1 0 1 0 1 1 0 1 
1 1 1 1 0 1 1 1 1 1 0 1 1 1 1 1 0 1 0 1 
1 0 0 1 1 1 0 1 0 1 1 1 1 0 1 1 1 1 0 1 
0 1 1 1 0 0 1 1 1 1 1 1 1 1 1 1 0 1 1 0 
1 0 0 1 1 1 1 1 1 1 1 1 0 1 0 1 1 0 1 0 
0 0 0 1 1 1 1 1 0 1 0 1 1 1 1 1 1 1 0 1 
1 0 1 1 1 1 0 1 1 1 1 0 1 1 1 1 0 1 0 0 
1 1 1 1 0 1 1 1 0 0 1 0 1 1 0 1 1 1 1 1 
0 1 1 1 1 1 1 0 1 1 1 1 0 1 1 0 1 1 1 1 
1 1 1 1 0 1 0 1 1 1 0 1 1 0 1 0 1 1 1 1 
1 1 0 1 1 1 1 0 1 1 1 1 0 1 1 1 1 0 1 1 
1 1 1 1 0 1 0 1 0 1 1 1 1 1 0 0 1 0 1 1 
1 1 0 1 1 1 1 1 1 0 0 1 1 1 1 1 0 1 1 1 
1 1 1 1 1 1 1 1 1 1 1 1 1 1 1 1 1 1 1 1 
1 1 1 1 1 0 1 0 0 1 1 1 1 1 1 1 0 1 1 1 
1 1 1 1 0 1 0 1 1 1 1 1 1 1 1 1 1 1 1 1 
0 1 0 1 1 1 1 1 1 1 1 1 1 1 0 1 1 0 1 0 
1 0 1 0 1 0 1 1 1 1 1 1 1 1 1 0 1 0 1 1 
1 1 1 0 0 1 1 1 1 0 1 1 1 1 1 1 1 1 1 1 
1 1 0 1 1 1 1 0 0 1 1 1 1 1 0 1 1 1 1 1 
1 1 0 1 1 0 1 1 1 1 1 1 1 1 0 1 0 1 1 1 
0 1 1 1 1 1 1 1 1 1 1 1 0 1 1 1 1 1 1 1 
0 1 1 1 1 0 1 1 1 1 1 1 1 1 1 1 1 0 1 1 
1 1 1 1 1 1 1 1 1 1 1 1 0 1 1 1 1 1 1 1 
1 1 1 1 1 1 1 1 0 1 1 1 1 0 0 1 1 1 1 0 
1 1 1 1 1 1 0 1 1 0 1 1 0 1 1 1 1 1 1 1 
0 1 1 1 0 1 1 1 1 1 1 1 1 0 1 0 1 1 1 1 
1 1 1 0 0 1 1 1 0 1 1 0 1 1 1 1 0 1 0 1 
0 1 1 1 1 1 1 1 1 1 1 1 1 1 1 0 1 1 1 1 
1 1 1 1 1 1 1 1 1 0 1 1 1 0 1 1 0 0 0 1 
1 1 1 0 1 1 1 0 1 1 0 1 1 1 0 1 1 1 0 0 
1 1 1 1 1 0 1 0 1 1 1 1 1 1 1 1 1 1 1 1 
1 1 1 0 1 0 1 1 1 1 1 1 0 1 1 0 1 1 0 1 
1 1 0 1 1 1 1 1 1 1 0 1 0 1 0 1 1 1 1 1 
1 1 1 0 0 1 1 1 1 1 1 1 1 0 0 1 1 1 1 1 
1 1 1 1 1 1 1 1 1 1 1 1 1 1 1 1 1 1 1 1 
1 1 0 1 1 1 1 1 1 1 1 1 1 1 1 1 1 1 1 1 
1 1 1 1 1 1 1 1 1 1 0 0 1 1 1 1 1 0 1 1 
1 0 1 1 1 1 0 1 1 1 1 0 0 1 1 1 1 1 1 1 
1 1 1 1 0 1 1 0 1 1 1 1 1 0 1 1 1 1 1 0 
1 1 1 1 1 1 0 1 1 1 0 1 1 1 1 1 0 1 1 0 
1 0 1 0 1 1 1 1 1 1 1 0 1 1 1 1 1 1 1 1 
1 1 0 0 1 0 1 1 0 1 1 0 1 1 1 1 1 0 1 1 
0 0 1 1 1 0 0 0 1 1 1 0 1 1 1 1 1 1 1 1 
0 1 1 1 1 1 1 0 1 0 1 1 0 1 0 1 0 1 1 1 
1 1 1 1 1 1 1 1 1 1 1 1 1 1 1 1 1 0 1 1 
1 0 1 1 1 1 1 1 1 1 1 0 1 1 1 0 1 0 1 1 
1 1 1 1 1 1 0 1 1 1 0 1 1 1 1 0 1 1 1 1 
0 1 1 1 1 0 1 1 1 1 1 1 1 1 1 1 1 1 0 0 
0 1 1 1 1 1 1 1 1 1 0 0 1 1 1 1 1 1 1 0 
1 1 1 1 1 1 0 0 0 0 1 0 1 1 0 1 1 1 1 1 
1 1 0 1 1 1 1 0 1 1 0 0 1 1 1 1 1 0 1 0 
1 1 1 1 1 1 0 1 1 1 1 1 0 1 1 1 1 1 0 1 
1 1 0 1 1 0 1 1 1 1 1 0 1 0 1 1 1 1 1 0 
1 1 1 1 1 1 1 1 1 0 1 1 0 1 1 1 1 0 0 1 
0 1 1 1 1 1 0 1 1 1 1 1 1 1 1 1 1 1 1 1 
1 1 1 1 1 0 1 1 1 1 1 0 1 0 1 1 1 1 1 1 
1 1 1 1 1 1 0 1 1 1 0 1 1 1 1 1 1 1 1 1 
0 0 1 0 1 0 1 1 1 1 1 0 1 1 1 1 0 1 1 0 
1 1 0 1 0 1 1 1 1 0 1 0 1 0 1 1 0 1 1 0 
1 1 1 1 0 1 1 1 1 1 0 1 1 1 1 0 1 1 1 1 
1 1 1 0 0 0 1 0 1 1 1 0 1 1 1 0 0 1 0 1 
1 0 1 1 1 1 0 1 1 1 1 0 1 1 1 1 1 1 1 1 
0 1 1 0 1 1 1 1 1 1 0 1 0 1 1 0 1 1 1 1 
1 1 1 1 1 1 1 1 0 1 1 1 1 1 0 1 1 1 1 0 
1 0 1 1 1 0 1 0 1 1 0 1 1 0 1 0 0 1 1 1 
0 1 1 1 1 1 1 0 0 0 0 1 1 1 1 1 1 1 1 0 
1 1 1 1 1 1 1 1 0 1 1 1 1 1 1 1 0 1 1 1 
1 1 1 1 1 0 0 1 1 0 1 1 1 1 1 1 1 0 1 1 
1 1 1 1 1 1 1 1 1 1 1 1 1 0 1 1 0 1 1 0 
1 1 1 1 0 1 1 1 1 1 1 1 1 1 0 1 0 1 1 1 
1 1 1 0 1 1 1 1 0 1 1 0 0 1 1 1 1 1 1 1 
1 1 1 1 1 1 1 1 1 1 1 1 1 0 1 1 1 1 1 1 
1 1 1 1 1 1 0 1 1 0 0 1 0 1 1 1 0 1 1 1 
0 1 1 1 1 1 0 1 1 1 1 0 0 0 1 1 1 1 1 1 
1 1 1 1 1 1 1 1 1 1 1 1 1 1 1 1 0 1 0 0 
0 1 1 1 1 1 0 0 1 1 1 0 0 1 1 1 0 1 1 1 
0 1 1 1 0 1 0 1 1 1 1 1 1 1 0 1 0 1 1 1 
1 1 1 1 1 1 1 1 1 1 1 1 0 1 1 1 0 1 1 1 
1 1 1 1 1 1 0 1 1 1 1 1 1 0 1 0 1 1 1 1 
1 1 1 0 1 0 1 1 1 1 1 0 1 0 1 1 1 1 1 1 
1 1 1 1 1 0 1 1 1 1 0 1 1 1 1 1 1 1 1 1 
1 1 1 1 1 1 0 1 0 0 0 1 1 1 1 1 1 1 1 1 
1 0 1 1 1 1 1 0 1 1 1 0 1 1 1 1 0 1 1 0 
1 1 1 0 0 1 1 1 1 1 1 1 1 0 1 1 1 1 1 0 
0 1 0 1 1 1 1 1 1 1 1 0 0 1 1 1 1 1 1 1 
1 1 1 1 1 0 1 1 1 1 1 1 0 1 1 1 1 1 1 0 
1 0 1 1 1 1 0 1 1 0 1 0 1 1 1 1 1 1 1 1 
1 1 1 1 1 1 1 0 1 1 0 1 1 1 1 1 1 1 1 1 
1 1 0 1 1 1 0 1 1 0 1 1 1 1 1 0 1 1 1 1 
0 1 1 0 1 1 1 0 1 1 1 1 1 0 1 1 1 1 1 1 
1 0 0 0 1 1 1 1 1 1 1 0 1 1 1 1 1 0 1 1 
1 1 1 1 1 1 1 1 0 1 1 1 1 1 1 0 1 1 1 1 
1 0 1 0 0 1 1 1 1 1 1 1 1 0 0 1 1 0 1 1 
1 1 1 1 1 1 1 1 1 0 1 1 0 1 1 1 1 1 1 0 
1 0 0 0 1 1 0 0 1 1 1 0 1 1 1 1 1 1 1 1 
1 1 1 1 1 1 0 1 1 0 1 1 1 0 0 0 1 0 1 1 
1 1 1 1 1 1 0 0 1 1 1 1 0 1 1 1 1 1 1 1 
1 1 1 1 1 1 1 1 1 0 1 0 1 0 1 1 1 1 1 1 
1 1 0 1 0 1 1 1 1 1 1 1 1 1 0 1 1 1 1 1 
1 1 1 1 1 1 1 1 1 1 1 0 1 1 1 1 1 0 0 1 
1 0 1 0 1 1 0 0 1 1 1 0 1 1 1 1 1 0 1 1 
1 0 1 1 1 1 0 1 1 0 1 1 1 1 1 1 1 1 1 1 
1 1 0 0 1 1 1 1 1 0 1 1 0 0 0 1 0 1 1 0 
0 1 0 1 1 1 0 0 1 1 1 1 1 1 1 1 1 1 1 1 
1 1 1 1 1 0 1 0 1 1 0 1 1 0 1 1 0 1 1 0 
0 1 0 1 1 1 1 1 1 1 0 0 1 1 1 1 1 1 1 1 
1 0 1 0 1 1 1 1 0 1 0 1 1 1 1 1 1 1 1 1 
1 1 1 1 1 1 1 1 1 0 1 0 1 0 1 1 1 1 1 0 
1 1 1 1 1 1 1 1 1 1 0 1 0 0 0 1 1 0 1 1 
1 1 1 0 1 1 1 1 1 1 1 0 1 1 1 1 1 0 1 1 
1 0 0 0 1 1 1 1 1 0 1 1 1 0 0 1 1 1 1 1 
1 0 0 1 0 0 1 1 1 1 1 1 0 0 1 1 1 1 1 1 
1 1 1 1 1 1 1 1 0 1 0 1 1 1 0 0 1 1 1 1 
1 0 1 1 1 0 1 1 1 1 1 1 1 1 0 1 1 1 0 0 
1 1 1 0 0 1 1 1 0 1 1 1 0 1 1 0 1 0 1 1 
1 0 0 0 1 1 1 0 0 1 1 1 1 1 1 0 0 1 1 1 
1 1 0 1 1 1 1 1 1 1 0 1 1 1 1 0 1 1 1 1 
1 1 1 1 1 1 1 1 1 1 1 1 1 1 1 1 1 1 1 1 
0 1 1 1 1 1 1 1 1 1 1 1 1 1 1 1 1 1 0 1 
1 0 1 1 1 1 1 1 0 1 1 1 1 1 1 0 0 0 0 1 
1 1 1 1 1 0 1 1 0 1 1 0 1 1 1 1 0 1 1 1 
1 1 1 0 1 1 1 1 1 1 1 1 0 1 0 1 1 0 1 1 
0 0 1 1 1 1 1 1 0 0 1 1 1 1 1 1 1 1 1 1 
1 1 1 1 1 1 1 1 1 1 1 1 1 1 1 1 1 1 1 1 
1 1 1 1 1 0 1 1 0 1 1 1 1 0 0 1 0 0 0 1 
1 1 1 1 1 1 1 1 1 1 0 1 1 1 1 0 1 0 1 1 
0 1 1 0 0 1 1 0 0 1 1 1 1 1 1 1 0 1 1 1 
1 1 0 1 0 1 1 0 0 1 1 1 1 1 1 1 1 0 0 1 
1 0 0 1 0 1 0 1 1 1 1 0 1 1 1 1 1 0 1 1 
1 0 1 1 1 1 1 1 1 1 0 1 0 0 1 0 1 1 1 1 
1 1 1 0 0 0 1 1 1 1 1 1 0 1 1 1 1 0 1 1 
1 1 1 1 1 1 1 1 1 1 1 0 1 1 1 1 1 1 1 1 
1 1 1 1 0 1 1 1 1 1 1 1 0 0 1 0 1 1 1 1 
1 1 1 1 0 1 1 1 0 0 1 1 1 1 1 1 1 1 0 1 
1 1 1 1 1 0 1 0 1 1 1 1 1 1 1 1 1 1 0 1 
1 1 0 1 0 1 1 1 0 1 1 1 1 0 0 1 1 1 1 1 
1 1 1 1 1 1 0 1 1 1 1 1 1 1 1 1 1 1 1 1 
1 0 1 0 1 1 1 1 1 1 1 1 1 1 1 0 1 0 1 0 
1 0 1 1 1 1 1 0 1 1 1 1 0 1 1 1 1 1 1 1 
1 1 1 1 1 1 1 0 1 1 0 1 1 1 0 1 0 1 1 1 
1 1 1 1 1 1 1 1 1 0 0 1 1 0 1 1 0 1 1 1 
1 1 0 1 1 0 1 1 0 1 1 1 1 1 1 1 1 1 0 1 
1 0 1 0 1 1 1 0 1 1 1 1 0 1 1 1 0 1 1 1 
0 1 1 1 1 1 1 1 0 1 1 1 1 1 0 1 1 0 0 1 
1 1 0 1 1 1 1 1 0 1 1 0 1 1 0 1 1 1 1 0 
1 1 0 1 1 1 1 0 1 1 1 1 0 1 1 1 1 1 1 0 
1 1 1 0 0 1 1 1 1 1 0 1 0 1 1 1 0 1 0 1 
1 1 1 0 1 1 1 1 1 1 1 1 1 1 1 1 1 1 1 1 
1 1 1 1 1 1 1 1 1 1 1 0 1 1 1 1 1 1 1 1 
1 1 1 0 1 1 1 0 0 1 1 0 1 1 1 1 0 1 1 0 
1 1 1 0 1 1 1 1 1 1 1 0 1 1 1 0 1 1 1 1 
1 0 1 1 1 1 1 1 1 0 1 1 1 1 1 1 0 0 1 1 
69443980 356626748 314222607 747657026 444935826 423259 657683917 240939656 902480483 300059440 498473901 31335947 426436538 813690949 607357076 260015318 119365317 123216696 251450650 69024062 
94132647 58278974 671377419 222580081 870615286 12617115 102787816 552879088 611678267 681634863 742887011 308248593 9222773 475783142 819175142 858390140 862938773 222661699 750774540 19455406 
497017859 545657054 854191654 19150459 270862105 72745441 256895160 622216325 264764835 918567054 240394490 543841990 542215013 400618421 200905048 129908747 399447701 707184702 187063026 497131381 
969835612 504619429 350226972 735516921 446784857 184095352 529640158 613541346 177730078 876426458 46509428 196601162 155703217 378952452 401185489 673248421 13030413 30199742 646781206 22452278 
149758622 528213739 52477978 173372312 848672968 89136636 507002349 399118903 450679393 893946999 71912269 72712148 106974770 695608441 267022382 541634821 75520635 213599025 664082488 241712050 
446689644 856417 677738312 757686169 929211820 665990112 492256749 133422794 770653910 8637467 51092971 274802220 959325686 28067983 948084413 528369142 118039057 728237393 996164108 59259446 
195912859 558283911 304707641 984548175 482895358 845760237 33907929 961842804 348819994 759278673 830305075 508325422 44483774 542442518 398277315 849109722 110138932 662349236 869413818 373044011 
977237940 18524470 199965564 961959076 120168428 728774587 882501921 495313952 139183998 164113399 537965044 521727562 417379713 297861807 895901175 105809957 799513599 9182016 802245725 546977670 
35669110 405522456 99256335 568241045 801934423 615853883 418294824 229754191 896643466 160365247 737777785 681275399 676720360 380754257 592180741 827673056 964782271 636014254 193301381 571153492 
16640337 1070123 686481894 966468785 286780758 173525294 245414086 215264407 295567477 998192050 40815354 532312699 589359567 421155015 226353932 113205799 171059317 21853454 412696502 269032759 
581320685 563035458 913229928 883970974 450090160 954764971 961384903 301886495 919804079 137717673 904311339 716111060 465438666 232816687 311289376 808424363 586282071 782907972 511182055 333500131 
894165921 719512195 821871858 542393747 778844774 464306332 282415211 445497380 133577048 943585234 593275309 725795027 214813084 589019003 600891337 270228528 341383503 65026947 579867395 351363489 
96471036 234200298 207440211 353391583 590242599 316207681 966398692 74854775 487518917 39370801 93126296 18025803 760239554 911587828 765222530 738785039 983772794 730026457 949116011 183120845 
62496576 111548869 635035214 821970529 310941402 567604140 616544987 813484029 931491074 565678620 330579448 332271782 216583911 315246771 126418235 516960181 32340906 244919460 447708273 403649624 
772722913 688063798 75375131 436946446 743188248 628689988 946666476 745966894 48594506 876510910 223630156 628452193 941423213 933690662 749670871 316408867 846606308 291060757 165443039 728995142 
116965387 932119732 559519462 137731951 317474222 307430723 604709 630054551 43749778 549581205 309196552 748294795 613562090 642413457 7154606 74028909 81749987 535653299 906936686 725569073 
273818137 24969609 935018830 399398176 71183134 987694135 612251787 578555992 188177660 88742644 63302931 916521546 626213544 948356490 2089485 197620795 48956562 674245850 780053584 652897988 
265856287 150127446 494212839 599196242 792235297 499987844 746133396 97410982 698968163 760261250 723587914 302104662 655020581 56644731 6779570 798302026 356471191 535843128 434538151 293486912 
460007009 826759819 589053113 665128265 355788060 12502752 78062510 404960586 369419222 268523960 730447868 8662652 876967569 650896421 409350224 59144683 480410564 321664335 918692363 64568571 
759838937 893704943 12916159 710846943 422413998 939995606 267973559 443201568 322915860 377046631 965210220 830647580 28464211 686851353 411025681 874443908 960354212 978762486 596615176 115919068 
5897141 627467806 801710442 805055487 444630569 971822661 73389953 539471769 460286741 705142064 459818835 69832107 40020356 65589051 773500174 502599947 492599284 412259288 789516445 636341729 
878592215 773457414 268577307 875113003 19722002 535160030 881890905 833533497 336431746 175019018 830036827 297325874 67740786 603974731 333331672 317896078 220927014 569760755 813883582 146446745 
977175379 637491049 990626732 744550391 1198755 861706664 625016182 912669722 171318839 740439232 105567652 71257804 322701854 376664660 167094259 722587309 721010399 700908570 669915347 368349354 
138718708 606536798 587471335 305315979 129300044 661472895 275299976 654793063 920985800 512161649 653189187 442560045 665955519 716344889 374084438 35504669 192474234 415304820 643328823 491893069 
375042488 508923600 508268301 897509669 712624683 522497425 872554036 131887330 188369913 976530702 54092990 915440151 411218493 522157617 214982637 32944423 301681027 726568699 42439352 165307853 
575564879 255879933 71576143 381166484 845647767 4336607 231338641 721494623 79077189 389396959 369138321 475444962 409643702 986537031 531745047 885820199 347496765 936221182 986186015 472426251 
9330335 617540089 923915866 153307326 661145498 855094212 595423659 983895366 159168088 189046782 358376876 957016317 973502204 868333786 933385000 526544910 151065629 21879454 572841374 749367036 
434844485 911897640 953839556 488002331 117817713 757634918 320655362 189326101 210890644 806312409 719750387 429377383 9764628 489948443 337021415 592143073 932470349 927995733 2839394 903740201 
886641930 49157063 788898720 305770808 145555726 732635973 724152072 905824732 975004304 829785269 872157372 750372404 498546874 500092306 864325393 690998328 952888873 17365611 556576782 647126830 
749524337 931745636 821992944 298379318 703526295 923142324 183065510 984190655 732407444 600398630 167430485 222322959 984677849 770458777 61143253 319212735 954436293 916270208 385503794 11265851 
878502704 31052897 66127916 818873928 45776868 355670106 178314423 709044343 610068767 571277208 310490492 340438451 799453971 500866271 430964822 911990712 71027302 635715333 740878294 618580632 
105025714 268562806 587945919 980215096 564381957 132009137 735596939 420579793 357127266 875992777 397676772 864829040 106905150 605664230 849543212 512445815 462723332 69756610 583924982 703639066 
542714514 466968876 264006794 34651362 807397562 312779912 295313509 418464814 698074562 32387660 678759095 394876077 704924900 865766533 998032099 386100709 273780430 744785489 541153794 570128046 
142466595 605611107 704053089 37619127 516250617 156650881 11728126 850432 451269721 843909897 11260943 299426656 593554114 436279655 561750395 33897212 683120294 629573793 626897502 724069334 
414150635 826584268 275734665 675949372 428690283 640917140 669978368 480518484 224044917 387910584 964656763 191029655 488728650 635623307 711127526 476230482 204334241 816712564 247374561 762620454 
323895843 121771887 148538944 731549321 68362735 674357898 811622540 877106756 873372952 102837097 26880640 52554994 806687010 352794818 347489677 213978247 930954376 527260130 486735959 619668935 
64924472 598554406 808643381 317216971 39088917 959804035 362282165 823754112 28950645 37918717 493356565 971160615 929968803 178773556 75200458 550942166 957417562 839268052 84571647 871922933 
214244430 68366112 854572299 83729858 779006374 475373680 99243522 445544142 108269690 921055407 794270502 696541565 754872922 229647068 486182000 371960458 892747464 36697992 137786380 33708672 
8951737 875814240 223271643 108482115 434419224 605909401 179096815 992780165 419010114 52351109 135851538 708238674 226161803 251524615 637460032 266015876 844863927 449867285 346779176 122792015 
689108866 608163131 328049583 67369655 22549784 818325784 947392109 315483412 770132895 854747360 56454189 591167637 79385257 933234136 521313650 416399034 760388802 457352157 764373485 607998425 
443384807 119253469 36476167 614720922 818890252 914367068 661013086 282797946 981160342 68643825 295250495 682270540 569926110 60373446 507846193 772626355 898526133 143778844 457891178 644732586 
847731162 949782725 372095320 602531324 409999750 195656616 861080090 378645452 72873697 397936448 222524164 631739151 336382346 161283357 468055838 283018253 291729682 708482657 600268197 429747427 
627974529 734667844 760538760 876222980 331677648 59969680 69029612 21028531 37654125 816885287 43132328 246123915 766962108 240081274 180842444 556318967 709416080 334391567 179379475 89715642 
294884533 555642371 778554483 688679272 16195432 910279812 501506197 17295082 701863390 969798742 667018325 465648384 835981754 92889423 947732290 69211830 18366871 5032923 431405601 926823926 
470439300 616800634 963597162 690477047 706034562 329915709 961176521 479856581 149171208 336541773 97292957 180696259 665224831 521398884 899521149 940219173 709688774 413842002 818404782 356482165 
348624047 349740665 536136366 686237711 47016575 619982161 598905005 8115109 210982772 753311205 330376207 698762173 923883832 6985812 100733675 864142382 306368366 139286097 508930447 937259174 
585304109 799839139 625272569 746081575 959519870 423218853 663044447 12824196 338500832 477649095 489700008 681865962 215551430 184268556 419513585 850365010 158970900 36426377 68548361 208523023 
953463205 704706797 111972598 303541830 359887304 63319284 15224941 190455920 819946943 198723315 378180958 882045403 115642687 711320912 163206758 269540134 416474866 925904133 683500891 64416199 
280556792 222911012 196969412 609728650 749298017 198615118 67553116 179992584 838416053 592403259 21352086 420857652 679346284 716902197 659146006 171170771 500217718 24492444 356792370 777059070 
814448309 502002021 512277367 878330274 596225918 668686228 869031205 993017089 959133212 9852869 40299183 719573807 378486348 381597864 84936000 368671637 785952706 654998655 539297330 581355377 
913046179 159289762 736277398 9681491 506344456 112579324 170378416 194671267 382239362 890853516 691385975 973447703 468081296 505845733 317747225 953439805 124881707 732779695 68958068 326439159 
752523834 487383332 195130782 143339769 13725981 75017875 835210078 724118092 772233512 204844512 662533553 202739406 896616478 64618497 34374213 721970864 17136825 898627203 602330115 803887351 
654076714 55632899 819754878 739779580 496007569 204094646 811616132 597681644 557649028 427460321 994632085 511751496 646046606 338893665 378333797 32246118 949896621 35010085 444932701 830960366 
617938387 184112815 573426201 950445150 766093158 100823191 40130280 1198726 103008960 250276872 153548623 818197773 353028528 591197761 81258373 573132523 2694135 127246869 326735352 912123629 
67853258 887412843 972199879 32622644 952083032 229218495 55143750 547857078 571880506 456657311 669455998 380847035 769785348 318036270 22542249 972627553 37085371 597061029 721948090 592618521 
497634908 174417357 780694228 667512103 127153747 813492614 499659470 433598758 777110018 269077060 953970614 313364354 285008192 562754444 12179018 57255932 372549334 286305147 376922752 240976681 
794424579 998122304 579793919 676154100 63797754 868800413 68891300 28234519 607452255 271991145 135906046 938078630 95811533 69228048 682281682 244819844 87624019 649123859 340673945 818223340 
849947635 86374273 27797756 976213482 607208737 588038788 809359711 143094495 293634378 101180887 884371027 346910976 923238474 780680520 857392930 334853847 20468213 487863354 613904199 560322753 
71746190 528643621 171496180 787902830 552204116 641396500 741229450 55626340 882465521 561585190 554257444 613454973 936368648 646556687 486331917 243560549 667512752 487288724 153001285 384501533 
490996211 875469330 581334272 490140282 801181262 536269303 573332518 659289510 549627445 511217991 720167380 180290974 252459917 85644824 33839578 504963506 837074223 366355223 229826875 840170504 
475267948 477450241 479802033 316305946 140840067 332769835 888851238 290116915 711166252 321217787 738025020 338985718 203340049 52812396 82254533 832228823 807769936 459873166 409157452 267400608 
25941754 664064259 62619274 257617902 816099223 345992067 538784754 988954801 457636256 101786713 30959654 33596079 587864836 860212708 69084542 960610306 252330915 212464663 29465737 606288533 
446822870 687590649 427333764 101008555 280000229 982317349 538559460 997755224 785765263 209687627 509525202 461563142 280233093 134780334 2292137 551054833 590358255 28278949 891518331 455167147 
531602662 244114714 490691721 674751641 257686009 562704397 582521038 895962229 375242665 816204817 535961205 145594058 119728620 573477326 842074205 301689467 35212204 33818750 417141917 74541884 
40942410 56260208 482337018 933458454 911970069 796213641 63162225 282596840 89057748 535568317 834015925 877036513 566253378 652744602 344392358 47785990 132659339 48451774 50831581 82519475 
151060691 65713243 204170538 545955858 512180656 576544187 918989320 37212837 91785131 556522166 869396782 908294595 563480260 504970301 472250371 837946130 681711339 762967762 456989732 284802578 
362807431 586486542 645304288 469886098 605493490 650358298 13688507 42210103 323989243 317737526 732742128 91036156 831735651 412577589 588104936 760859822 795781473 757603070 131709380 786013036 
988789535 69403148 362282457 439352109 585608762 903618544 87068205 940514873 36174917 834049995 11561982 853408943 851784519 510289109 67391805 133410046 156635704 96426712 154842379 14257259 
405960072 760280757 583409731 881670033 984912793 5013213 557404656 280679132 678988095 640644057 638170066 721593102 278771271 621498564 47062749 439809467 25422317 834870219 545320889 395991500 
34398052 197871284 784132931 673425407 459082324 99311444 452915979 230382437 337359699 461049879 266734036 7977443 489710706 229011579 16033814 803949745 788833715 145270165 592339073 206416094 
407275915 286413452 838259824 399574987 421726565 956520729 538343546 72822698 109785631 493775373 381036774 45329417 896573578 727213515 528584241 40654403 772296174 756550858 470176138 586722823 
654847108 529989652 83009878 377684445 149492730 261034441 827884973 891807645 958692851 55436700 636191963 28509428 762778244 292643157 742430688 988162019 119473336 53177678 839872240 884092735 
907919117 612173047 812680692 964346675 611573748 536680274 455084295 861330873 694584917 126990199 398100730 491561765 79457801 699604240 25198544 18287258 570252383 783086814 437364036 568448659 
598957208 39485746 95589182 847961436 917195882 720145014 898120289 971022742 758298752 723722146 492414592 40319671 576391416 311469767 374346531 923798919 624328164 425377160 238538759 209933475 
739802058 687303067 54326683 844560638 265758756 829364556 749693317 206912091 252466657 111047674 792736540 867837909 424722914 91257497 63086570 7628888 578920317 19167278 242006067 442651429 
41809149 948650582 647299945 311842897 31705121 323504575 284499124 76822854 844602009 655358637 90707825 68260160 884782732 82374007 564900783 934718930 184142612 241952519 681534131 64829279 
381049024 319007070 159587189 139536802 614329873 892179469 792493857 755997735 68957181 397907133 395201943 34167503 203377264 319023017 845261291 786386511 727184583 843327518 150908646 262517937 
645404243 951922946 760370051 505555409 569671387 788942154 824713075 588087266 415401754 944257154 628109210 793765863 530316605 796749641 561744527 491121210 809099622 213077970 306070816 436055817 
18444843 306678372 294450892 913741524 171444504 36463067 90144327 14852848 358008618 455326757 118330873 635809287 12030289 503481029 311736447 433419413 845110520 451957588 38884647 167374188 
5459059 111476731 935482490 365720114 811342742 397107195 264858795 272152542 113597472 731967525 82429480 148739902 672760391 880001890 487125010 491398516 182993206 765805356 70100155 306191476 
377534346 428326930 868376109 888378248 238447575 109072952 567327396 71960524 77371681 474352085 944222479 572273842 382389092 824274868 339056019 208845952 798510093 657282484 218918408 516530381 
316628607 295073608 64886394 458197767 817712271 568060407 983676329 10740975 13583112 487448028 862814601 211271964 628522536 420458023 398152643 175084404 387204641 30818715 665194034 253835703 
390970264 648559374 824921959 18142196 743011369 257849836 258635558 216231185 602859234 430140084 837024486 647590727 522758339 506734457 733743701 317948067 623114565 505407587 183993297 950236038 
51191503 939967532 935246064 965302054 416682819 626770083 463045370 335125516 829489264 69481259 280242026 200974484 152177821 230060350 421235824 478349680 519010052 419123427 503299441 817785381 
872449107 179173692 921747334 625360268 373373741 286917371 958576121 292171346 871198888 216000742 246109899 409546617 918725837 103794779 364949297 45442260 658616091 705458631 134035474 523393935 
401423108 260720941 698071690 745902757 411636846 84997797 12158059 168317800 828130355 630744794 345402551 832756221 644742306 904633227 886220838 946982365 46749180 166218763 145943974 408029781 
733633272 834426305 643525334 18167558 9397566 791215273 840140939 834351206 660130288 851508177 92667723 431538237 623433245 556295645 519846868 36906537 609459021 542594435 413406102 63139866 
103812088 752184848 667797813 691118808 567699470 922627041 606724360 498807416 257948016 138314987 386647453 156060394 992616565 810866995 313048115 944203887 18002023 982659926 290990397 809189402 
263855107 723081475 483599590 288192598 331543036 69118844 32890759 55783775 722545017 321509401 830232115 299130313 537607826 106092741 742840108 285960950 752426711 159695999 496391788 851622303 
111535562 733802457 13505053 637134419 819816800 206134653 875759392 597647858 409802371 269188771 405648778 131422770 923213203 515228572 914765090 858812955 48000735 671972427 833133028 871680651 
190940978 824707238 6400128 928766643 562891842 699423033 379640541 47061143 773306686 153075619 431469712 891875730 322607944 872615704 43607910 267915983 997400055 691670237 194725855 146637266 
884959189 926200015 187961775 573146349 333383392 959886812 457079871 224451531 529886474 479459976 137633578 322488297 65387704 770912618 141797057 91841815 223798598 781050285 998004871 941347324 
741412738 829306767 825124790 42772623 71260715 11642085 957192632 149505695 697099901 180834709 964672175 222455372 682112157 397335578 252469742 148375179 23220265 104557060 865797757 224371622 
302828728 290588789 767124377 775864250 859574860 489315494 131280177 835500855 101153248 210445408 259527787 177438052 231061987 504432259 479829021 412019928 919741109 292074370 550190420 845953026 
701049647 345003492 50453455 919399842 650661145 957895365 676629126 629204301 682635698 828660307 138256413 13432813 274968108 367609938 785881969 916883518 403050541 846025880 178247699 301357907 
239024719 457773970 657822407 869581071 427135137 178833085 882556421 349080748 51688740 96992557 376579705 237100344 180917326 171246602 994109315 721237522 29344139 51521294 3059638 29615986 
770286519 106021129 29709662 357058270 892989861 435657821 942586611 43071413 283377307 22815618 24708006 462783401 144561876 308765059 928258013 226526013 903916540 315871871 835778990 887952971 
254153144 493782057 379709799 36236416 992676379 257295944 811424263 796138974 741204530 29109046 230274497 121639738 53370489 815962214 684847744 410107579 992917347 757016280 375354973 907879521 
477357527 35099554 25185322 608940667 935575469 159711347 343123948 288811567 698803253 842220552 752597849 378099702 631732400 939362995 41605725 44194845 160511189 663996125 49704859 701580102 
951271246 255226239 51790053 68628196 60676663 7871146 637731779 938003907 23289766 58608129 906543601 812377215 425135647 985607996 768871905 565683720 47228187 943956643 859080500 412539940 
459788683 73856408 509325125 927227884 825682511 353669901 152866207 53338700 614104253 915238921 640459906 531891336 435136799 10538023 543405410 342376627 408473397 334610967 33150312 21930551 
888539824 523577371 600527343 513560144 103677877 745717899 613770503 695852176 518322016 910277202 674675190 490798940 298077246 84803951 519127474 884800621 16099025 341073781 346576745 862713168 
451283473 73591819 136361209 918388710 579055590 958090606 172078968 257134309 629028271 70207722 626389933 574761558 42506429 31761251 205986453 307197973 26673881 642929106 300101088 825365587 
10512057 991984065 672760945 953465367 861662351 264880590 658218721 210975673 839102075 895218222 490490876 41634662 454378771 657777958 619781442 881628063 84812770 4573076 89238376 435724218 
489637350 944843108 414624469 677647455 314223121 690773531 10211364 27539467 171188169 469642576 106824873 243321746 413328232 511628078 125692645 619917974 114166461 540659956 266023697 476605457 
478200201 399183221 66699159 763189968 868734466 807585176 490674588 54681075 338695507 37768408 909260144 41433457 369850395 7806405 79464221 22302357 229318378 304888450 535422686 817570936 
52666054 555081030 849790372 923091084 386669996 402520283 990065042 993775384 851164936 301828385 292530818 568007603 646799420 994227084 939542142 370235852 329065759 46970784 833234504 452836643 
42554490 959098749 562313682 619831886 112362636 985735247 839406791 984745781 695932807 134470361 72422144 515117974 495388690 691678194 660344080 6287745 972850629 62676230 390683833 894350813 
38035887 548766870 77197684 982292705 449366740 65185456 594556141 39304859 154524328 357737857 47349636 786386798 582611350 438665665 736582862 411426957 96822139 5204799 154673169 35531905 
13268010 978559326 368134348 414129063 92087274 134882198 354367277 540023986 605309940 198914546 284242073 751521061 243796726 671194513 569914407 605811163 601031058 600500519 48799524 107986815 
53567199 416594297 290922898 488212 660684007 676369892 435880610 39008879 165858599 943847638 317568317 624487608 238572819 951824467 560643201 273453804 891714191 824610417 210690107 739721310 
401825911 360344029 18461041 458373937 732369688 595750484 36495068 11105502 206357685 135970091 629856614 830100150 271604227 208887240 39438512 873809494 589252269 189529638 274747280 737883700 
699087313 775390037 935862411 295777818 744823424 853305847 324887135 388763556 186831938 942601924 46916730 431233733 943289232 330938119 249766788 444819008 4297303 785830175 500538834 5550127 
55940220 737355007 360052721 546745984 517092436 332250286 150565153 279521138 144006952 179768519 330737623 60676636 465494455 231900410 6827577 351778535 368174259 945057930 946400934 518907920 
101857602 281257678 989192236 52898342 126285182 507022256 476973840 603878546 91676918 94330928 227827017 238973450 101560619 787735265 717868805 358959389 37164562 847528043 324392739 996357290 
711038617 238212104 144584631 89779304 918404379 582039560 359492233 484236640 628954091 952411725 28169621 959558254 76870095 243542222 858566542 277916868 679122562 748165656 433728596 291753063 
795285296 58488265 168249730 596002992 211065597 280754452 573010658 830888141 461334399 204936000 495941366 971230269 992329023 492709416 867617648 676361047 826770492 410228412 66527673 921655236 
363317352 63778174 776686448 395789568 88770090 621889287 932277985 621813981 498484954 376951936 466062226 475206656 3312968 604810281 735039163 499909218 487232053 820816341 405649352 916018128 
113955032 612736875 138808538 835325036 226550618 534353255 966827843 832615722 570208091 985324376 656826381 282072147 17949291 151906399 945964147 197080581 651411089 671714230 952269414 835044529 
165197512 326626599 383118602 510439836 511302525 49405328 730700086 984624479 571479826 254113638 159199736 104755303 775502430 521178926 337253647 683070325 336779563 491123718 519769967 183187487 
66942645 891650074 354054592 941572429 576356915 405207344 672330975 122280893 667919174 185549085 123825756 206640768 797070987 993482317 530928890 290474875 282810895 466265150 568333619 399644647 
642050517 184951813 313898417 571811025 543870034 66604232 564874197 71909274 561753841 29447234 140984372 38781559 543707791 324353860 838066965 444386547 337807360 548913711 704368885 466996329 
652147849 566260091 336373507 710071435 827545187 89604658 718636964 245221341 41427262 171465332 124284656 852676666 340265660 607072757 813160243 733914958 201289459 693830266 832122221 170012442 
677131500 124586080 981734867 871291508 996080421 15209238 106037323 92824964 285840402 845211038 180227316 990142024 580965016 532506384 795164828 560659729 300623505 158802710 218564935 267767043 
745539915 165223025 885330607 693183641 918206985 977298291 65202877 618294815 68635264 542808707 612693526 534855734 995359580 594125468 435336330 921159251 654338233 159364558 987092387 652343616 
867141290 21087675 922328348 913614746 968256949 413576220 168499045 658034258 871003988 62368569 987373092 787988780 48441974 911130229 580365487 955097923 943519740 215562945 9864338 789032834 
701646652 135675683 990716432 187060524 218256001 416675128 726761627 811240534 434983818 414917038 404664155 204027496 917831687 259720393 994981293 71794334 717149727 1837792 882788256 291292814 
435173612 45632732 149834361 625232536 133291261 188276929 696166704 63445623 594379987 1767964 53737713 199713209 424676709 606984858 366144924 831586366 805816988 257036915 323100229 703066811 
717566935 976916725 114039221 587107130 884596841 439125254 73157351 681343384 341464086 700321179 532557196 360129541 647830425 43530815 736318088 209342344 574306593 607542164 35337331 973117560 
586014928 103031754 291134488 488192771 19989818 406951721 896881913 415411115 386184172 243190925 375681481 221216708 271040995 429850084 260006128 956474872 677201936 745957553 516067595 580054724 
891908058 153878157 470541674 153609464 479301532 377054625 945371792 507180602 408917795 23611693 84720310 112716675 22858802 202766853 53051976 607990177 580245246 670129935 982848615 643461556 
345546417 41629125 425107302 600897969 548828651 42377913 450335053 5567712 742397756 905417228 925039704 63698018 734753196 839247862 438717304 571361190 510477620 58294593 586204881 874849520 
285151042 820904911 720627771 588030426 693847865 219152144 356679618 49511378 966617838 920476812 634529830 536326295 459529004 627581022 549096283 392980160 319752241 546503094 829749002 957654582 
989982254 106013527 438026510 812048565 920674763 401314839 716045304 902482511 785394849 255524706 4782988 131695081 314210750 6825398 208611649 748685756 629707301 682751273 608413893 987434965 
275245388 145095136 399264887 725288598 42367387 744824470 288348651 832671027 39055603 65191193 7806568 509782069 792898853 220430032 877548398 126110203 889718903 243141935 46289704 972892980 
811202083 56300096 84024576 855176038 70282968 964036903 572533257 554774890 545598775 513498771 751735185 764781549 362101334 15327564 287571352 231035376 790579777 445776557 794160979 470938441 
396585076 177661734 50254761 962537760 61043810 437110457 307881911 910394996 618884593 157031806 629435724 71723155 631935483 628927520 96284525 790699941 738281167 624478302 78010066 503375650 
619763886 242089355 193105511 482487895 398853710 592084238 846723020 758460645 22011227 395271907 533524437 542891842 924706545 231682584 791356170 933861175 314713123 481287505 551449129 239414368 
621927031 472305476 286434976 172310702 828551272 985530174 924382995 368372968 818747875 449789340 748772316 554580262 493589706 935842899 25146244 704701781 93992308 325515112 15284047 254476726 
657916714 721159544 657801136 673175391 316875948 883660850 152885453 652353720 390126762 615113944 746301188 19436031 875779659 981298370 294558564 563753413 371311018 373259739 766900275 554795374 
422854740 366576418 850503015 131724725 345350603 977937706 501601581 384909094 766603270 350173850 261617765 424108706 863390703 16353452 707691300 25043422 26483172 181195699 963871025 883504101 
733904438 563888015 567442056 546196882 820521389 939524151 395847643 73792021 914912769 799070775 506722060 706265976 198627939 838365998 259481523 268675855 890175474 362082896 718604190 87323146 
53157445 190083298 748926796 287945193 413894633 329726657 760815217 144065794 969965273 5332698 147843190 782106365 182102279 589729716 226631926 504771927 433052891 139383779 869165122 986126307 
355843502 511837843 489912286 715807044 257173582 717957122 462550785 388736885 158789502 692551173 7184153 912847937 120121459 979666050 875311172 477236683 695781208 405057012 357905880 344491784 
305613771 324695019 533764828 39907392 255245662 417970057 472583821 190865296 227194903 59372038 382843099 132041067 348801264 444839214 525549289 15051027 172841559 468876254 262215568 452065574 
15626414 889309834 458174428 204504076 902379214 95526841 651321229 12637321 410868349 294827143 650227096 175468081 23705851 25627937 118973604 34747885 863067002 310663502 443381645 437002877 
179880864 265331937 289551845 21761261 937789447 994433096 959762541 418076967 56672446 17631488 71708064 955641442 412369862 409246238 404327977 136937386 422359445 819637447 624230760 599073890 
945312151 663806136 104835569 872169662 503758504 74998976 658657805 231816776 304833435 68638528 887672887 465212508 804898742 239367859 331332512 254779565 556280627 946315809 527921323 433803198 
556790721 901556650 840983922 785913193 143288577 319811329 862834239 200586587 536068362 528504301 804622868 183524246 2817253 566133961 946769700 985433326 514790674 357430533 150122327 12498829 
637826561 801264548 943541450 34245487 7228568 771961276 787146316 346653414 322052789 696878329 649765858 953496343 710527906 899676187 835660612 439925883 384737442 77761395 166380639 422679392 
415042924 356615530 666029521 470882405 890530986 666678009 569311599 676823297 436417657 992442418 348686530 66719741 161280749 312848566 285925766 513613301 221584010 45015101 325227050 47837659 
815996620 105624337 60796499 259615092 92233888 475483795 7547735 951546329 778234600 750678453 405832903 293687287 841645819 901735806 218968287 481835280 389345571 19578249 123757844 644660024 
111269150 564455558 325266063 623113688 932477597 937463991 200360619 588390959 577747400 73813107 298310521 794848204 10194871 642653864 180720700 392632596 960432891 629327698 690803182 670270402 
428148756 721544198 987751353 914579810 987381240 77127785 10811263 847600598 883694226 363411128 224583251 52197841 992735040 342229057 761471229 299587423 176876884 252990952 361817210 554217051 
440267411 961151139 448372345 266088183 406496697 19986943 818715103 708814904 742056692 750959769 840649540 630095991 49805413 59565221 781743476 701955553 560837282 627974251 52010479 588832503 
1784118 752349382 949408106 444941071 775994143 59521442 728250444 398549713 27290446 668967559 982121265 169973947 859721004 578406153 56162153 971946398 128012560 781399892 173327227 27376926 
621887689 766920871 794723228 254228022 895024154 142652885 268013113 756849586 881034553 467668933 889970802 336748723 203513167 777453043 765158043 63495471 914403579 758501101 907181244 611649134 
703911119 836982998 662436626 805107598 202510802 253077991 784679565 590825984 753844732 638945513 201217360 925777416 174243005 66995644 429336373 576598849 457741174 117201364 463749702 569700631 
582819325 193878198 387595077 185712459 190732062 566571135 823227941 604425842 176916757 176405086 369179278 93810807 195611157 20912916 688298077 70885652 593053892 851309435 991861793 559275613 
180578493 64545020 174609311 75845941 584036109 725274137 157622863 22267350 65568437 438309602 775415261 167736399 985244975 941122943 166128297 766974206 275920609 784603819 664285256 81681689 
16923564 580269622 869662209 684166954 22784863 940788610 734742352 410561422 397621829 554839559 344285286 703247605 62879123 838595024 976454311 54910182 351776762 59423739 929538347 472316984 
207011356 25977663 72650045 115039130 723092238 85909598 235924191 27479052 234736858 485691062 365983044 267390819 277053696 554450101 405738325 463835337 942512369 863964255 15252524 509242683 
666955410 229778379 194587548 311774217 444750015 362720675 805365416 756057945 662345669 990849447 12554246 502801573 213160423 484445483 983207079 438934840 41705434 910242709 70678566 745895605 
379595081 334634720 542730586 249310097 263213393 294029340 732792522 198337427 406811398 514015211 125791027 662568027 841002477 205446917 284842500 284582360 833372800 568444597 544097250 461747920 
16318125 988279130 277682981 73911644 723614295 733745895 229242969 629829482 797058003 790595939 754552510 869103418 486120556 459382121 198439113 725759969 891839712 530911913 921805985 116176329 
397400545 153061478 430868642 629354286 896794773 274147831 893913053 984478882 199041814 778383174 538779286 138711435 672283890 976498003 217001668 529908896 842872748 230733490 438412437 714950767 
13334330 861555720 687500008 30108633 866793093 450927762 23015376 784497301 394965996 386373279 580581657 982906281 287256001 580143121 529991867 705371125 274411210 765202143 690164071 89834152 
196455105 852007318 598555395 216956360 57076437 345290708 705099557 983636142 212355623 42826444 480454042 184671879 620216910 647013829 953649379 244298453 223496147 437284506 941329075 50133484 
762902197 592350779 927518834 879513973 61705957 983605546 634986428 649402607 24428748 397203456 28021474 111036969 869583298 111966182 71179624 589406665 429285525 95005468 7561351 782964680 
84079111 700555637 835571625 140027891 715566415 207847640 28484846 221932139 17916053 9446849 573121965 831618086 227648892 270119871 496744172 571553645 16473488 15037939 420757991 757152860 
660733660 573149079 570484879 873974117 651898968 565181557 686852616 612328396 289453682 689103211 148182826 961761324 99331980 50244846 373372672 71424753 7938173 141723523 917158732 57340124 
872894735 369071176 69756160 606046084 779516031 151552361 506722504 287626703 61356545 84043948 99099516 787438716 12710201 11730918 675491501 593968796 661212867 460560771 870581537 178711060 
822494380 980415746 466323278 943263772 436486903 769908598 647868385 6122947 890160153 509453318 98535483 155280490 106211708 33541229 892890350 608723524 650504192 431731067 565256772 793090781 
794035318 915856275 418756793 37687183 741662755 115880748 9650556 170747918 404608323 731349328 356045554 792238814 528950148 358662175 838327603 687728088 736865414 705706829 528731787 508171945 
923238497 834994335 728860666 836641618 639154719 204447858 125378997 464196264 757083198 768818741 817102755 169161942 975134000 625242346 517748192 187804630 677073883 677999529 1031484 42517499 
1684504 700163613 562984894 198450284 593701688 897998084 603489562 692068254 105032827 388334259 496166719 531221473 352550296 105416592 134313675 509692885 636752696 472883863 453748629 333995760 
405126522 284090837 869997858 254972410 53060719 11078384 71012144 686180240 332698784 953600925 165281326 882544805 880581508 226507304 226834370 974804221 591066122 914335216 711928642 916507568 
329794325 885176297 493522491 639321005 35791866 67658519 472764654 342506548 948339973 966796570 881779405 916409690 511071218 783160989 868763395 205414537 932379252 409357285 364148969 142391550 
759245490 735053129 9478288 58936393 90635204 780414899 767366975 866839249 632084026 334312740 502938603 784283725 515715221 579345710 2856896 859763788 67378122 556006775 144134817 966333102 
812687304 203471421 950237088 225453096 380790760 313628364 421104004 785878724 66797437 471569930 73787211 1414749 323018321 351644396 47480998 543241513 284689689 73971966 920017526 304399400 
291138054 695166175 926606166 255620021 304182585 538293442 888543248 682923006 155831625 247136494 232650790 328117635 5321664 458306623 736709195 33286553 930689435 681139363 745582823 77581034 
285414350 459869085 259034775 869283314 74659773 669484742 784743083 550881668 433104836 650987591 32507301 254347075 753043376 849661793 248516034 901172265 947179843 218841317 636085097 136091907 
697426100 200234940 211942844 132786931 986272045 248620384 855637776 501310445 392898892 8725087 376228204 993362747 113891234 99552992 821355276 47001081 528056119 944087831 814000866 981485465 
42996740 223481808 908844304 72850017 518440823 187617002 492496750 533745640 14075122 688440280 187043338 857127324 251477581 14625824 92463011 474736959 309905488 776101856 310901294 180394341 
757630777 949314117 531504977 540665335 460303164 726450707 823236843 439145652 586300670 967821856 414215562 50376107 232176153 261521880 900195570 726672322 772080027 783089082 997907613 723995954 
677908615 330235866 21752885 725806088 137072210 598435933 421583388 911410854 436119911 558069248 790683621 305844288 256951204 703190673 819248856 558653791 697626331 992118644 15213681 193839201 
763246930 71665183 401137379 804764151 507824707 624677023 814047630 498272678 14634589 952055314 567253388 358371911 659076161 211613483 83530281 306275975 62765317 628340401 136046950 463561064 
66864308 796146175 225088629 502140606 881071820 2226564 310408256 202122162 735625919 84967749 530037219 143738690 37616755 44573014 55450412 386165439 913913027 635498086 996431651 354447950 
504628731 621122097 687442557 9416039 60354656 863169547 852677671 699506522 273835685 89620827 856967617 836048837 588294775 7683613 302365727 930880287 862124274 962463071 760269770 236624688 
22808360 951521733 121654653 584515478 844123810 141993477 42041000 768048706 957688280 153488748 182684145 725042169 742670520 253750359 161012655 484535507 670516516 131162299 125027949 322194623 
478838643 653816477 447346541 51316733 702294766 468112538 26360610 142900131 42771028 247395425 166072756 890730010 389962840 632642356 103296 201211805 165001246 307322475 639706518 165737152 
683186626 648749041 866451001 429401319 839898833 850321093 474839394 359751370 520450765 693606266 528334141 275309816 923118509 234190007 528232107 661606481 721344091 694685623 11515326 447149707 
950111028 123928778 283202112 782377646 362783372 2867154 914096173 363306392 586023207 794285256 667872308 552568442 671265985 907073589 709294138 971209560 370565255 726746041 431394775 593400205 
325220764 396726920 932269270 49258053 241423253 502116839 36465593 840290049 421068029 815382963 335417396 394433046 205614034 250356954 182540717 140201774 849377797 171598304 928008130 829681606 
12169725 321573724 329838275 143996846 966028054 251013241 57277492 96005517 519550491 883438965 443878220 608883546 263068112 844928037 743295353 745074404 826613610 444765295 593029849 69345867 
113880852 421231822 538832578 146347140 336378988 821631698 545666108 803334617 148914948 16819101 790453889 822201447 878220002 292152424 441452932 913360030 847104 687620860 867061351 381182405 
861171660 710086201 388536323 366260851 50975656 958078610 978536292 779324695 239695724 659801742 60991563 590653553 649182433 713888585 699315626 401179670 111326532 422206705 443592235 852959472 
318709192 798992202 713259178 99715515 166374419 498389546 207935670 2239370 42740414 465672702 263451412 646086208 432825818 133326915 678535740 362609943 714368871 193098766 46242520 179367709 
873530332 134263428 61464653 887979953 191936162 210671458 357599532 246720267 983846552 320808311 557831100 56255152 731736721 95866661 371362427 31735299 462407121 195798756 445003929 457845424 
372462739 518512575 203042426 246786366 956248198 690298325 116381237 558055814 49141066 691082969 884594711 583027510 289123577 539624082 604901153 57411149 665283737 113302363 665046406 381223843 
649117867 175697572 34894125 562814302 224020895 317046128 52119605 377012094 669542492 250555605 357909869 495435858 186735293 168658560 33653976 150178048 395126799 160221486 188915760 375901697 
79060372 835209523 979030879 943822754 879336195 862920951 91189510 651254405 234155782 12808564 88614650 966287390 560464826 181793465 403575490 143359799 316021554 114087018 277653018 357508204 
227793909 991882814 762370931 16493230 66481531 349454463 411744881 786138053 471229621 80233614 772451436 850014407 672006274 619122013 197435631 752159394 205141562 628144115 678265404 842816152 
821628455 37039083 853375431 552714940 560648199 72821748 961316022 24704634 917634955 822883923 412571751 805815053 187836635 64632157 863606506 231106567 902987024 383418366 836031363 973979597 
221920952 376941109 132671273 329955352 857046614 573482390 93820169 35297909 659465951 969847238 766082820 114107589 592796222 850894082 352578093 375714238 30973392 891114648 166777676 972304745 
327964393 21218668 56283998 943862178 65247053 21073011 403723282 117847707 282442169 130086717 41915468 69870424 295292504 440095844 293239975 923398708 275470158 691934238 611599341 431160667 
876991793 338180272 365061021 707041102 396862346 434771704 811293804 59929443 735159640 373745378 312068803 69099074 604357005 118694899 494390078 530531945 684240783 427146690 735260460 39621800 
320836536 61315193 296452369 114349223 802450390 196304218 593647911 979807580 179325868 431332149 83460569 893135253 29387120 941504242 22539335 31608947 546437707 527215629 696546501 840535532 
58056412 787782932 6813530 1469256 46047157 840610858 328053831 935204773 637549020 764793736 526615670 669597811 525417292 883824119 561569295 463550969 243937137 108994391 910076136 459405263 
210033583 859159836 600335119 911791457 48090075 156260043 822777154 329625202 817016514 182431361 85858167 194725783 988086942 717681005 242918741 150734520 710316451 301635665 842842809 843021203 
900415095 750884868 56717362 449558584 940187829 74801650 34025349 12319117 878375274 104805532 581982250 932880333 545802136 358464530 494910413 514258689 951985334 190710396 91921103 84889485 
447435053 65155221 667510978 431416998 683608285 358391341 854810864 133209812 896399254 374485670 639986388 549619828 912885151 714708344 141282975 203733561 74052658 412855982 670480821 37779878 
132565503 647231336 559354670 212972438 828018598 72161878 784375894 264684724 528604221 568910915 63469867 465506819 286929358 303400072 371543271 101511512 61123033 441916820 837875308 177398235 
514060750 247637355 6742232 887592073 651859861 448665124 61062141 294864053 965780999 373517929 669483230 659513474 265130354 589005306 181618227 944177514 161248280 304454187 875226343 190395579 
21535409 277800546 59960474 30741524 648077541 488160410 886204452 440184301 573955538 89500131 873689609 50544140 10018956 720032479 539040007 5191185 631192728 281977926 405312653 548935148 
127854192 814371683 913918273 84415585 850419714 393752213 398761337 939169674 334329137 201702863 710778306 855506261 213043282 988885784 91877724 795948033 232664752 747350795 141598395 73835173 
990993673 33045849 33234952 828498346 367879183 980081986 527746974 882459469 827784424 7014944 605746318 255044638 749970862 59887579 676075292 353090435 925699567 63477621 550143296 694993973 
451760942 219039618 771333925 139760834 274697569 615527589 857654189 397611017 426978161 672096796 899683563 11179457 618143677 467571254 71797928 281983731 960552087 753084117 646013151 593810043 
681648325 28561904 328841281 312788363 191894529 964236820 838872753 821607464 65385338 908957407 512109000 171709868 154930769 350140804 2063698 754790722 988795420 829068618 144728016 3901035 
8333158 390247436 16822005 103353728 371875374 53060281 60392489 711587879 624126564 301191638 31922441 47364572 169816175 986236409 927366116 11296884 645112234 929077324 674567231 309345425 
528034017 935773967 697759570 940202541 695887577 51861013 804097161 580405525 453197509 616677189 647954948 19543403 136426194 566637339 254939416 436326435 631705756 905455910 680596171 735217542 
879062455 423411847 507929692 386043826 879752231 214560888 71244728 250198808 543063784 812124355 67865605 319922941 814188134 531825222 983341597 813047802 642243846 391618422 126181641 180687484 
523877276 575986905 230368905 765393732 813440498 255472010 617947027 634676200 166686536 762027960 5047502 581539665 561350350 308090152 138311448 521447995 640939052 651598767 36025342 318591927 
5217274 11557304 212015687 746395052 36807752 697623237 708279913 287323474 172241176 826333158 520474385 656704438 372469983 767809603 513018272 649688633 128809224 121520535 646545065 859868945 
430109297 815972531 636413556 17733061 117806571 754332151 745522557 673750966 42694845 479187421 563716342 42428562 459843875 307772782 68911937 944995039 764844744 822723274 822562935 396929141 
1041232 275874213 856681188 425054979 781174480 716102596 432678792 840565897 5608531 292697476 418255511 736614365 190927447 725452372 798295034 119681319 531970894 950483254 393872332 601835109 
982845982 563436866 12222173 858191848 29890209 176170531 982862644 808679636 114737701 833830039 665615493 565135268 306852845 344645363 541231295 586774180 921691566 481710493 536722561 895566965 
756350995 360062865 547684255 426280076 902465338 685583068 23128481 805558195 102979381 621841700 905815620 601339015 980611210 159827998 44575223 444383225 294589620 474498582 615528032 767391181 
806466207 120629867 113651413 752066846 731128623 28078608 591314148 632202455 502445498 662299661 835601611 908989499 9145481 451564028 38513152 627284831 260032859 354461836 603022250 80951211 
888179170 30527489 345661733 431112284 12792899 134503602 939736707 237584133 224236444 525373321 386648326 714151945 803751030 757212807 653644711 381027107 378368343 703987006 413391762 588698590 
842587954 244940116 802946215 438374941 223955444 158260999 579089914 427385492 790565113 2668962 73891411 858832717 113062804 51078157 535799984 386859045 514235788 816686397 443226303 63648588 
399688601 188298428 105465701 5195209 754552811 61311785 14292793 485981171 39132834 445022906 26376456 22034935 576834136 901072819 449208403 651861082 102631572 681777393 99452877 524836973 
189404756 135551074 501351903 146578651 908653708 719121289 614379812 227428897 540914848 925101055 906024172 285448975 865015020 933341165 117913021 681026891 770075965 954331796 756278733 490101198 
739011413 780190917 757721481 880561510 26091370 544025961 321793041 33182003 33183912 539496954 287884218 7461674 983585197 100941575 646055563 857128596 500411656 912672948 256306881 248460432 
531087810 788904760 996364107 728904845 53655508 472521566 233199694 25828560 424539308 904902405 608332706 353577717 198367148 629294496 629817683 733627495 819840684 845240502 431184929 824151782 
638388851 933010530 148164096 647321865 868350786 555247572 577227929 73323192 945651018 818421199 747083207 208803250 461688113 200531241 993174555 683081222 157097105 275972430 797356888 927388314 
902856312 837939901 59118839 573455783 667395049 522995594 47436966 606737723 208693337 791753690 250948801 434860981 309800499 379701866 294734559 458432588 223218517 619711752 976381000 481642377 
543573393 161631512 688003702 404161480 846503725 562945041 638529436 49395130 682586979 203164669 545786652 820882663 705569505 143130621 905907727 36151333 713871434 454970563 27703234 65861153 
48622771 981297430 865344051 33381855 894997544 81194577 805281432 139114290 40221220 28092643 914463192 389630787 277751325 278165713 290828559 593417489 588759030 594805296 211324430 37935594 
600321163 650456492 898327513 597610998 19348007 894597380 567100200 312385709 515906833 955783051 52608742 60906843 358546428 400941736 674291894 250964901 558976146 702257751 146730345 924640251 
472416243 896365990 74873224 487312426 594935599 893256505 304238033 73932748 202274765 625400262 527408050 701081813 491288647 403576986 590250448 687450121 339467404 334542866 990929026 288640385 
788728446 945433123 912784982 82280746 75169392 722094802 761953418 108231493 151037874 223420604 544152468 292072680 515216637 961670544 523227036 5044346 331116806 121671312 940025084 525580860 
737660657 447032596 791934151 178692284 399460058 932691719 43247934 983487839 929751630 537089896 443077213 461927648 636803279 954517194 93702734 308303819 215587924 931826644 601926128 236432129 
59225542 383128513 464571737 550459448 472838533 343558881 21932110 555433592 8510433 909868311 799419089 323074719 561253794 388990553 746911117 444202973 905824385 25252658 987356776 841891897 
215311276 891957572 947275002 792306954 775260230 976711616 684537615 153819007 714849764 554160108 204760359 729930008 906315537 235652517 61040373 250604587 187878858 847677401 561172453 446188640 
384196611 298709260 94245775 223442740 723794977 243707861 671300165 786646138 980610430 74106718 773907850 155651797 454736104 251977704 769172632 703179840 308697378 468838213 19765464 719861383 
669059937 723550556 117795439 72491979 10120144 445761704 795249837 627683073 39952909 521658041 901501595 367202419 59366825 160976049 646927222 522389053 665264812 340374473 307142445 33729745 
131032591 938757578 210322149 428517237 148634177 154385812 858791287 154638529 27610018 498380698 39257068 423062305 860482827 964020835 351483400 505997656 291927108 67596043 823894717 232695546 
945563276 97307072 38436019 547109105 789378325 758854214 521739974 978828794 362629509 471391347 8863878 469251877 548610679 20863155 716372666 479768664 481787895 525788294 555555799 717502669 
957587465 522160894 149539978 364391311 460655395 262575425 379454515 514181121 990507182 839731980 685886822 300751447 63001481 843449134 800938603 677590043 26117766 743801865 467462592 814593193 
329677036 965981205 365755026 73671091 666751731 99097181 29184327 739250111 30302794 755904256 809421816 204348068 819025557 533887921 444958448 34319888 251907560 290688055 212259118 191372805 
807645517 742600429 458813672 456527703 456253763 270730563 112572422 987279408 825209405 378102844 695822498 862339212 543308063 542835950 809494927 57043644 529524677 722601222 415812303 26373096 
826308987 771340097 959846939 186027143 788410246 65913842 256542559 533817573 479583642 35461508 397138235 168888740 55920225 441003246 757150084 861490234 357386235 721717824 802365889 94116720 
412113016 460600606 881758126 343996386 443667040 604920127 8350139 245256322 717787435 601639661 838183823 918432533 523066825 37312392 883044991 622664884 507095836 34661892 601416216 279482957 
852140665 94562152 944642202 541092127 658341931 62887757 584741753 66475841 682901487 780799076 867591133 374187035 844077433 179771631 163386148 92090604 7621870 944667462 162273115 78401859 
201899880 132570708 493057993 87323525 230025077 401386008 992182628 937531757 153389463 970728486 886041434 372383880 541246662 528769059 254659465 865458869 780005098 273023052 556063495 380466859 
738607457 643024367 989727387 445495410 420337023 334688752 363128642 402358760 822735113 817493317 166121131 380644158 636494521 248607099 263353276 110406521 595144381 406063407 89764619 17076466 
442420024 871334038 55588708 302926294 329100479 862072309 485158474 162577574 196403934 125614634 748702831 354332856 367166609 42053920 239821370 536544948 124497098 113664607 619036746 35438871 
718456561 15831419 223194093 441113781 991865696 272365216 495100840 880769327 655854563 976228109 736441266 505794945 478687294 191577493 511285881 98305143 461111975 81509151 35929372 137506098 
293792839 285431591 703425519 149572520 23790012 20154427 373126907 339180833 403210139 315772030 606048891 134186171 208574183 18176552 75631456 85664743 775162267 63348741 997444557 680772329 
61937445 427824626 661008283 216328540 977287401 74374499 275523799 322700972 645770939 932295136 66794558 884574874 847764325 880388483 497720777 464506300 398356775 462013820 460592412 81873402 
92565041 129356429 535990805 683975441 343796010 390437262 2328899 750911252 30453165 17915881 44462187 477245159 845555910 834943007 276534022 719431362 44541305 823829058 826783422 5129907 
54679868 254049401 898568180 887616285 23314553 427869055 746161724 386891058 24955660 413377316 110151903 530176893 712988876 353490634 83833689 831271515 564102650 614586857 819069401 115256445 
412403667 71067787 439997891 700130151 659970308 513560531 533105201 901584883 316569135 512659055 36493421 556989135 543812203 791823656 620809338 240862459 817327042 129496922 452594057 615080012 
591808434 606215027 540171907 838885356 26828716 176552823 535079557 334858456 846525848 407528829 657330527 689023584 891242575 392637487 609124373 168674987 614531103 464058190 770081118 185994032 
50621258 669705259 305848871 84449597 211061383 459077167 779003409 649404020 320990592 650041172 231427055 236797258 557506387 161769642 284746313 699680134 628286226 397550291 490957787 564182216 
631046210 98453127 332862487 150648575 974217055 70442256 285488031 386596593 283588183 76089552 863773900 680398520 960005386 214902199 730982442 150067263 912433617 927152589 309991673 60120521 
457381364 45495724 160281005 25893481 762989106 885687560 562339951 341260940 279610172 204893982 163228571 204383339 968404538 553600841 124593728 12177560 705363270 272493938 888894626 173175420 
852022252 350068377 153510075 734261451 1868720 752588114 642891446 780938772 745789575 109443650 834855283 177971513 465302877 901620902 853630726 991116782 514130062 825600717 980755767 528985405 
501358701 397591193 300637699 624842242 224905152 30142977 848307226 946779503 665506369 11079570 80938847 33752968 820310302 675713770 663085420 307707817 38791035 128955708 60520970 393826556 
493360875 751100367 216595389 23578372 120314875 351630974 241547319 836087317 727399079 713315385 611007712 417778648 129587938 164052866 41236309 510666700 524899602 241471730 635447781 322593728 
898780817 680834482 355233813 708764762 299656750 979566594 658117405 971590035 175272106 23906228 311291497 89634616 400491836 765418163 76260377 228224362 808638990 58506613 12280194 720515359 
708604093 743914381 134673323 773031072 684626652 303286299 133704656 157560841 234757746 669593177 301831138 37460428 912302711 69243408 447148805 707030830 13585242 651444257 14950928 538516679 
52633472 204558078 491335697 432576262 175737787 750128942 424367815 886239916 158384086 150260684 243416870 269012301 300473105 575560455 770086358 749635026 4450459 3735204 789868468 398083321 
405154847 33166455 126385744 454251987 750140978 493623023 702682221 919850565 920451302 691629448 220396164 579307399 922989626 354291030 7181121 376202920 64443046 766110080 734580741 481424649 
629513620 217854913 475690339 716818653 956297698 403270890 53227426 39304624 456637537 64341339 610924354 454229213 476137049 582471054 924861807 325146133 993219075 966293132 931043471 703457247 
673548045 489874037 76990650 55810066 280178458 391316733 723233852 484531294 848839231 337155049 19041300 181818049 923943815 389302166 786655353 614738449 371354992 958983027 49712465 19880568 
30060140 747290242 882374328 84717043 424670560 188785627 828671359 12916947 611798568 734274345 404489130 26337852 382324242 48216361 73398512 312351913 449957983 846231603 124964671 784920166 
626754245 597981354 746211126 618736148 280347119 255629707 717077673 124335913 74466810 290197731 593902368 156551789 169647867 704105560 205480536 659123838 764445045 179708319 653695681 417291340 
186802915 730910468 5970430 165651358 694773300 677465062 933082985 461808523 75470920 638937401 227709068 767709954 180550776 74170881 7273895 812800323 621832461 20249565 344512050 19428962 
755545028 202626939 681215313 904412108 785264208 196940061 939552354 862459067 398815959 347574555 678797684 827268800 835977331 278719583 81453004 167236162 648226739 383202538 74543202 925727480 
182241048 300063310 438027362 460193905 829216665 747592241 195062700 321519245 113395999 121438417 283466068 234991105 873246474 891255162 993327139 805969111 176077994 24833810 611946260 990426859 
915214790 23461005 646051288 70590063 992859929 310979962 440113491 385504361 890809040 627101301 519688220 590491952 638115085 897060274 699301633 426487027 133856359 221211512 472812929 312932402 
678081127 913701539 611494480 622126146 194768909 940536097 601087958 89758669 399403593 449841269 508360880 801876815 143124099 920596024 834352174 431085979 701355795 150340755 354306771 713445460 
459884489 262058695 534201048 28644467 472095335 813008293 417961129 693882568 487199522 627761174 238722919 344614002 480949541 838761364 869395812 193093478 173403917 545487022 186108074 595044078 
828184430 123584392 303603573 592480294 743815500 373633113 985741492 887361153 542486691 729981932 706820236 507292738 3446496 825277472 69858516 47592195 399408998 41649256 611195291 752720945 
524125194 417522251 576953758 510894478 371302807 24597988 60884690 719955374 651879499 437979747 966885088 402910330 298542168 381925003 209565603 121086897 546738787 246893874 305438636 653048674 
560223240 298843588 770041535 733843059 706474069 95847616 387043923 297098013 598199371 187288634 685498902 630328173 489977696 725048407 961135719 369348037 661653503 209689556 948050650 216792409 
936069126 813129855 403639991 278813362 330838343 950095804 974927227 757109806 65714696 869633794 683001173 627809918 261747075 863781980 353049003 749231399 71167077 684779240 514754451 661822210 
709886292 169828187 584221274 890786492 93214051 489595 327979008 14239575 53819548 448307107 387222970 455601319 868668030 255292739 788710511 451321813 834936443 18328924 663964988 111947743 
351418489 960479241 249775600 100709910 764868946 673835506 875681168 446512799 129688405 371162327 790659283 565068019 912776899 519929867 787664551 487647327 652920403 452174069 298663083 76885124 
9552813 331510673 66552756 524106200 829258739 33260269 656125000 612182563 110038069 306557357 25424678 628722947 843863544 848718472 895385019 46907496 502963127 662085832 75095725 255596826 
682814817 692166861 17295957 42457901 848225495 157528203 165403454 60490387 803910256 530317319 883607208 651647885 77986166 62613982 63725831 47049516 660569254 878969791 150540931 989964253 
213490355 155975404 344841081 992543195 446274244 326686909 751175928 602717111 593873137 151280413 218282310 69538520 692478666 500722955 755249241 438253558 694473681 686961434 271449182 483923869 
791527931 295763953 482699829 222294705 797993522 79992011 993118707 259507940 742116566 839987704 29098846 202639169 518203959 290092891 223378037 425403557 746245917 797414634 633029606 746841665 
544747841 74566449 267168150 318280217 806673361 260225999 733347613 865396104 92908527 29919735 50939462 401006010 324295987 346114801 180134804 32362543 796026404 738084503 784868024 786191167 
916694211 648120281 209996572 626357905 934009601 971029817 946603099 833538979 646871875 979528014 819841734 766590533 399623397 828334917 492286944 894844190 62795957 971089755 364659427 671658533 
295546227 638023525 831360313 837274409 721235032 742280009 523349764 486675018 384531852 478646658 53448599 714790525 490142893 498515872 527529466 878994444 833850703 850375366 42036586 365202708 
662005623 128540714 55409110 487883269 739390495 124573080 702815332 81656358 182647222 949258735 599238634 890940430 943806621 583925154 635135349 209360428 617191338 9906999 449022149 832345920 
412811432 503433165 25752782 743659231 378866901 49271695 52645945 115441139 127557987 190216770 942631394 926760760 768547832 184304572 539618648 273559489 534376238 507155562 171042656 992964465 
203591444 121372105 776510066 946545026 68414891 322756334 940679994 692040962 257509226 130831614 504556824 551419217 119701434 403438518 15922848 36018851 962514298 569179621 314238491 174862980 
335558524 863335917 102166020 666335312 406610182 402366022 93520268 25036214 365471315 761844219 853563670 837452607 773654799 24599851 772687548 798564546 531983583 921935241 617732808 701980139 
424420310 855503580 700373052 811868861 354470657 306577279 328071499 137537548 11761371 642660578 609682397 212185089 293973978 984369160 953593359 416517787 626835170 575060487 69882543 952369705 
276711884 211189900 948958661 582015953 930299880 585515604 2693381 944109580 365270648 764607411 146464863 266372903 289527088 21720849 510133873 97592772 355889853 877651304 427401486 362399063 
900890940 464764615 471381440 992830634 449424062 278647506 26222146 473045081 869301707 33431871 59620613 960521046 849054171 862245467 266371502 656465766 247778270 120162180 263830930 269497762 
283503286 918191021 544000064 24930038 635093944 374666205 19854326 650405031 973260591 97124271 391598635 259717318 477963480 767363539 44025861 597884605 711805031 81967243 526611168 594734026 
37135872 490839599 341761229 336734078 54515390 963852714 225575183 953889854 984646962 702629627 48144544 345548739 464824793 839475126 143124138 852095898 632723372 901409664 624057615 954072484 
371611797 777281686 835039457 66422934 120805874 671798342 9160427 866577532 454027541 119692148 208576550 3514159 791707588 355580694 809307717 56233185 394977465 375515321 635779114 830423193 
567804962 648895226 230256238 58711215 550687778 522234382 36458460 317317968 66468173 52133947 412302839 29150974 474052401 898554460 761602417 254507788 745822409 909940832 511508146 953703462 
659631368 653909452 282319446 605685959 962368340 418202164 591949230 255365568 69015558 567300550 769239870 179153592 182100208 959241664 149459774 979673767 719301072 497065205 477747225 519810138 
28856541 35232844 930140913 654472946 519254851 52035393 785795098 138057317 585111966 603066466 85130138 551042043 701658241 336142803 422679983 549535442 64792817 9780681 505468745 986543194 
429305067 324970259 435068555 503732442 475591643 25209228 755874639 921143274 612117283 757611180 563090335 949978358 454936218 374598133 40605757 776852418 282877193 513024389 985106715 340025568 
555209903 483145355 23955939 960936507 489807807 502352329 841516657 667555728 72337628 843675671 828794709 389526256 672632740 44948191 54859345 623440191 485578019 768170146 315052769 380164792 
407345243 760759666 697292462 561374054 440812227 57267062 438553113 29328299 77333701 798970729 900368567 23568574 37323325 745194779 783168975 801293607 470863618 877737966 140058845 181774658 
425048917 254409562 230226450 437816256 230649971 660381547 285005522 968219175 860183817 656753982 850789940 390605137 820146617 500187015 823702918 991854058 768748954 754713357 62481606 427255026 
752089782 39479083 609168171 734387265 795302538 49067601 586402715 300747518 554656394 650710659 677517618 215589 177146010 106271190 62434240 420478220 221134742 420210421 624256075 357349843 
636773323 615877025 628769161 375767541 954988412 506489643 348816487 121162432 610348894 380297980 306914438 680859092 472010524 820342542 725882041 712890790 213898708 510870641 39737224 224786944 
114064023 620310471 56943535 192057470 840693997 728647112 67492000 163366163 151268687 257614783 806290173 294516354 463339947 35258379 598978847 295776997 453290468 773343903 289789842 660930602 
747810896 605363586 335185302 809071760 86495800 274775376 254454176 581934895 207858778 941484471 361637335 801914989 132691818 50445817 411088023 742675082 245044365 840098162 524262641 29352469 
65087965 568985608 103429929 672708212 451120873 988988092 100778294 647678560 567036210 757637154 53052230 490968167 352868526 417045727 619136056 369336168 981767240 65791024 883035680 503083802 
83023454 386687076 86164166 650169478 59013441 587340637 567607335 798467720 53322681 769912595 101111027 918098514 543548801 140084752 472270093 848158698 174334915 719268853 84221455 317888167 
937678244 453078516 655825859 175422903 207622330 413010772 95509675 529790107 785933710 321336816 541763193 100817833 755764255 652157624 431815320 73649289 650043488 572189231 662928033 118350522 
15937205 310393067 150641894 46683146 556879993 441012248 111358188 713890082 817862779 226514421 962442217 877159928 669618044 390198869 430830922 815264346 557547699 654136096 385321775 847909482 
885216842 632505551 918820588 610443036 458343902 859204340 8116617 685027001 431508738 728435888 371857476 71671135 873233853 864635194 414994699 235791743 686004999 257464415 977387267 699844702 
882246992 49617659 464203524 138167957 478115577 562740102 395125785 827123857 37327065 664280707 425446404 344381203 56964793 53404430 19874743 582828977 107068378 665924438 880815069 791912788 
311517034 244589856 980028752 417311928 379066642 77490753 99257761 2737389 974992746 61395236 195130259 699012061 478691970 962467147 76446624 745440957 541281372 427524038 30801009 238261915 
41675116 504321981 763190122 724164824 534681376 322609899 380326173 179441578 81618514 267400737 736755154 10556057 736720855 993301951 14929414 377235203 121063668 425698879 19279592 20656280 
930992099 559459498 794923741 67658208 255158354 433790752 749094397 511620272 500633572 53757268 128422548 686633656 52458158 771926286 335230370 9571831 172967867 494327464 156771164 98601286 
224656777 395570578 718805928 716976330 543176329 15597774 909479589 783966850 76125603 627885940 453988641 652420799 598071984 227056943 975380768 846223525 322785023 462213821 747862620 9248430 
534348240 819318387 321043136 51917609 541611228 454196407 762746603 752975028 282482891 159551621 961961651 501872325 915765692 171611115 434868640 455469606 177667009 257902732 117523309 859501940 
758073184 15095839 71651466 801203616 557090323 995677426 545645213 243424878 255856329 437389922 24462587 45732601 283845219 796826977 476481844 47599147 68352055 148765943 982449030 53873482 
638917265 520037056 726001508 15523431 923898669 327590762 29633528 528313582 623667134 908595001 73801885 362657305 71820905 300655236 224938341 754281340 852181579 40453685 925490066 299768186 
165609456 285990989 913084957 270835662 2896345 441480286 1298994 474348035 27329791 990188558 467967921 615634940 480943435 93036443 63332782 722077294 628736539 60184144 184710898 627255136 
180411072 619296534 226728568 662846130 452147969 966602975 655890417 337639059 990396313 442082104 850317377 371519498 699906740 471445184 295243264 569185134 180105335 820630954 986327545 50818285 
974283638 355003453 303529902 385007881 657961275 80238933 125284818 325186839 946650822 948545248 46481100 980862910 905213191 725836386 16442683 445208958 30559589 656100721 569759855 987727142 
17624634 449470009 666191081 351570012 896276310 920326138 656057571 364149786 146529913 317391749 690611402 649796907 159824857 451473347 38229947 68838577 408676000 72671790 452656143 59961506 
109740398 193056597 70062026 207141960 23500500 953512797 963310889 5384381 92530135 772080250 782231325 383145332 435715699 995830138 182222282 669993138 329002517 24206906 798032648 689530896 
541703200 74743855 131208931 914440444 438204009 803522784 529802267 608674101 582389179 198249574 49161381 398393170 108282452 597543410 626701863 682177340 666427493 490638407 284425856 175996591 
841518230 33233467 498556989 35874236 367714432 330037050 818216741 146036555 182900530 704328643 60626095 968631698 470223276 396791274 862164102 796511904 980990823 398254548 404627724 714839252 
417904331 48130622 603148244 654600037 248019383 209604854 174898726 25631451 59355644 136351584 800486783 178975125 568396258 916266739 534519823 619050050 319079587 459078074 235801913 283286120 
32287467 429517523 467535382 87933664 647219038 429960947 679408114 860093527 422998801 907109600 671435470 406134222 764555792 823873013 44655068 377761563 371711959 834821794 8680453 387162471 
259632089 152739561 575737448 846845870 323773948 67885793 95273681 574553922 333814554 705536824 928558150 974895175 63799681 124493226 284443519 691867192 177190261 629319051 63079272 58736737 
83314090 243350594 803855777 313875044 861048778 44583370 61931262 803085492 858975476 520793396 583099400 611202333 640233018 265100577 358989178 327894842 621472035 812013641 72131780 726516989 
992842791 928982518 558145676 503224106 699036470 252847752 461338921 593139164 848974897 988640243 30399782 30331135 744168303 78484028 812340677 532359380 483008569 832942081 732498809 481441393 
478697807 74921709 121821802 850822206 37181793 735521864 362002165 528389753 364649367 21815653 517530154 364037043 192716809 451966003 544337484 908844368 128014407 741154734 337613652 288761867 
693396435 964648042 63296365 802137200 503454882 473354510 170520442 619161440 18412445 858985173 523414413 648037009 684268839 539473423 304735086 797801739 46435724 215592607 259682074 670358444 
67159448 945750139 326227776 386808228 661843713 207732783 696244677 474181882 72599797 979100506 863288896 812667653 425551001 551149872 952466047 790786292 143405441 951788278 38086400 668578887 
90102328 175162505 585974651 927516500 244674748 725394648 202754899 680676803 351398655 41174629 263854631 512552209 779677542 381583303 775430215 83830033 296776013 592673835 286189367 166000742 
417406337 893291470 304080430 514319627 223712965 278709381 183346842 23538892 983138894 500986422 735983769 238185930 163308615 519984988 460912513 407571194 613174350 752205191 497458778 191194278 
551375349 13030873 49491038 350675179 868442434 730425739 533436800 354862137 752146223 392518246 197090018 414210518 963243562 947254090 683620189 427715676 803011222 140970154 845114365 138284598 
583694153 792291597 353640579 496022055 13623819 947658127 225815521 860328899 558786590 278067806 259827905 631664628 480797361 166854462 902126079 19041654 310453099 710936581 952917802 488936796 
37093 3591456 774945031 38124425 671978289 69252107 267623949 51525431 194203725 668626910 196714218 88574836 264091824 812806587 436673277 1417119 800809926 50964831 495158490 299771888 
461093995 571708828 171472586 620092910 586317170 454337745 349214536 660637942 693304865 652436855 702139781 311973563 542330547 359171737 755189220 541426624 191669460 643803222 6145663 193221599 
186161192 781548641 329110432 438491845 806629061 86488705 995566665 769660020 379402677 952618257 272819885 498027968 162791797 217647489 377017524 385014995 777732728 63957203 750033019 113322409 
920058277 347261984 60031185 186779284 502071508 781908242 483820987 743397561 707197781 676555367 312253682 502567058 957190761 12087410 648732256 141587050 309199303 821600670 430241958 437333732 
60224537 248912610 173208984 542788468 43495292 484577358 484331199 691952355 428052996 641904006 705843671 744719823 430857781 124667457 916215119 14836520 384718731 57497289 843791564 204982 
719040243 555406463 64048549 864254863 1130320 274943573 25219944 835684514 627775991 394681682 898569300 97013038 692544306 139748625 273946077 58664778 21429952 32482369 638136620 695699039 
520784981 529405223 428439452 166228905 276345875 850763288 328296254 7891641 234242839 729747968 33648469 352420343 338434030 206962911 521815259 701522712 717512475 179755078 12551930 400626605 
933961619 15750108 800502676 379948436 441390913 216186336 115796924 280897412 249587587 977403805 446203962 88067461 428937643 449937912 666435083 820971893 970343294 707354087 185799390 67427204 
631632824 510778615 9986456 82436794 213372551 94751173 714649297 49993068 600207884 718409862 554175829 474302923 936278749 55947136 146494117 306761301 156098693 606173070 850025331 834130529 
797254146 58137758 53321769 171302551 62341702 665654840 557947234 320314741 342299831 560549870 767751279 480687052 547117487 870590956 45127636 157051201 454961917 145344883 980187081 253993164 
901199970 274053461 58309305 10166588 880071700 802675321 557657543 508702129 149147454 900703323 943655236 806055457 894772862 389100937 141034809 637085652 941358695 901821479 851688931 33736168 
55275516 739606123 742352946 150942158 561620283 595012385 23713353 7928777 637519248 822204968 120933378 426431351 188199517 987878644 389292903 646139969 473830264 630587146 970735930 6392297 
196129709 154048135 474274158 894992645 384871736 781141146 854000555 640407421 828368460 346881541 685678542 793794830 933387664 38613919 388532838 439243723 719210140 80368341 65282360 375341208 
872216192 978163237 697472956 988789677 786899005 169158050 106404766 261967129 38461769 674203507 859326782 504856892 609558033 104685651 56356913 188797259 720842351 280036370 726378430 946592720 
170056247 873485842 808661857 748645672 495723952 707885515 522139467 97703940 527035922 259838793 205503712 842014184 733238797 3037097 438667064 827549614 191201859 34680222 151304094 495570436 
129639881 457580018 233947668 26472937 91283114 880563198 841200077 459433269 671670883 691531313 976567730 710566671 25492071 596434575 358624478 730912885 791236765 618765103 348326690 562937015 
29133790 456138427 714878337 151730684 331824248 46282995 831358644 439657915 726866094 888516395 5950375 300435779 145557813 41430217 715646971 49642035 27428280 754631 222118531 794690307 
616907093 63061304 138662343 697752441 614835997 314636731 84312196 38023476 186230424 25043465 682877481 587120678 880201791 528705389 328873819 881883923 315998720 271225926 678085234 859046931 
961569726 803318919 460975098 240710932 792949710 23518775 167458612 895350872 193782651 587907570 424117906 819212531 399278979 200338278 504836158 63009615 2490519 290245078 197583507 349818280 
805122016 866572443 730978466 533061777 976759669 873897886 467230383 777979757 796835558 830931935 391980722 435278070 75244466 234252274 75623638 343623609 169610709 464591996 210496509 971737752 
902629428 312090810 987931194 694465863 398434607 224604923 609248598 645503184 480634648 248590625 373245772 41010191 15971508 251349284 234703564 226712630 899698112 277510542 939091900 270058826 
274942824 41443839 923066290 202218148 704075982 248701868 865297019 99645297 131612553 888672729 855212696 373296947 855983138 299496034 917502396 44996158 457036440 867831351 596524367 526449212 
38042333 451793371 823223021 942369449 790478168 119291364 546657512 30814551 693086049 209577854 18503361 324786923 10665927 824002792 536959412 656912222 31540046 303522293 88973610 609712765 
924299562 282798221 501495620 804922473 366225285 141117737 827142486 106109464 954634239 177518427 74531945 471172563 119675944 625118788 148646328 128407478 647664135 799621403 335205172 845127219 
937846935 529603501 509407233 298397327 425571397 647336663 183681271 685743458 844817267 392422670 911293729 290457372 108677880 318376664 233571905 213592187 282722974 40466255 794570058 502384406 
660279714 34842789 261736165 708372949 635398968 32442523 708857837 579166582 562739972 12721417 952984050 884973834 604209570 560269403 836745146 83977846 783483167 436427278 276398523 785756915 
100891006 47755061 591235746 242946958 77575476 58008313 598813648 304200104 917988780 435752726 360452567 321577847 28987330 408362072 765939970 929698947 958089293 320086819 31312330 442867242 
51216526 8870896 70049121 51738651 273195714 161046472 734327340 111339744 583286423 654604491 691390529 917110350 662341037 110477997 145989100 33084946 539514909 946608947 533963824 97433136 
973840623 607740602 676152126 262010235 824476321 108924081 658091776 290010140 997610407 902889498 475253649 552100881 12839653 806930445 960094658 629219754 64273463 801969205 548021143 273603598 
