19 19 19 27660572
0 1 1 1 1 1 0 1 1 1 0 0 1 1 1 1 1 1 1 
1 0 1 1 0 1 1 1 1 0 1 1 1 1 1 1 1 1 0 
1 1 1 0 1 1 1 1 0 0 1 0 1 1 1 1 1 1 1 
0 1 1 0 1 1 1 0 1 0 1 1 0 0 1 1 1 0 1 
1 1 1 1 1 1 1 1 1 1 1 1 1 1 1 1 1 1 1 
1 1 1 1 1 1 1 1 1 1 1 1 1 1 1 1 1 0 0 
1 0 0 1 0 1 0 1 1 1 1 1 1 1 1 0 1 0 0 
0 0 1 1 1 1 1 0 0 0 0 1 1 1 1 1 1 1 1 
1 1 1 1 1 1 1 1 1 1 1 1 0 1 0 1 1 0 1 
1 1 1 1 1 0 0 1 1 0 1 1 1 1 1 1 1 1 0 
1 1 1 1 1 1 1 1 0 1 1 1 1 1 1 1 1 1 1 
0 1 1 0 1 1 1 1 1 1 1 1 1 0 1 1 1 1 1 
1 1 1 1 1 1 1 1 1 1 1 1 0 1 0 1 1 0 0 
1 1 1 1 1 1 1 1 1 1 1 0 1 1 0 1 1 1 1 
1 1 1 0 1 1 1 1 1 1 1 0 1 0 1 1 1 1 1 
1 1 1 1 0 0 1 0 1 1 0 0 1 1 1 1 1 0 0 
1 1 1 1 1 0 1 1 0 1 1 0 1 1 1 1 0 1 1 
0 1 1 0 1 1 1 1 1 1 1 1 1 1 0 1 1 1 1 
1 1 1 1 1 1 1 1 1 0 1 0 1 1 1 1 1 1 1 
0 1 1 0 1 1 1 1 1 0 0 1 1 1 0 1 1 1 1 
1 1 0 1 0 1 0 0 0 1 0 1 1 1 1 1 1 0 1 
0 1 0 1 1 1 0 1 0 1 1 1 1 1 1 1 1 1 1 
0 1 1 1 1 1 1 1 1 1 1 1 0 1 1 1 1 1 1 
1 1 1 0 0 1 1 1 1 0 1 1 0 1 1 0 1 0 0 
1 1 1 1 1 0 1 1 0 1 1 1 1 1 1 1 1 0 1 
1 0 1 0 1 0 1 1 1 1 1 1 0 0 1 1 1 1 1 
1 1 1 1 1 1 0 0 1 1 1 1 1 1 1 1 1 1 1 
1 1 0 0 1 0 0 1 1 0 1 1 1 0 1 1 0 1 0 
0 0 1 1 1 0 1 1 1 1 0 0 1 1 1 1 1 1 1 
1 1 1 0 0 1 1 1 0 1 1 1 1 1 1 1 0 1 1 
0 1 1 1 1 1 1 1 1 1 0 1 1 1 1 1 1 1 1 
1 1 1 1 1 1 1 1 0 0 1 1 1 1 1 1 0 1 1 
1 1 1 1 1 1 0 1 0 1 1 1 1 0 1 1 1 1 1 
1 1 1 1 1 1 0 1 1 1 0 1 1 1 0 1 0 1 1 
1 1 0 1 1 0 1 1 0 1 1 1 1 1 1 1 1 1 1 
0 1 1 1 1 1 1 1 0 1 0 0 1 1 0 1 1 1 1 
1 1 0 1 1 0 1 1 0 1 1 0 1 0 1 0 1 1 1 
1 1 1 1 1 1 1 0 1 1 0 1 1 0 0 1 1 1 1 
1 1 1 1 1 1 1 1 1 0 1 1 1 1 1 1 1 1 0 
0 1 1 1 1 0 1 1 1 0 1 1 0 1 1 1 0 1 1 
1 1 1 1 0 1 1 1 0 1 1 1 0 0 1 1 1 1 1 
0 1 1 0 1 1 1 1 1 0 1 1 1 1 1 1 1 1 1 
1 1 1 1 0 1 1 1 1 1 1 1 1 0 1 1 0 1 1 
1 1 1 1 1 1 0 0 1 1 1 1 1 1 0 1 1 1 1 
1 0 1 0 1 1 1 1 0 1 0 1 1 1 1 1 1 1 1 
1 1 1 1 1 1 1 1 1 1 1 1 1 0 1 1 1 1 1 
1 1 1 1 1 0 1 1 0 0 1 1 1 0 1 0 1 1 1 
1 1 0 1 1 1 1 1 1 0 1 1 1 1 1 0 1 0 0 
1 1 1 1 1 1 1 1 1 1 1 1 1 0 1 1 1 1 0 
1 1 0 1 1 1 1 0 1 1 1 1 1 1 1 1 1 1 1 
1 0 1 0 0 1 1 1 1 1 0 1 1 1 1 1 1 0 1 
1 1 0 0 0 1 1 1 0 1 1 1 0 0 1 1 1 1 1 
1 0 1 1 0 1 1 1 1 1 1 1 0 1 1 1 1 1 0 
0 1 1 1 1 1 0 1 1 1 0 1 1 1 1 1 1 1 1 
0 1 1 1 1 1 0 1 1 1 1 1 0 0 1 1 1 0 1 
1 1 1 1 1 1 1 1 1 1 1 1 1 1 0 1 1 1 1 
1 1 1 1 1 1 0 1 1 1 1 1 1 1 1 0 0 0 1 
1 1 1 1 0 1 1 1 1 1 1 0 1 0 1 1 1 1 1 
1 1 1 1 1 1 1 1 1 1 1 1 0 0 1 1 0 0 1 
1 1 1 1 1 1 0 1 1 0 1 1 1 1 1 1 1 1 1 
0 1 1 1 1 1 1 0 1 1 1 1 0 1 1 1 1 1 1 
1 1 1 1 1 1 1 1 1 0 1 1 1 1 1 1 0 1 0 
1 1 1 1 0 1 0 1 1 0 0 1 1 0 0 1 1 1 1 
1 0 1 0 1 1 1 1 1 1 1 1 1 0 0 1 1 1 1 
1 1 0 1 0 1 1 1 1 1 1 1 1 1 1 1 1 1 1 
1 0 1 0 1 1 1 1 1 1 1 0 1 1 1 1 1 0 0 
1 1 1 1 1 1 1 1 1 1 1 1 1 1 1 1 0 0 1 
1 1 1 1 1 1 1 1 1 1 1 1 1 1 1 1 1 1 1 
1 1 1 1 1 1 1 1 0 1 0 1 1 1 1 1 1 0 0 
1 0 1 1 1 1 1 1 1 1 1 1 1 1 1 1 0 1 1 
1 1 1 1 0 1 1 1 1 1 1 0 1 1 1 1 0 1 0 
0 1 1 1 1 1 1 1 1 1 1 1 0 1 0 0 1 1 1 
1 1 1 1 1 1 1 0 1 0 1 1 0 0 1 1 1 1 1 
1 0 1 1 1 1 1 1 1 0 1 1 1 0 1 1 1 1 1 
1 1 1 1 1 1 0 0 0 1 1 1 1 1 1 0 1 1 1 
0 1 1 0 1 1 1 1 1 1 1 1 1 1 0 1 1 1 0 
1 1 1 1 1 1 1 1 1 0 1 1 1 1 1 1 1 1 0 
1 0 1 1 1 1 1 1 1 1 0 1 1 1 1 0 1 1 0 
1 1 1 1 1 0 1 1 1 1 1 0 1 1 1 0 1 1 0 
1 1 1 1 1 1 1 1 1 1 1 1 1 1 0 0 0 1 1 
1 1 1 1 1 1 0 1 1 1 0 1 0 0 1 0 1 1 1 
0 1 1 1 1 1 1 1 1 0 1 1 1 0 0 1 1 0 1 
1 1 1 1 1 1 1 0 0 1 1 0 0 0 1 1 1 1 0 
0 0 0 1 1 0 1 1 1 1 1 1 1 0 1 1 0 1 1 
1 1 1 1 1 1 1 0 1 1 1 1 1 1 0 1 1 1 0 
1 1 1 0 0 1 1 1 1 1 1 0 1 1 1 1 1 1 1 
0 0 1 1 0 1 1 1 0 1 1 1 1 1 1 1 1 0 0 
1 1 0 1 1 1 1 1 1 1 0 1 0 0 1 1 0 1 1 
1 1 1 1 1 1 0 1 1 1 1 1 1 1 1 1 1 1 1 
0 0 1 1 1 1 1 1 1 1 1 0 1 1 0 1 1 1 1 
1 1 1 1 0 1 0 1 1 1 1 0 1 1 1 1 1 1 1 
1 1 1 0 0 1 1 1 1 1 1 1 1 1 1 0 0 0 0 
1 1 1 1 0 1 0 1 1 1 1 1 1 1 0 0 1 1 1 
1 1 0 0 1 1 1 1 1 1 1 1 1 1 1 0 1 1 1 
1 1 1 1 0 1 1 1 0 1 1 1 0 1 1 1 0 1 1 
1 1 1 1 1 1 1 1 1 1 1 1 1 1 0 1 0 1 0 
0 0 1 1 1 0 0 1 1 1 1 1 1 1 1 1 1 1 1 
1 1 1 1 1 1 0 1 1 0 0 0 1 1 1 1 1 0 1 
1 1 1 1 1 1 1 1 1 1 1 1 1 1 1 1 1 0 1 
1 1 1 1 0 0 0 1 1 1 1 1 1 0 1 1 1 1 1 
0 1 1 1 1 1 1 1 1 0 1 1 1 1 1 1 1 1 1 
1 1 1 1 1 1 1 1 0 1 1 1 1 1 1 0 0 1 1 
1 1 1 1 1 1 1 1 1 1 1 0 1 1 1 1 0 1 1 
0 1 1 1 0 1 1 1 1 0 1 1 1 1 1 1 1 1 1 
1 0 1 1 0 1 0 0 1 1 1 1 0 1 1 1 1 0 1 
1 1 1 1 1 1 1 1 1 1 1 0 0 1 0 1 1 1 1 
1 1 1 1 1 1 1 1 0 0 1 1 1 1 0 1 1 1 1 
1 1 1 0 1 1 1 0 1 1 1 1 1 1 1 1 1 1 0 
1 1 1 1 1 1 1 1 0 1 1 0 1 1 1 1 1 1 1 
1 1 1 1 0 1 1 0 1 1 1 1 1 1 1 1 1 1 1 
1 0 1 1 1 1 0 1 0 1 1 1 1 0 0 1 0 1 1 
1 1 1 1 1 1 1 1 1 1 0 1 1 1 1 1 1 1 1 
0 1 1 0 1 0 1 0 1 1 1 1 0 0 1 1 1 1 1 
1 1 1 1 1 0 1 1 1 1 0 0 1 1 1 0 0 0 1 
1 1 1 1 1 1 1 1 1 0 1 1 0 1 1 0 1 1 1 
1 1 0 1 1 1 1 1 1 1 1 1 1 1 0 1 0 1 1 
1 1 0 0 1 1 1 1 0 1 1 1 1 1 1 1 0 0 1 
1 0 1 1 1 1 1 1 0 0 1 0 0 1 1 1 1 1 1 
1 1 1 0 0 0 1 1 0 1 1 1 0 1 1 1 1 1 0 
1 1 1 1 1 1 1 1 1 1 1 1 1 1 1 1 1 1 1 
1 1 1 0 1 1 1 1 0 1 1 1 1 0 1 1 1 1 1 
1 1 1 1 0 1 1 0 1 1 1 1 1 1 1 1 1 1 0 
1 1 1 0 0 1 1 1 1 1 1 1 1 1 1 1 1 1 1 
1 0 1 1 1 1 1 0 1 1 0 1 1 1 1 1 1 0 1 
1 1 1 0 1 1 1 1 0 1 0 1 1 1 1 1 1 1 1 
1 1 1 1 1 0 1 0 0 1 1 1 1 0 1 1 1 1 0 
1 1 1 1 1 1 1 1 1 1 0 1 1 1 1 1 1 1 0 
0 1 1 1 0 1 1 1 1 1 0 1 0 1 1 0 1 1 1 
1 1 1 1 1 0 1 1 1 0 1 1 1 1 1 1 0 1 1 
1 0 1 1 1 0 1 1 1 1 0 1 1 1 0 0 1 0 1 
1 1 1 1 1 0 1 1 1 0 1 1 1 1 1 1 1 0 1 
1 1 1 1 1 1 1 1 1 1 0 1 1 1 1 0 1 1 1 
1 1 1 0 1 1 0 1 1 1 0 1 1 0 1 1 1 1 1 
1 1 1 0 0 1 1 1 1 1 1 1 1 1 1 0 0 0 0 
1 1 0 0 1 1 1 1 0 0 1 0 1 1 1 1 1 1 1 
1 1 1 1 1 1 1 1 1 1 1 1 0 1 1 0 1 1 1 
1 1 1 1 0 1 0 0 1 1 0 0 0 1 1 0 1 1 1 
1 1 1 1 1 1 1 1 1 1 1 0 1 1 1 0 1 1 0 
1 1 1 1 0 1 1 1 1 1 0 1 0 1 0 0 0 1 1 
1 1 1 1 1 1 1 1 1 1 0 1 0 1 0 1 1 1 0 
1 1 1 1 1 1 1 1 1 1 1 1 1 1 1 0 1 1 1 
1 0 1 1 1 1 0 1 1 1 0 1 1 1 1 0 1 0 1 
1 1 1 1 0 1 0 1 1 0 1 1 0 1 1 0 0 1 1 
0 1 1 0 1 1 1 1 1 1 1 1 1 1 0 1 1 1 0 
1 1 1 0 1 0 0 1 0 0 1 0 0 0 1 1 1 1 1 
0 0 1 1 1 1 1 1 1 1 1 1 1 1 0 0 1 1 1 
1 1 1 1 1 1 1 1 0 0 1 0 1 0 1 1 0 1 1 
1 0 0 1 1 1 1 1 1 1 1 1 1 1 1 1 0 1 1 
1 1 0 1 1 1 1 0 1 1 0 1 1 0 1 1 1 1 1 
1 1 0 0 0 1 1 0 1 1 0 0 1 1 1 1 1 1 1 
1 1 1 1 1 1 0 0 1 1 1 1 1 0 1 1 1 1 1 
0 0 0 1 1 1 1 1 1 1 0 0 1 1 1 1 1 1 0 
1 1 1 0 1 1 0 1 1 1 1 1 1 1 1 0 0 1 0 
1 0 1 1 1 1 1 1 1 1 1 1 1 1 1 1 1 1 0 
0 1 1 1 1 1 1 1 1 1 1 0 1 1 1 1 1 1 1 
1 1 1 1 1 1 0 1 1 1 1 1 0 1 1 1 1 1 1 
1 1 0 0 1 1 0 1 0 1 0 1 1 1 1 0 1 1 0 
1 1 1 1 0 1 1 1 0 1 1 0 1 1 1 1 1 1 1 
1 1 1 1 0 1 1 0 0 1 1 1 1 1 1 1 1 1 1 
1 1 1 1 0 1 1 1 1 1 1 1 1 1 1 1 1 1 1 
0 0 0 0 1 1 1 1 1 1 0 0 1 1 0 1 1 1 1 
1 0 0 1 1 1 1 1 1 1 1 0 1 1 1 1 1 1 0 
1 0 1 1 1 1 1 1 1 0 1 1 0 0 0 1 1 1 1 
1 1 1 0 1 1 1 0 1 1 1 1 1 0 1 1 1 1 1 
1 1 1 0 1 1 1 1 1 1 1 1 1 1 1 1 0 0 1 
1 1 1 0 1 1 1 1 1 1 1 1 1 0 0 1 1 0 1 
1 0 1 1 0 1 1 1 0 1 1 1 0 1 1 1 1 1 1 
1 1 1 1 0 1 0 1 1 0 0 1 1 0 1 0 1 1 1 
1 1 1 1 1 1 1 1 1 1 1 1 1 1 1 1 1 1 1 
1 1 1 0 1 1 1 1 1 1 0 0 1 1 1 1 1 1 0 
1 1 1 1 1 1 1 1 1 1 1 0 1 0 1 1 1 1 0 
1 1 1 1 1 0 1 1 0 1 1 1 1 1 1 1 1 1 1 
1 1 1 1 1 1 1 1 1 1 1 0 1 1 1 1 1 1 1 
1 1 1 1 1 1 1 1 1 1 1 1 1 1 1 0 0 0 1 
1 1 1 1 1 1 0 0 1 1 1 1 1 1 0 1 1 1 1 
1 1 1 1 1 1 0 1 1 1 1 1 1 0 1 1 1 1 1 
1 0 0 0 0 1 1 1 1 1 1 1 0 1 0 1 1 0 1 
0 1 1 1 0 1 0 1 1 1 0 1 1 0 0 1 1 1 1 
1 1 1 1 1 0 1 1 1 1 1 1 1 1 0 0 0 1 0 
1 0 1 1 1 1 1 1 1 1 0 1 1 1 1 1 1 1 1 
1 1 1 1 1 1 1 1 1 0 0 1 1 1 1 1 1 1 1 
1 1 1 1 1 1 1 1 0 1 1 1 1 1 1 1 0 1 1 
1 1 1 0 1 1 1 1 1 1 0 0 1 1 1 0 0 0 1 
1 1 0 1 1 1 1 1 1 1 0 1 0 1 1 1 1 0 1 
1 0 1 1 1 1 1 1 1 1 0 1 1 0 1 0 1 1 1 
1 0 1 1 1 1 1 1 1 1 1 1 1 1 1 1 0 0 0 
1 1 0 1 1 1 1 1 1 1 1 1 0 0 1 1 1 1 0 
1 1 1 1 1 1 1 1 1 1 0 1 1 1 1 1 1 1 1 
1 1 1 0 1 1 0 0 0 0 1 1 1 1 0 1 1 0 1 
1 0 1 1 0 1 1 1 1 1 0 1 0 1 1 1 1 1 0 
0 1 1 0 1 1 1 1 1 1 1 1 1 1 1 1 1 0 0 
1 1 1 1 1 1 1 1 1 1 1 1 0 1 1 0 1 1 1 
1 0 1 1 0 0 1 1 1 1 1 1 1 1 0 1 1 1 1 
1 1 1 1 1 1 1 1 0 0 1 1 0 1 1 1 1 1 0 
1 0 0 1 1 0 1 1 1 1 1 1 1 1 1 1 1 1 0 
1 1 1 0 1 1 1 1 1 1 1 1 1 0 0 1 1 1 1 
1 0 0 1 0 1 1 0 0 1 1 1 1 1 1 1 0 1 1 
1 0 1 0 1 1 1 1 1 1 1 0 1 1 1 1 1 1 0 
0 1 1 1 0 0 1 0 1 1 0 1 0 1 0 1 1 1 1 
1 1 1 0 1 1 0 1 0 1 1 0 1 1 0 1 1 1 0 
1 0 1 1 0 0 1 0 0 1 1 1 0 0 1 0 0 1 1 
0 1 1 1 1 1 1 0 1 1 0 1 1 0 1 1 1 1 0 
1 1 1 1 0 1 1 1 1 1 1 1 1 0 1 1 1 1 1 
1 1 1 1 1 1 1 0 0 0 1 1 1 1 1 1 1 1 1 
1 1 1 1 1 1 0 1 1 1 1 1 1 0 1 1 0 1 1 
1 1 1 1 1 1 0 1 1 1 1 0 1 1 0 0 1 1 1 
1 1 1 1 1 1 1 1 0 1 1 1 1 1 0 1 1 1 1 
1 1 1 0 1 1 1 0 1 0 1 1 1 1 1 1 1 1 1 
0 0 1 1 0 0 0 1 1 1 1 1 1 1 1 1 1 1 0 
1 1 1 1 1 1 0 0 1 0 1 1 1 0 0 1 1 1 1 
0 1 1 1 0 0 1 1 1 1 1 1 1 1 1 1 1 1 1 
1 1 0 1 1 1 1 0 1 0 1 0 1 1 1 1 1 1 0 
1 1 1 1 1 1 1 0 1 1 1 1 1 1 0 1 1 1 0 
1 1 1 1 1 1 1 1 0 1 1 1 0 1 0 1 1 1 1 
1 0 1 1 1 0 1 0 1 1 1 0 1 1 0 0 1 1 0 
1 1 1 1 1 1 1 1 1 1 1 1 1 1 1 1 1 1 1 
1 1 1 1 0 1 1 1 1 1 1 0 1 1 1 0 1 1 1 
1 1 1 1 1 1 1 1 1 1 1 1 1 1 1 1 1 0 1 
1 1 1 0 1 1 1 1 1 1 1 1 1 1 1 0 1 1 1 
1 1 1 0 1 0 0 1 1 1 0 0 0 0 1 1 1 1 0 
1 1 1 0 0 1 1 1 1 1 1 1 0 0 1 0 1 1 1 
1 1 1 1 0 0 1 0 1 1 0 1 1 1 1 1 1 1 1 
1 0 1 0 1 1 1 1 1 1 0 1 0 1 0 0 1 1 1 
1 1 0 1 0 0 1 1 1 1 1 1 0 1 1 1 1 0 1 
1 1 1 1 1 1 1 1 1 1 1 1 1 1 1 1 1 1 0 
1 1 1 1 1 1 1 1 1 0 1 1 1 1 1 1 1 0 1 
0 1 1 1 1 1 1 1 1 1 0 1 1 1 1 1 1 1 0 
1 0 1 1 1 1 0 1 1 1 1 1 1 0 1 1 0 1 1 
1 1 1 1 1 1 1 0 1 1 0 1 0 1 1 1 1 1 1 
1 1 1 1 0 0 1 1 1 0 1 1 1 1 1 1 0 1 1 
1 0 1 1 1 1 1 1 1 1 1 1 1 1 1 1 1 0 1 
1 1 1 1 0 1 1 1 0 1 1 1 1 1 1 0 0 0 1 
1 0 1 0 1 1 1 1 1 1 1 1 0 1 1 1 1 1 1 
1 1 1 1 1 0 1 0 0 1 0 0 1 1 1 0 1 1 1 
0 1 1 1 1 1 1 1 1 0 1 1 0 1 1 1 1 0 1 
0 1 0 1 1 1 1 1 1 0 1 0 1 0 0 1 1 0 1 
1 1 0 1 1 1 1 1 0 1 1 1 1 1 0 1 1 1 1 
1 0 1 1 1 1 1 1 1 1 1 1 1 1 1 1 1 1 1 
1 0 1 1 0 1 1 1 1 0 1 1 0 0 0 1 1 1 0 
0 1 1 1 1 1 0 1 1 1 1 1 1 1 1 1 1 1 1 
1 1 1 0 0 1 1 0 1 0 1 1 0 1 1 0 1 1 1 
1 1 0 0 1 1 0 1 1 1 1 1 1 1 0 1 0 1 1 
0 1 1 0 1 1 0 1 1 1 1 1 0 0 1 0 0 1 0 
1 1 0 0 1 1 1 0 0 0 1 0 1 0 1 1 1 0 1 
1 1 0 1 1 1 1 0 1 1 1 1 1 0 1 1 0 1 1 
1 1 0 1 1 1 1 1 1 1 0 1 1 1 1 1 1 1 0 
0 1 1 0 1 1 1 1 1 1 1 1 0 1 1 0 1 1 1 
0 0 1 1 1 1 1 0 1 1 1 1 1 0 1 1 1 1 1 
1 1 1 1 1 1 1 1 1 1 0 1 1 0 0 1 1 0 1 
1 1 1 0 1 0 1 1 1 1 0 1 1 1 1 0 1 1 1 
1 0 0 0 0 1 1 1 1 1 1 1 0 0 1 0 1 1 1 
1 1 1 0 1 1 1 0 0 0 0 0 0 1 1 1 1 0 1 
1 1 1 1 1 1 1 1 1 0 1 0 1 1 1 1 1 1 1 
1 1 1 0 1 0 1 1 1 1 1 1 1 1 0 1 0 1 1 
1 0 0 1 1 1 1 0 1 1 1 1 0 1 1 1 0 1 0 
0 1 0 1 0 1 1 1 1 0 1 0 0 1 1 0 0 1 1 
1 1 1 1 1 1 1 1 0 0 0 0 0 1 0 1 1 1 0 
1 1 1 1 1 1 0 1 0 1 1 1 1 1 1 1 1 1 1 
1 1 1 1 0 1 0 1 1 1 1 1 1 1 0 0 0 1 1 
1 1 1 1 0 1 1 1 1 1 1 1 1 0 1 1 1 1 1 
1 1 1 1 1 0 1 1 0 0 1 0 1 1 1 0 0 0 1 
1 1 1 1 0 1 1 1 1 0 1 1 1 1 1 0 1 1 0 
1 1 1 1 1 0 1 1 1 0 0 1 1 1 0 1 0 0 1 
1 1 1 0 1 1 1 1 1 0 1 1 1 1 1 1 1 0 1 
1 0 0 1 1 1 1 1 1 1 1 1 1 1 1 0 1 1 1 
1 1 1 1 1 1 0 1 1 1 1 1 1 1 1 1 1 1 1 
1 0 0 1 1 0 0 0 0 1 1 1 1 1 1 1 1 1 1 
0 1 1 1 1 1 1 1 1 1 1 1 1 1 1 0 1 1 1 
1 0 1 1 1 1 0 1 1 1 1 1 1 1 1 1 0 0 0 
1 1 1 1 1 1 1 1 0 1 0 1 0 1 1 1 1 1 1 
1 0 1 1 1 1 1 0 1 1 1 1 1 1 0 1 1 1 0 
1 1 1 1 1 1 1 1 0 1 1 0 1 1 1 1 1 1 1 
1 1 1 1 1 1 1 0 0 1 0 1 1 1 1 1 0 1 0 
0 1 1 1 1 1 1 1 1 1 0 0 0 1 1 1 0 1 1 
1 1 0 1 1 1 1 0 1 1 1 1 0 0 0 1 1 1 1 
0 1 0 1 1 1 1 1 0 1 1 0 1 1 0 1 1 1 1 
1 1 1 1 1 1 0 1 1 0 1 1 1 1 0 1 1 1 1 
1 1 0 1 1 1 0 1 0 1 1 1 0 1 1 1 1 0 1 
1 1 1 1 1 0 0 1 1 1 1 1 1 1 1 0 0 1 1 
1 0 0 0 1 1 0 0 1 1 0 1 1 1 1 0 1 1 1 
1 1 1 1 1 1 0 0 1 1 1 1 0 0 1 1 1 1 1 
0 1 1 1 1 1 1 1 1 1 0 1 1 0 1 1 1 0 1 
1 1 1 0 1 1 1 1 0 1 0 1 1 1 0 1 1 0 1 
1 1 0 1 1 0 1 1 1 1 0 1 1 0 1 0 1 1 1 
0 1 1 1 0 1 1 1 1 1 1 1 0 1 1 0 1 0 1 
0 1 1 0 1 0 1 1 1 1 0 1 0 1 1 0 1 1 0 
1 0 1 1 1 1 1 1 1 1 1 1 0 1 1 1 1 0 1 
0 1 1 1 1 0 1 1 1 1 1 1 1 1 1 1 1 1 1 
1 1 1 1 1 1 1 1 1 1 1 1 1 1 1 1 1 1 1 
1 1 1 0 0 1 1 0 1 1 1 0 1 1 0 1 1 1 1 
1 0 0 0 1 1 1 1 1 1 1 1 1 1 1 1 0 1 0 
1 1 0 1 1 1 0 0 1 1 1 1 1 1 1 1 0 1 1 
1 0 1 1 1 1 1 1 1 1 1 1 1 1 0 1 1 0 1 
1 1 1 0 1 1 1 1 1 1 1 1 1 1 1 1 1 1 1 
1 1 0 1 1 1 1 1 1 1 0 1 1 1 1 1 1 0 0 
1 1 1 0 1 1 1 0 0 1 0 0 1 1 1 1 1 1 1 
1 1 1 1 1 1 1 1 0 1 1 1 1 0 1 1 0 0 1 
1 1 1 1 1 1 1 1 1 1 0 1 1 1 1 1 1 1 1 
1 0 0 1 1 0 1 1 1 1 1 1 1 1 1 1 1 1 1 
0 1 0 1 0 1 1 1 1 1 1 1 1 0 1 1 1 1 1 
0 1 1 1 1 1 1 1 0 1 0 1 0 1 0 1 0 1 1 
1 1 1 1 1 1 1 1 1 0 1 0 1 1 0 1 1 1 1 
1 1 1 1 0 1 0 1 1 1 1 1 1 1 1 1 1 1 1 
1 1 1 1 1 1 0 1 1 0 0 1 1 1 0 1 1 1 1 
1 1 1 1 1 1 1 1 1 1 0 1 1 1 0 1 1 1 0 
1 0 1 1 1 1 0 1 1 1 1 1 1 1 1 1 1 1 1 
1 0 1 1 1 1 1 1 1 1 1 0 1 1 1 1 1 1 0 
1 1 1 1 1 1 1 1 0 1 1 1 1 0 1 1 1 1 1 
1 1 1 0 1 1 1 1 1 1 1 1 0 1 1 1 1 1 1 
1 0 1 1 1 1 1 1 1 0 1 1 0 1 0 1 1 1 0 
1 1 1 1 1 1 1 1 1 1 0 1 1 1 1 0 1 1 1 
1 1 0 1 1 1 1 1 1 1 1 1 1 1 1 0 1 0 1 
1 1 1 1 1 1 1 1 1 1 1 1 1 1 1 1 0 1 1 
1 1 1 1 1 1 1 1 1 1 1 0 0 0 1 1 0 0 1 
1 0 0 1 1 1 1 1 1 1 1 1 1 1 0 1 0 0 0 
1 1 1 1 1 1 0 1 1 1 1 1 1 1 1 1 0 1 1 
1 1 1 1 1 1 1 1 1 1 1 1 1 1 1 1 1 0 0 
1 1 1 1 1 1 1 1 1 0 1 1 1 1 0 1 1 1 1 
1 1 1 1 0 1 1 0 1 1 0 1 1 0 1 1 1 0 1 
1 1 1 1 0 0 1 1 0 1 0 1 1 1 1 1 0 1 1 
1 1 1 1 1 0 1 1 0 1 1 1 0 1 1 1 1 1 0 
0 1 1 0 1 1 0 1 1 1 0 1 1 0 1 1 0 0 1 
0 1 1 1 1 0 0 1 1 1 1 1 1 1 1 1 1 0 1 
1 1 1 0 1 1 1 1 1 1 1 1 1 1 1 1 1 0 1 
0 1 0 1 1 1 0 1 1 1 1 1 1 0 1 1 1 0 0 
1 0 0 1 1 1 1 1 1 1 1 1 1 1 1 1 0 1 1 
1 1 1 1 0 1 1 1 1 0 1 1 0 1 1 1 1 0 0 
1 1 1 1 0 1 1 1 1 1 0 1 0 1 1 1 1 1 1 
0 1 1 0 1 1 1 1 0 1 1 1 1 1 1 1 1 1 1 
0 1 1 0 1 1 1 1 1 1 1 1 1 0 1 0 1 0 1 
0 1 1 1 1 1 1 1 1 1 0 1 1 1 1 1 1 1 1 
1 1 1 1 1 0 1 1 1 1 1 1 1 0 1 1 1 1 1 
1 0 1 1 1 1 1 0 1 1 0 1 1 1 1 0 1 1 0 
1 1 0 1 1 0 0 1 1 1 1 0 1 1 1 1 1 1 0 
1 1 1 1 1 1 1 1 1 1 1 1 0 0 0 1 1 1 1 
0 1 1 1 1 1 1 0 0 1 1 1 1 1 1 1 1 1 1 
1 0 1 0 1 1 1 1 0 1 0 1 1 1 0 1 1 1 1 
1 1 1 0 1 1 1 0 1 1 1 1 0 1 0 1 1 1 0 
1 1 1 1 1 0 1 1 1 1 1 1 1 1 0 1 1 0 1 
1 1 0 1 1 0 1 1 1 1 1 1 1 0 0 1 1 0 1 
0 1 1 0 1 1 1 0 1 1 1 1 0 1 1 1 1 0 1 
1 0 1 0 1 0 1 1 1 1 1 1 1 1 0 1 1 1 1 
1 1 1 0 0 0 1 1 0 1 1 1 1 1 0 1 1 1 1 
1 1 0 0 1 0 1 0 1 0 0 1 1 1 1 1 1 1 1 
1 1 1 1 1 1 1 0 1 1 1 0 1 1 1 1 0 0 1 
1 1 0 1 1 1 1 1 1 1 0 1 1 1 1 1 1 1 0 
1 0 1 1 1 0 1 1 0 1 1 1 1 1 0 1 1 1 1 
1 1 1 1 1 1 1 1 1 1 1 1 1 0 0 1 1 1 1 
1 1 1 0 1 1 1 1 1 1 1 1 1 0 1 0 1 1 1 
1 1 1 1 0 1 1 0 1 1 1 1 1 1 1 1 1 1 1 
1 1 1 1 1 1 1 1 1 1 0 0 1 1 1 1 1 0 0 
0 1 1 1 0 0 0 1 1 1 1 1 1 1 1 1 1 1 1 
1 1 0 1 0 1 0 1 1 1 0 1 1 0 1 1 1 1 1 
1 1 1 0 0 1 1 1 1 1 1 1 0 1 1 1 1 1 1 
0 1 1 1 1 1 1 0 1 1 1 1 1 1 1 0 1 1 1 
1 1 1 1 1 1 1 0 1 1 1 1 1 1 1 1 1 0 1 
0 0 1 1 0 1 1 1 1 1 1 1 1 1 0 0 1 0 1 
1 1 1 1 1 1 0 1 1 1 0 1 0 0 1 1 1 1 1 
1 1 1 1 1 1 1 1 1 1 1 1 1 1 0 1 0 1 1 
0 1 0 1 0 1 0 1 1 1 1 1 1 1 1 1 0 1 1 
1 1 1 1 0 1 1 1 1 1 1 1 1 1 1 1 0 1 1 
739341485 892440302 211466202 972572241 127482036 295015551 514285486 340388489 72520838 601607509 434953058 670890829 519981087 155785812 341326822 23790077 885399808 316470784 90249451 
415884517 528470189 59801347 910815080 828750254 971592495 915804843 442306584 115845095 199976338 765196137 254844409 638671750 517442664 117938004 82091215 310314849 967584325 473680548 
241307551 417789875 89007681 131215927 429696820 156808349 416227961 333488655 265388189 427734179 766100110 271981522 499741613 786210603 8487459 278649160 605319546 286334722 56990564 
320104161 256832223 68404438 546274683 236768813 408844026 175602109 245355289 653021282 749867438 262570413 912529651 263467225 50596385 975736321 689161282 232722321 26741055 635265019 
672037185 676549547 888854583 104790844 421417394 36578795 407154426 815851597 582529882 42564414 785781438 242288410 809219713 666414895 781993088 930673010 506502259 680013424 4931452 
874081672 243881473 16724312 287557560 663679093 618797568 203359839 271452279 573518004 717392841 170093731 964641478 464177316 467333560 247463526 217287667 357263625 440728493 392440718 
301177872 607460236 180722062 159007780 128986229 598086966 420209091 413373141 31811130 255236345 602900408 352192372 311976130 85486120 297034335 560034166 525873195 811028218 205914795 
295520885 75465695 454697738 628840982 817729710 603084038 685832666 592769308 793194882 14427409 952389963 876391870 964264953 133581873 800740390 189278720 898454330 71423964 718220439 
611654251 703953172 550107473 426567341 820823180 194971769 367264777 68412123 725681523 875661309 611384394 539023482 330262581 5094491 18429336 252307525 341691498 365855472 831521089 
731856603 228334767 302627903 433351890 46810945 170267941 537740907 392990876 424668509 459282929 920815552 137031224 504197244 496508346 72190250 501866240 71026125 608639022 613064893 
516952723 95128292 240094333 93367340 227351890 218794039 37625820 407952210 966366949 136201124 310984708 762710699 930760886 570827498 164747696 522595803 16542836 628923947 522297123 
658491942 32930449 118882929 304995999 496697591 839583942 394282021 798288111 508340826 434485386 499311001 27199453 400621442 645641630 427873664 234849470 27153731 667731076 758454641 
59948769 969336472 480403715 813119592 455004708 198487839 718302373 708178244 655674720 515757464 66284856 855370058 374241526 187737706 389307218 61697695 651242828 433462814 780337349 
289884883 629881162 697435105 433940271 337847634 445995229 37819397 101111404 489846256 493992821 880425603 542139169 381716326 290232966 617536879 651300148 305433039 155049994 621393802 
548499023 38679851 344284414 955237045 47872095 493353948 852266976 671101557 566576156 666160428 812284728 3440244 246640503 629368773 714804236 633273601 49286189 897301559 4722793 
239897996 915512893 316694389 264551906 172315434 70724200 72125783 537708553 965345046 961172663 393657115 403080951 221588270 238948082 141507037 558050761 903627890 114349866 920643875 
398266657 969803145 977929776 114096468 639172001 861143356 62565915 240369211 165977716 921779449 440338630 804065672 72971204 564321105 289175119 480953678 404347205 253679226 10587034 
49882757 846339241 941050574 355021004 173903755 580461610 947343690 144101328 985205405 15672579 35875343 32969429 830768222 138340855 482047717 501363406 43355736 519875017 282543540 
515495409 634958197 780660162 558541577 82411065 295129221 635963438 803417239 254150628 20060858 160439007 791100338 581974005 149294641 798829992 9961430 462445235 352914015 605377763 
988819742 81457704 927691432 891873260 409273038 955085987 527884494 661800868 216440266 699276087 556722040 305575151 73181980 282116154 640869555 597997366 149614193 135220678 144303214 
219419366 288256157 158317627 353768189 390647790 914209299 394371259 892583831 514707525 321527150 228510637 26832600 932902498 146772459 405468987 13008191 982506435 776052204 349341140 
852808113 947328871 644927862 449728682 146350069 384177235 503632052 723453492 696335158 341538832 837938802 147888302 588576900 880679211 35935906 960052372 670474579 341968309 289622235 
741832491 964851194 650385857 267379414 209009913 976076853 407479784 906361583 933634119 667547044 465839560 123243178 516394918 37743176 510494336 628697387 241247335 64197389 606829878 
233805244 516227361 702830653 197881233 8344139 206454832 254343174 994435135 224710121 933392944 393476349 872253809 194453324 233843846 737225881 251649882 923291470 422750167 149373366 
558022836 920793964 946695822 938862356 132557627 197843016 74193754 844594645 477495855 639695912 25700271 723442691 287728854 607983989 23251520 24878856 890541304 951255356 933684620 
452267572 545975650 948929968 38438477 632130875 154855523 295285926 164459018 44080820 50411089 680698391 351815047 400914075 228942854 527811234 262120271 183147728 236327260 62346759 
23130674 582688662 363870133 612819373 291679168 305845781 351666293 286079773 915913426 711439064 458763141 53322372 268134914 882517583 57509330 390425911 617800238 885231950 121237452 
795557927 216905977 330385292 15266791 615537264 15011658 826778149 949054750 601845711 308133835 516432409 494157164 389944102 205823339 17539787 222008401 21704954 990986716 449256578 
113001811 612342262 486861846 55113450 699707001 378445159 980119250 708307862 588099281 564507582 635055888 114751604 18459883 288012561 611431058 356639328 802499932 192952217 43662942 
61786002 489093437 406831669 902268224 296632878 85939370 243261157 699950662 526981811 641254723 722338129 464698178 182749836 496494766 246748480 558446412 951979651 726358803 611752225 
9917756 703482185 512470430 802211973 436327989 42399214 704376065 49895075 33116180 494103152 535279599 488814803 230050822 196782629 377906594 817299731 251491568 566003791 876100694 
295422085 47928836 804477585 600258508 191900143 812132659 145898354 816406472 533515321 344274356 845700320 188460691 746945779 975060610 31287976 889685881 971397837 979927260 477297919 
352271692 821465117 623133379 577084156 868198624 968334684 282751359 17517851 533680013 23376809 320786459 756268988 970856880 682794821 550385124 80344482 688363818 437305877 374430958 
441485941 923787232 132587043 668549263 635897152 346383929 316305437 966855649 539278067 94405027 403069397 539990085 71024866 893709070 658644159 143883227 976777029 847074671 559932534 
145074187 692089782 337744958 48832823 390797311 835974070 87216633 6582884 749768486 269303592 957994655 856662275 177104819 635409107 132931126 388278845 744812827 760933093 849936198 
462838240 532700827 317023595 259498331 38892765 74827184 931214554 501941126 301790154 887467165 453747337 54579932 876236128 372844777 779723061 782127350 6574333 279154142 236744572 
626264688 324014373 799189770 601672290 924654955 311254522 708713154 830451662 442372106 35934151 323461274 48410894 811972344 718823803 832182255 138270031 833367009 283548453 6025822 
409177126 34853876 29740156 389793353 452964362 757724776 845633371 984870233 450369752 174351092 771099197 340243190 900686 157526101 387386054 314872529 844720784 640867020 346673209 
847382363 592444582 92695197 193375746 765618252 10435323 956074641 79785518 340810013 240072159 727590517 6749165 218187661 688011782 886958489 356326936 20314655 808735496 391664978 
8831397 389426843 410738143 580085624 683562037 391596170 633809772 8409321 257470086 523603898 228733682 695843844 897879809 7995071 24171673 8626990 820749357 747905391 548416492 
395097937 225486649 218202981 322531932 464410200 460392055 59125375 192803259 694784436 637771739 309508449 818513601 149701850 288951169 752903664 830649227 307018691 542996004 787664855 
32096790 969599338 607423399 43428612 668497609 68300370 289304976 289706541 839013097 578203389 41111943 557737285 28731169 926333558 151483357 13547528 622605829 29049032 665250304 
487280756 32876164 852941189 465094919 630437196 316606071 688282176 303985708 483544215 269425947 347045139 687011660 272173599 622120334 73602842 499872105 948415987 320522580 421289718 
603328296 33788645 992269013 578765643 582849875 20942092 273715164 588927298 463764313 886528068 840395802 19278598 950408649 850368170 780798881 71667276 41701595 590929697 748014953 
54880964 55966438 673930192 46128590 81496234 916365036 273414305 451434769 258522936 607940362 933732802 25787859 733494064 164445960 265687592 49770397 398284119 795512527 272151047 
874482010 106395892 157787373 238781787 139149275 193894997 110180627 34843234 324768850 819346762 107884183 411101217 873240280 826969000 931159795 806112475 641038567 502397895 495055940 
608853149 25472991 704382725 69751755 77057972 88418182 520450113 56793199 400318772 261784705 961616481 337255739 214543732 583268061 739143372 913414105 303800461 366451848 227890160 
696664861 383218910 311030744 732476350 867080572 848085387 65330689 129307177 12361614 898930937 302985636 990983083 297483924 559134547 160030012 54350783 405712622 142033160 275585454 
908356456 525791905 389386571 120499394 509249449 552361943 59906194 912014244 64925706 652360542 630672152 685583714 31022362 430334759 932880219 775167345 131923688 912132296 50076830 
79519273 690295688 757890043 434469225 737020740 391794068 661325085 17385987 513223780 709642920 904908720 208027391 891447178 339040741 659154138 721646509 802407327 41538158 100742627 
632442019 688487151 191429103 56211130 231630398 796614056 125500178 789579889 956142363 142296159 949087240 446444477 695167645 439751308 482043142 175010680 505210731 40978697 233645764 
313626398 185210351 978135192 239620351 17548627 965006040 629400666 14100728 853198427 274995608 799597656 793669620 326680224 71951079 350918654 994855354 41414960 803279678 936466586 
496612120 568713788 337672541 595549154 283707487 210309530 8772806 904902251 160865250 874726724 593239103 842624563 434756730 665805783 32955476 986422552 47320068 27418389 418596307 
867279710 296420834 44740195 611898446 214886958 695768439 963828045 276346012 874558993 438951084 366744061 284144472 805341561 592857709 172318663 572668769 559912760 67215659 407132576 
820012120 772392199 920128860 711651489 717426982 317046273 376425463 444811913 913251955 506664229 696901881 533933113 332472624 298612695 391175650 626619446 610317582 761622623 60340280 
135210282 459266820 550221929 320909315 27754594 370796493 640162692 399558224 542093394 472121959 71100835 620512175 703464205 127808150 950335903 194956980 224703694 359825247 169294770 
52400760 63818354 496180621 44260350 521106714 599718908 859745839 301200644 812113464 612806415 758943000 395072045 885919096 795738487 371076958 353059397 827392257 477717409 75436508 
141097467 438889473 10765085 457521072 775292514 653770024 229033251 836745405 736120691 252392747 489754892 612917290 569158280 764972354 170830549 209902305 641498339 234991019 897899935 
542897681 642248229 537981989 399652401 11300267 828648151 339282549 70258036 299125482 721368805 534465765 938582775 21025477 618778654 696139968 367282025 413533307 560783541 487955159 
797808418 21309453 39584194 675108352 972047514 958819527 75959747 511433105 256307951 945657775 656229140 92418025 491102307 608748053 552105595 157994216 995926236 776939531 17618334 
419062897 687122531 69338856 482883978 702501103 867263909 293440456 699599149 619809230 95300725 761745928 75443164 980724221 465809480 359559626 79236048 508855923 599936696 342597239 
8792224 745067687 45443585 910480695 57096658 883974422 52515719 673520507 871752004 798414273 725993038 12963188 749071809 439390380 995914113 816315545 75869554 981207648 332829420 
441867813 620580969 195218537 61022593 312953239 202300185 305526745 48728022 150619952 915810521 410147780 986115750 393817721 847937124 310287298 949622604 995546298 423210076 715941489 
792151627 890325891 831472066 901037040 598588873 279981863 978275968 251446372 654690319 369395004 475510239 483636855 16994826 552217373 81793297 20008402 669128142 562517096 666575273 
393761196 597349646 76192129 697586718 498412340 60662691 57513485 842158667 736005156 622182927 481597303 649373170 378873146 162007024 875387758 198568756 518253749 11787916 456023653 
271160091 243201243 9587533 14236178 48117264 8671859 836110914 173675503 393999973 926749516 713865370 321297340 354677453 492586164 930909997 356391419 332613855 356354562 283585779 
963251827 622798743 866665228 474509706 259972782 167309780 126632625 445900725 781718651 350843099 239375697 49856470 31435883 877958866 265672528 715217532 574977113 616157510 590224279 
401597137 465959388 183495590 442950162 599882023 10848466 912851398 385982003 103607668 674609632 192021084 103533934 809732562 982388972 359711110 83566011 307293438 684960672 19176259 
749773847 169473242 225673194 57189876 116859651 958150891 879012478 217085158 706928899 47355099 191450451 696871616 32640799 854573817 978124322 761011219 625885031 195069620 589612267 
229327314 394881896 4974371 177252975 110246870 396298936 30603648 670717623 759636826 452442479 458275754 500481931 710569342 354643627 542801567 434005756 469048772 739984139 750706951 
492677595 538708118 344278837 885479851 761568831 116237758 368044624 653709817 722436611 753005292 924020874 977948802 331561285 25847346 303200659 611922812 695164137 458420364 280532769 
942963521 47012116 918655058 280916842 728147150 60890033 62387141 805472173 91558980 24662766 506342279 13722281 897552235 896121793 335113506 639500068 278808618 425164893 386360704 
398928486 941913873 321758910 396335985 248904379 668894671 195104546 111501865 431805941 743786940 301040268 72604606 412583911 17354320 740839747 469830575 560883947 380841898 257491281 
727578968 208671837 25888010 73534724 397664895 674803486 259971927 430551410 782695882 369868306 108511130 6474990 334810438 236424354 177756545 935841171 464912610 196485947 746460637 
601796545 211642610 564710861 528507172 825691290 171309229 912044621 401568240 623556741 656758959 673707827 290890622 371028396 527206776 428571132 20701231 196845181 983930347 628200873 
383589388 121478189 373609935 997128510 645127994 866458928 399982673 604114501 577986698 41752514 122015360 752086857 4698091 362562658 286387664 24571482 706343157 341879890 815235736 
287746960 487105888 250955801 38697620 537607040 795903883 218934784 42233699 645160393 61273334 698667160 421845258 463225738 129624265 457493810 284381296 224945641 548570699 608127589 
483287520 614886542 601109355 720299660 141389706 290399269 995902266 972633670 908239874 516293855 406958190 680383220 152761535 806799602 276096993 715585855 932918429 607621908 622961424 
155694991 88356444 575284484 820826781 45952149 626032415 232269314 45422797 316659138 80906477 588708178 89379851 592506317 24745266 992191677 316422500 599481136 760057664 944293647 
366706440 169193132 40959687 439819930 370677455 987673025 165579362 978067377 307493042 425723191 825035275 802036526 109641037 74338199 323824032 472806638 439142500 539360180 826809191 
524708431 913261403 187565851 939711111 865822905 74983356 570024102 846888331 849048594 329980341 763614959 604412131 14622024 669340311 521246420 177942883 577341643 800938841 947075576 
151174850 921109776 583325459 474047810 958643740 502182159 130473347 102791004 641651825 54506181 587720075 721274677 791478564 319159731 210223024 22082175 279142524 370485598 775856285 
828030002 393149991 908875725 710949791 761789191 985184178 708029454 697920806 839751678 507653906 176050354 290551114 778771673 19385629 218631756 568902212 342512287 966743058 699953653 
24857327 285110297 473465358 647922635 329120082 744839256 824066965 204901742 18785549 308701485 349468174 27586689 851942894 43211184 637024838 284593455 991708768 679979194 528668397 
325433507 857226742 472423275 453356309 93602703 116628452 166120356 988623030 63869094 266320261 49956494 20877099 776715042 440831190 900184849 861617591 896257343 336433914 226244702 
691811834 234456766 584370868 1047653 716584573 225031011 573816560 650334816 943101227 773493111 167682363 67305799 545628628 1394758 16905284 377735769 50731180 650899107 21317221 
403044250 972235978 39493983 214498327 152205903 748909226 650684886 868756085 691870083 164025004 54932577 746095041 392376454 698805139 997070565 994658275 434961769 409533703 813999939 
748839650 252411779 139014675 414753253 992473965 83486190 736166823 31629368 502693717 977178123 945990423 558145324 56929296 99127802 265921691 265033142 415533369 668067619 325861837 
776936271 35711754 14519472 496651310 835591794 83776745 859425296 612251553 397683490 572290009 714997110 67888366 34947425 573810948 210434647 810611776 7355321 313992248 277673968 
263563175 627918264 261394022 7901118 29152662 136307309 963855395 548359172 851536744 323191532 334700587 5850697 456818644 75443406 200267226 833246678 217544060 497266865 633232306 
706727484 736243043 99348661 325969368 180473293 868174193 960182014 856125590 274832414 711786225 585178165 885906138 735746188 975370515 89521670 696127670 38975667 867355499 243008931 
948979166 360257272 952726641 333463103 49561645 331845889 237793279 922303380 315961889 281179703 368859606 828854367 920200538 624281163 837951513 154457310 727610655 930742190 228836816 
756481369 792582361 732986904 280835430 950780054 629866134 8710401 960996139 549211746 600978823 955003435 501579732 125441551 677095554 828843031 403831542 952294641 946317440 54395019 
375592334 240968929 644974368 323333907 382321788 12067513 7209251 765131644 147825411 78611678 638400750 233137242 400045387 348670386 116834572 261519747 493009632 141583901 151926441 
103434898 994447664 381680653 380726295 31810916 502572560 641327346 351675213 563635360 649820728 151729217 32397411 266079784 41857985 558466547 988060696 240452008 226508975 758549764 
715030092 745535247 580454754 998010356 530221190 186912016 947794723 124719433 173164655 221521825 712798877 30280201 595126869 795565693 238874209 645991494 976905129 148798370 906015073 
39547786 712945025 858589651 451226997 735631728 992415510 448951063 790580698 719371276 609122375 923774776 406788526 327332988 34171924 718570053 292546165 280673632 338098982 207047440 
900995735 11241821 695258690 363454897 841678815 577104286 417939672 23561728 541861374 790643789 646843258 880205344 136959238 25041691 890666589 323355888 179277807 676078012 607308762 
621750424 870557462 104916074 382624495 580303106 891738809 507313762 558782911 300459612 124947836 126509155 533850126 245215131 899319527 169748274 879882694 974569715 244205029 584483352 
763404660 331375200 68444998 800893282 332174028 961459745 378438719 71492832 551324961 251791160 742055142 629482087 489737710 266627051 913130166 780835920 646275920 101244998 39276304 
478416886 504239753 718056598 381817271 51086395 54224509 790072303 47338322 677748740 460657210 731618984 969271280 163647673 90125161 957633754 439652733 125206726 437676254 814116068 
55636557 961060380 972099853 327287274 363204504 715370672 641832082 476097105 14377979 56541434 127058088 914761284 40894963 33115768 468234675 513809970 830359143 106862122 218320311 
719679822 905583388 774072596 781930206 995628046 233982271 38113983 614718965 302251693 47045597 896454583 831110384 322808745 277811823 867226638 745832802 770025030 26403654 516448728 
528834310 732244233 30281251 844885933 236356153 690998333 101826212 272359210 587070077 914572401 700923595 883114864 113882359 522629367 582171009 309737379 503580402 443316839 87231762 
394511724 795822170 598655259 436186540 415521656 843611714 982834097 543823845 647648246 75928927 189588876 949998386 152177437 152775818 55631186 904201329 606242213 774991682 858051440 
417042528 65808201 460161063 462792850 834457123 284817739 137327488 150723627 714885570 746520815 969890231 435677939 967349929 882615807 702634455 322288995 996815399 815212870 342973461 
531310139 889353711 623192853 776422468 953643261 49093273 279036353 52706399 923009135 348211746 257105955 8556290 159743261 342803048 665472022 223842802 385356756 461277104 50423036 
223551634 92554281 332801824 861796922 840771179 723173104 628296004 615313848 941210029 632837317 279794829 470318690 807749032 463565959 813096909 577873578 903267665 598063575 614184125 
18275074 230624708 358550430 604086904 252517479 732604605 24234628 921296893 714453714 551337757 298454906 422428336 5960645 844469099 299924017 75558105 45160643 386796624 519409568 
582109220 316122584 507039514 5646466 669564960 439803917 33778234 664235989 350734528 832590837 122982343 416805212 558521565 873589796 151871481 990001183 231149746 510695346 290014126 
269090022 510506078 466518204 505206504 355198145 23627364 967201507 861332301 187715459 45905455 68882891 415328934 648558146 730199688 171736989 6209888 674208217 792551455 172135302 
346831118 481034598 74802183 97517622 786520805 93128908 177835577 45206113 892219967 688684850 472963088 413036355 553527064 174921090 152750795 712350484 758573204 171744491 953201166 
763555735 745990007 781440351 883416674 473586321 123166891 324160534 437122992 905641033 581662654 40192522 885678026 726408717 767549794 872501880 20948195 841070766 412884459 921088357 
380240913 35097343 843138004 10361367 962558930 951402586 787110459 633099672 353365636 631908122 374063968 975012151 520475884 59864865 433403689 422239494 543424688 36644948 317705633 
370420317 678063837 556947740 691935605 336992853 649046626 477316323 551441014 112610382 761708178 699746972 279285786 436460649 463124902 115573562 6755322 47677967 796049209 433449015 
791422037 924270184 7187146 17566222 24868492 233708261 564576829 829511363 395454884 135624631 739342427 68808790 195743943 911957 817610573 922981204 406326723 40020986 319679269 
483921223 640072586 233445413 185214038 69845823 52308144 8665878 260860471 867485780 71295471 282685528 680142211 924845083 904203432 865931571 693390044 45869361 920998232 248394549 
315919683 667073466 567170599 410252978 500113570 421128152 564709726 39773504 757173314 42919987 330857450 308994106 671386965 194690169 364514270 582885182 13240685 656437210 10821358 
168312496 144576772 262909835 812297463 734125621 784790003 733212997 926243443 812601144 233003514 433662403 514482949 635327336 615450941 623252296 346559474 124119864 465376453 558826518 
621368996 774321246 935082236 787698936 534727465 693033044 867449906 668653497 666399411 47287001 55009562 859332011 668690966 288331890 24176972 32001569 847787086 884081891 742860742 
850480373 121312502 581777847 205202276 511996163 15301329 473777341 693520748 213551787 742488645 839591559 737947652 257620563 99375067 881275117 179038393 122787555 550314689 204371336 
607937274 280536136 876699464 969196600 35675803 387078641 308232550 52115870 44297811 294287701 104396597 751459748 724372029 658011243 437781362 527847920 578531931 995927088 96675838 
453775476 317301007 564236069 79224929 360987105 883658144 979091406 343010370 647984175 1048251 919186229 446786032 539580695 129838319 89401189 863240413 238548121 989230383 634221039 
668081182 527061878 265804628 632440423 194753772 891953590 362224793 73991400 65776933 468408612 784650782 67299467 894974412 728465358 864691045 117034485 439311748 250705542 7080151 
426904008 12219161 898553699 302521921 142298924 830228472 710960192 206964048 617424464 32655025 348783931 266950681 311063266 877900157 549246776 984361875 92244632 47279283 250694236 
900080153 627301291 953571665 757846162 792071661 437691222 935804793 913906697 30876592 73610331 147048689 460418484 668777708 62803328 451218337 846590921 448080523 663093258 696099864 
267532355 2627421 776185417 173727752 110894944 51935894 812182027 604240070 263419427 960567885 403888935 200891851 457183443 897129982 88577524 217485109 139983226 32551176 439908815 
355534919 89599591 40940848 796848025 211237349 405139629 52299036 811614262 319984921 242524834 339134170 520846095 650487185 369112672 290639447 14150800 843987998 21867590 916721639 
847848619 50506038 426549625 565650115 613092692 657721203 456584797 523359110 62198018 879629842 42980637 622020272 789008694 901096309 19185703 888613668 418114796 29951905 36507824 
642809001 913823530 962768577 447446316 414013036 438943097 762590113 564789208 234247548 464125542 762022452 813651248 749505357 738897921 32487950 185207417 707625014 302626399 883009771 
804592696 485377523 239888921 56390951 284370105 918460964 665046730 561307715 855743114 654940364 524966293 611993958 916987645 622001874 220514204 41236440 137977001 574127235 604079242 
564786570 940537321 607229966 500769034 332675466 986710876 122822663 269375822 527164048 296428131 683978213 665660297 878821748 446337959 953137284 229473909 769717172 144861584 890451620 
858675150 9358834 68044494 180965736 96117460 281630323 850865364 554051287 193431245 820694946 675207769 183999582 666062209 126210699 47167956 572932429 109468093 497514849 350281738 
145998165 833826256 353802745 980425336 329017105 211223057 110399564 13110758 485830266 947383127 136059129 515695841 45082479 549851519 455261120 32149044 844458040 794621418 47662601 
326732662 541741049 683657724 40031579 735825786 218913086 811521438 52982245 965487836 905165943 886140349 587544824 399561850 317858424 68844233 714053514 846783479 13903608 132517687 
727291061 371000378 327183123 701206015 103689270 677550061 271923145 529260831 424786159 137820671 265171069 525352982 381939558 370166818 150902135 7177832 41805892 607180110 43325026 
690166306 414300886 249851964 767112398 668557900 470624143 21006827 674051759 442649976 200790660 115650592 646785244 12249147 47287790 154808286 110064017 482968494 11973803 448054258 
155415278 52358124 54236351 764564330 894680438 951398040 145713612 395952152 558092944 11628884 559605661 39666964 632485642 488757324 742511776 58221879 932681105 54492328 551564390 
483387809 713339194 665613085 91095590 617902131 451340284 45441629 219970360 381553174 4392243 747678115 508950938 181561906 662283295 757045033 16768622 379397048 352674403 53194415 
884542586 355956889 255435399 11206655 790295207 394344460 277143158 930745692 33007234 15183115 565086720 950223380 698191550 824089815 471401817 60291320 51584432 426202481 335585176 
661983967 710515666 533351455 716941626 339844382 11240000 769379308 150541980 976062483 448718142 209204264 17052292 341077407 385969840 738739939 419455129 7956391 467495073 347932534 
28012517 55309970 41244604 55716090 438205788 883193806 241575382 315460816 520775245 331689035 285695074 297685273 670812913 60509950 447344380 629010235 270049508 788282207 391648735 
418409057 736187814 350888940 949500014 943885818 728695066 21911715 195618735 422394936 615983112 314416525 935487691 187747475 96898715 733417774 609800079 802781765 788929251 836969238 
123250926 989586124 897042260 953391699 459912573 452498539 217490758 969288699 44807157 150547624 444231539 937468327 914045878 19957455 777104508 208900083 581707582 589101678 644309348 
456760575 248385206 969222616 947835923 781735665 854217317 737927330 611769812 6036080 423834938 345702953 243748311 260016428 748029767 46761993 25287600 560205905 777707584 574001319 
420653527 286752535 352414208 190578089 335599654 168734005 305445637 3973751 241870430 267071848 18530543 908493509 604743330 850864113 18004740 183574785 980910074 724011284 494191792 
138304739 861618385 517672858 550793213 305750503 113295736 211398480 910061599 592913865 88643233 546708358 905597931 882439950 40866788 816700817 63492186 231086971 650894909 547781449 
52763403 36994714 709660300 779070859 470045888 981463102 914154516 644228792 286589916 701559541 817891069 67987764 662806250 286792343 747952851 533933545 522954521 768801471 97706244 
139582146 15815351 902079819 585902949 696912177 48777150 62765278 523034286 531209385 27485765 291012448 486229241 382167331 804004619 473406585 1503303 388163997 461926897 424201241 
265972987 963020438 678903931 327430387 24740957 48786580 556859477 397030141 709005080 702902943 409616844 210234865 433936317 29790403 927882833 858861520 478940478 257943186 868561658 
256280410 627754356 86757791 783313665 926048918 548343705 663852036 975821379 208059729 770283214 421694173 130475970 463593367 38065302 249099467 56035362 623553595 851694425 744015986 
983812145 219414357 646250722 137403131 816768856 863509694 822120674 404330130 58065450 884846230 340324203 87425257 573623518 299094975 726221686 676549044 336584141 7552608 8913244 
774265131 293439475 593584738 837127521 596702859 148915571 715764726 73133604 702340757 810955283 468022797 717131569 318697997 66590140 41195743 997987185 634758205 739933948 130328677 
425506739 174780784 193523076 864668383 205636908 506422647 902466730 335793999 652743668 809513511 224525800 238832635 421895557 631526872 168342363 373771503 707370816 93049320 653548101 
260149880 448744681 764539190 957601164 349396906 797578022 771399335 760203320 686676187 591915523 234146725 785133561 244118054 17905521 936961691 891686814 146107882 647479746 225010042 
984852895 49802056 778580526 605210680 449235604 564954281 36153170 690743115 401187772 976813621 349624236 775193138 170046839 860423260 84919328 488151533 892324300 219478609 658930294 
342639488 113934052 295590026 940074970 732761715 23421324 753933122 910048090 528808789 871208888 761315575 627726444 637862453 487267068 735009005 937974117 720021799 475923216 468001192 
556671491 870099653 256008277 72759158 269222372 749448363 982230602 522212067 283928332 462521850 550118933 566892354 403873891 32708053 8820993 765882667 870133813 169814504 981777146 
672072952 654585520 546206941 536900883 984329543 718912618 455218405 686888960 2754938 428410072 199797301 306718365 42245178 5886168 551026053 607170662 163543537 434776360 806336146 
542063612 10913610 813009132 740008605 402899366 269699006 672145452 3115755 715535821 237353982 820454996 342530883 734700415 621432968 562216115 974477427 830297837 699816985 956653820 
73508554 176527342 69774898 158003144 774660257 480572538 690761119 164214545 725384395 718641967 68388581 277944504 125945128 59622863 326986454 902577409 836214039 385594303 890232068 
492721426 331503614 893924490 607982148 692415864 363864004 886522460 687922994 333041825 188345176 8727688 329266861 839776611 123864360 233394691 619395158 497882483 416653739 1338342 
511397654 127801327 774505943 391243760 989093781 841014229 572603819 208065282 239273668 319739529 803562151 970085281 232777812 505207380 256537167 814527607 17534268 924346591 957297836 
432701138 420663863 204051900 320615115 87500067 831153731 403896541 80002363 523943297 949049635 208679195 855900819 255216676 59914717 603420337 616707562 38018537 822101311 481869246 
252626269 49951445 899195987 442394822 157556877 19347594 933477102 812354354 703041311 211031252 363988518 343915467 161978170 54788127 979372757 949090115 819753996 397684735 479417372 
221516460 724081733 177934759 666534363 735297023 64542874 397055089 202401594 687150743 706996803 307070044 920107299 242829747 32063868 258536585 849235141 39470838 24462346 1784252 
796616210 980124396 985342892 427717858 860919362 463194491 848938158 669298054 839494222 657629302 597275739 807140442 232532342 328382992 229519236 11191732 67658683 838334303 846379262 
890373135 647368807 12057313 963526690 688726662 26934401 629328628 13752139 970057564 242403673 262308957 993491548 852356727 310786817 37461186 954459448 124433376 184948432 109884720 
59112007 961261124 86938082 103578774 175454456 646838646 512053139 223191623 527778874 528619 756641800 888952956 99776770 663460413 264482471 895411920 767759560 908312489 644452505 
536104130 988277769 710220432 842474319 30929975 969617605 48147961 501533434 771585013 149761 645525774 770941201 795992617 436909385 924445083 418341583 597604065 613287716 858445459 
128806835 17120914 866019238 39119498 34461693 721525909 628600291 255333947 683244344 822762915 37815667 229696259 442742444 468621916 139175155 689134949 655041511 647604676 542184581 
443420548 783771453 63890372 968229963 650873772 221810244 275510182 248132335 91064010 845938263 766065305 285533214 772932335 578122516 56181299 29943559 254773713 503680223 707247850 
404925667 741865290 848686941 39494297 302608229 601150422 849997817 395460354 329049933 506183449 370103394 805861447 837292762 589097559 35463435 701532015 178261074 411050747 972388265 
60476647 140701820 677965073 918750649 845984510 251188519 258223564 670860024 602546279 261410721 314140160 463552489 680426171 85134144 514423976 242893907 99596533 406515677 212769122 
610008512 821921268 737925204 297733870 140672511 809726717 296835334 344577459 892783010 639875638 626988631 733419066 625587841 52269356 301247280 69878704 722917941 537463630 34217852 
792774248 828639390 5737584 497184432 420591192 595649118 14011208 862527036 648914327 33977179 325673973 804643868 14678756 77128001 642939507 8936778 736975907 656747006 426470696 
46912584 181741782 86241860 518461274 554964890 814777513 542467083 689284022 379641929 483586536 881171724 77459147 467257442 97025030 936029510 448919949 982634869 240710167 46376317 
463301587 172325655 610578774 551171510 275195608 341469536 117931937 142728125 363816894 543333230 886437368 997728671 35617286 676835808 35617538 251980848 440138266 887047515 388812168 
473487751 799156164 562449673 377593592 405843837 239814836 151426325 723140067 340875825 357047038 428000560 53366910 646609542 478533529 281442063 401481510 966067364 118113505 545840363 
549809877 87453299 28629268 984250368 345598894 779775523 251686106 91610894 378020726 267962535 46169525 937366747 799772696 705966133 820183190 499510959 894906912 993440456 187745353 
70322902 391560001 1521822 839640067 227890978 372394191 469013178 892291547 772613990 560606790 685250915 561103181 262200316 498749377 802577059 990058936 511678528 324471940 155998409 
531486945 29690130 70236530 622942440 286653807 557136729 707603352 990298453 653873517 377356923 494097056 582518829 695192779 746188518 580772703 339521997 321587164 166286474 553947720 
270688088 3718617 691691867 16342518 801303861 700309342 21119955 839248294 495067533 221918440 990044527 422569914 890104529 566759773 317070638 657822775 194817587 953914499 134262293 
382844744 540091944 738426247 919635374 318105529 869683436 925273465 16762500 84927869 165834494 986216906 564087464 189146152 271815072 641953492 694958639 381349238 796211544 168698450 
588100017 835175362 56198258 301594084 525596876 776129680 987688316 661596557 695781535 3853059 546019784 3317299 593601104 632826472 179517421 975317030 165459334 973019306 867167814 
578220435 551769840 382480603 975657330 184642828 131499708 555103665 155785938 183392267 902039328 583982086 688846607 209964395 497156821 287319383 914130065 123856876 982631319 984631878 
64973320 583169201 69007527 501069081 554609895 70890945 175639881 654412857 195858404 729166986 985829189 380587187 123994490 964633689 189015402 267613370 506174056 100062435 263165447 
244629026 142715951 534361279 895606128 89483495 36724630 457040873 664851583 607098277 738943786 194172480 467527440 110669853 422554039 635602441 99801732 163572150 709179601 185710187 
879010880 181257209 339609422 975062513 346148907 220572436 873786313 710938891 524482354 145006681 252680992 231302285 743065031 534934716 989738742 992346158 795120222 49189719 779709489 
6039818 472450032 521526250 958767486 481020961 844580984 974884180 602912201 586100950 840588152 461389852 961531589 64633713 944168053 557609194 898021226 3882909 43709814 562240270 
518049393 54125290 469717385 956392184 99845338 613945164 818324287 18763966 769551463 317912474 183352107 775592601 478828062 637476880 911912550 368213864 317391051 416126158 220105998 
492384555 759125884 738756695 733161666 255840138 726482947 808689683 222194472 443413068 547846520 938263757 265108584 937870304 216566452 841745717 546929070 958933975 469156054 746850399 
272956332 48793959 239189442 31461441 253504789 349797867 151131805 373754938 290861347 23414621 243040851 43563910 458430994 410102499 507418642 860807116 903753635 18706240 31366603 
910000017 174802330 109176669 650110648 995276993 660152896 342953162 592200145 89596716 741405922 20556343 171571285 665600774 501505103 65115642 692640840 814615399 588283230 309001356 
352478959 995356873 674965862 672086796 553281365 715885453 739611845 864340411 868554 182536821 867867994 758756990 212056414 471315755 653140234 362295135 955209834 76398265 341795902 
457317644 657118472 718972944 501614691 693488983 702321814 942764674 214241897 497659316 739490104 43868743 233406789 655234494 27902034 524587259 371848304 193962419 528658706 480743454 
780526181 380771571 4971235 618666899 677961511 800390276 373072891 132308002 971436728 399600017 676784079 767343094 33488803 276454375 36038041 819380000 886618483 698139767 872333018 
540183058 805841721 937412567 599918034 699191332 919162379 853838016 806968328 742027282 373403519 426640 62333127 841749628 834873396 169505739 446279584 325871205 923279946 78567571 
927510243 71225268 980742117 30242099 638971430 822136247 995602862 406384794 735827141 90952604 271142225 439254743 29417567 30457078 986510336 514104226 32781141 6082620 617461998 
906876115 560968528 743756109 61061077 739517672 355940281 693707750 619629425 903667076 93833279 145030699 582603779 138846698 753462100 701147940 70815182 371945862 55313583 679075132 
730494879 916308581 384680908 918098116 787990845 858401720 205660775 522976878 3340796 43556948 105542405 793583058 60315439 279558454 919502699 162772973 426715825 827887607 379762468 
542050717 388493661 572139868 98889216 380237350 245113235 916320202 339487376 203934128 13730232 311213513 823821483 239504326 498503350 264861832 66786284 853500376 811823736 212908633 
748940849 442696122 861538927 576359728 727922205 438187044 214498832 47723817 827603351 242706224 851731796 66259710 412753994 355324127 932085558 921855637 77703715 798728596 38860856 
735254897 711196118 217400983 350273760 43022652 10487641 17349779 24966194 668695108 405038694 134115865 327994945 518150650 470052093 899103259 660845208 931912052 970993121 846220914 
889078479 750290924 841095958 616522328 180552956 713334079 272446569 638895342 356653630 17097838 183420392 630821815 326567221 604485153 209598054 844332315 855965829 374735647 587064825 
761205478 343696727 586444504 411606139 607464646 932422104 31357403 864323596 317184720 258916279 164314208 518081422 241362940 56228522 242004159 978787623 380398756 17524458 648875511 
313259203 287600905 526657461 452080168 32164496 717529038 313439687 995761433 934077824 576850043 845133289 503282355 693320139 988443132 257253217 87276932 709449578 363150623 462975613 
767871293 742713501 880105242 52117260 87633204 663044197 605404162 293255910 135458531 722761995 241011029 54339680 134997095 352690839 880582769 622054617 442081026 850821466 289200410 
513292080 770434457 151968869 591512568 168760907 162185015 79682575 524975382 950542225 851021192 310737011 174952037 515540337 984987487 526678000 14639670 671710681 905339697 15564199 
162121157 872503487 432783767 91826176 368311209 972629660 46229455 745226022 238902884 359722732 584858172 108163974 186684121 978548399 400320226 38022227 454150864 288659179 695824363 
107243014 882808693 1319719 799458853 912040151 279923671 1728498 550630273 100917061 751169385 517540187 136435093 943240339 893272195 227404150 599222299 715481928 395200226 467566301 
720183152 234654639 17233443 68891436 18469653 104688213 714203213 150970756 894089267 854435469 267548741 57666824 764013583 526397679 889709656 591013733 538545818 451916245 378069173 
517457730 943221987 960661469 667464175 371896019 131840930 981980778 24291198 624935500 636838320 465118242 491630143 67964517 883970697 249137521 33125103 313786076 263289041 456650501 
565122230 230565104 576205004 631954513 671344535 710970854 637358820 550753802 983910143 448407944 137612839 626969773 706443327 974340257 956912326 843127543 797482249 555613058 558107799 
351933546 384349686 574060672 10874260 970204111 290567424 765850227 875104346 606239151 791912457 500823865 608434859 243419864 43598674 732802609 455337965 857415390 694547460 178728641 
49480617 6237847 68641450 758343377 202681356 449401503 965115317 820744525 996447337 169804243 639951864 852671655 544964533 884006869 423552809 194273618 870910729 102226829 37363301 
868714568 494471204 586603942 265750701 271384965 577824742 154928909 66043746 636430985 5158102 408911734 976763086 920831194 344694174 27382744 503192218 96885888 802918282 542074092 
317332568 42090120 929784076 972907953 230554106 510197634 832638010 650832362 974517849 142021122 534739278 564266142 212299184 294874403 79681830 7796376 33781789 953041663 307761090 
344321253 710089767 530761528 7843528 848777049 547033396 640976242 182910979 591142666 268014094 798148566 396992480 990962898 610713447 234229137 87828463 452603857 141791826 385913171 
550889832 409478122 260923077 536829905 78100388 227842113 137979422 573111875 505234080 297944516 911735195 115155175 471499133 427754911 895692001 468152700 88059138 56795076 45029494 
800843208 908413465 835627374 799648839 364455442 127812686 271479699 10162721 308773800 485988435 641141108 409313341 800751451 439914111 380223251 264592302 961404926 40011082 722358199 
445614832 547870955 36752337 200871018 410343525 158974077 131533913 558340731 851412174 39704214 105268933 442614268 647211476 177773340 107338527 511200324 925797507 56145012 601433108 
617050735 136937418 787932686 381526391 886332377 531945212 464885464 703247037 246328487 283011154 461465545 422633856 993010750 231382887 674257496 396049404 71060426 570105786 801343234 
36618132 352335033 344553264 145089480 531321679 36980541 845734031 233511598 197710421 978952397 11015684 596799549 813344371 503022244 380580766 583252482 716108443 74469440 545270224 
772957453 9129315 228007397 150421491 767167602 691080070 521752344 201991874 870490060 75242078 799687973 822713052 148576693 96561777 38280600 752785222 526337615 227469794 326795464 
743315430 819141054 913215227 915570760 104229897 25499308 295924394 15467892 365828318 216941764 820673280 548163562 23645175 435205943 481957299 8586253 238116304 924394298 847512220 
401230212 527361089 517867141 720612922 593787322 62969098 65068502 137206830 79715932 769734736 86698860 739336637 190119901 979692313 175148429 376877138 608371701 569962962 139568385 
192049145 850893854 329636554 748030868 563112420 271025174 923611316 846240407 941064938 882020448 380402985 515752288 357172739 113396931 840424228 608414662 748846797 344599241 943757701 
804518053 219489291 856113217 699428238 489128032 928141856 115479997 583775593 300165978 469865880 881558805 235915935 51927164 34063776 947857378 47572129 551310259 348171913 662918660 
823036741 716364910 440683593 384185373 948377919 734542884 295834874 750965267 237325996 523463884 958878553 406542738 212398987 11816802 18288967 834555016 309070401 712405610 191992396 
54743975 195236372 508389477 389013007 948640999 614193585 486026846 964975328 929188353 603873703 685744735 43808814 534638324 755814122 366316027 794749201 882712708 702770513 89630918 
128806593 722080438 498549272 181135065 614642461 597182294 521776734 935462735 517190437 168119409 976527784 272002762 613398912 496503515 990600284 650901999 941615351 560112811 532431431 
554820581 369547000 880894906 851426584 599833818 54670868 307771431 220671715 653979775 59248769 987219669 14677151 848125063 931861145 45713387 720271528 36599595 590669145 197195092 
766760253 297665961 468392162 620448061 321455875 294118081 516726524 318786714 388247424 41932087 250795406 3290529 428959649 981792339 464527656 351999565 951689781 278866020 248682361 
940727004 327065200 826350904 48282073 917919825 865921641 445148326 22757312 351300339 535426460 8010501 150860109 97821900 378909545 424144818 8163775 197200939 795561362 294353805 
910711296 10283555 638445249 680111996 197657366 102279433 205221120 879862504 782295216 502350586 604798015 245049915 32344990 707510355 573755602 667540840 965155929 358073911 406473200 
73969251 624850296 584004876 113900597 550473636 169680441 653580030 400610336 33467047 657009918 662085243 18434198 325068400 119685581 596407478 233282910 805928449 54530253 70719524 
299480483 972580578 318209233 880970497 47674997 483739553 120832453 566563276 996358471 498286158 329035586 601702855 618188403 391067390 55833344 225779576 162434994 508465738 984839006 
608193835 263455396 226712525 630241756 20695406 441715534 975605930 226160033 418364819 349318807 270431747 402349559 732781617 613213386 372801411 752131273 500191139 54230039 443336149 
71575852 939407496 19925777 102665514 490777043 258391105 798487346 442194872 465287065 369304438 850916179 337092662 249542651 316082322 11553331 947251296 525485979 36705858 758900986 
150939513 628241599 501634554 552449452 535366852 664308175 228232816 510942645 877783562 5810139 58241566 861386853 109160983 750743826 636935621 901396848 875288381 43189068 622028518 
781677421 883732944 244712066 496532039 738568792 30037671 449016656 668584563 997553681 225834402 479110522 863292985 200275162 587798559 187182692 261132076 945360349 378107779 498660248 
455084066 967852964 526738359 832783684 488444853 21796511 3455400 415533241 80669382 992016290 452651462 263516910 302232309 938986084 761499270 470012667 626367785 70809601 889590496 
310176926 946344974 195203449 2320592 90563257 44628625 680526383 191156187 448573905 722434664 20337259 186592128 175848081 626844294 274823640 43117003 81026118 492672422 993706502 
111475143 7675744 229017800 327399657 229298693 818212855 592957870 30978904 731907866 606332996 240797022 401596303 913076767 170765091 966895268 181987246 303982383 569855640 728523918 
356361272 624032749 273667655 226552046 27483797 885710332 503365114 493975260 480682896 687389060 504108063 81336625 255895001 955428788 7349319 429760780 553857156 64806201 836972969 
103756881 576334216 914550989 655770013 432466981 55256129 479941028 905246241 10945396 926352367 480764 442759256 610243948 68660789 865077653 134345477 872836095 532762011 715916341 
677944596 343793252 950051852 37277731 23778322 951107478 192933208 373219503 55953071 567598291 633295283 53483686 61878082 128584735 261908533 892002526 83566151 683297471 510380376 
582241967 703747288 43576254 786346365 343792246 919220023 841111147 121516903 429958676 41033547 4150488 565148349 602100589 433272606 2191965 510631565 200436459 319800156 42199572 
504824772 36164088 784725463 65774939 64507831 205902216 617324550 350833239 532605597 783854733 41123200 14047849 15766034 601278080 440831622 345333955 804158358 52550110 525042295 
39104717 282167052 444776105 239153754 567030974 764281148 932135140 39856984 603769867 674461265 54888214 387696959 972175855 354915420 776898768 912318719 729916392 32349646 767333664 
248937264 990617657 149056514 172747034 840801931 901338216 276464049 455300696 454142573 733848513 411479420 227768694 470303064 278326738 854670438 425099412 890192753 55336173 159267927 
483492312 305125634 53462185 269176474 559079914 833457401 832311394 516950624 122899062 843478888 62374324 882929467 448049326 158300163 657587973 556165027 251980742 563773606 369373688 
388553588 599350134 544468940 489797114 650662510 812818043 354351896 327718585 532522676 423352598 242952656 492854951 463357774 717818763 425877341 484078971 806849192 515504291 652670413 
170004144 154243344 131406891 446064721 866985989 730773307 642724211 11963839 645634044 514496704 604195279 747299600 47590490 60531355 951644954 51111394 504453293 953267629 912223790 
313556729 264926402 693590327 30602604 380009655 220695339 705658210 412521276 135732648 798799807 41504185 35227778 451324664 144938521 40604588 250954541 124822265 570605591 73017616 
61531309 13464482 638114908 395344538 275208312 319603979 802208975 309533287 893516420 695915507 58494235 214196855 242896336 22830137 779784493 31237933 146490075 699372391 264467385 
452000209 31034922 779039523 135668917 558824207 915640008 298619835 306235355 413056373 466764990 821450403 56046379 19019768 99112863 902963438 855244135 32884848 995175678 893511126 
194124950 995083799 343150325 895500602 43226242 12526606 132276896 465756699 951825722 997139416 513109663 62391583 38922641 878909405 271724952 17399565 392664477 112801257 122112179 
800708439 739837240 971667882 227370525 793145996 818670210 67540789 539416454 736480482 980347997 872185218 736140451 323568818 314295535 63989995 829459884 375190778 813068324 316835249 
297275870 394534877 397142570 137241208 33646074 14592287 569671155 478540486 675312324 42344618 783360951 215540103 525644677 952982795 994963311 879621003 591801482 981509622 595562331 
254294535 629666211 254275262 159832700 600036624 154516645 222535902 644640539 370509348 123114473 546272883 38035776 558846625 991625418 943711423 342620476 976860747 371086891 491001511 
197788192 427386314 19138285 814085942 59877442 768352553 165350526 287788056 83748800 910857817 10247493 717611040 882051830 78009260 153744183 733527490 224573702 661342811 443572807 
592509338 130356312 12574975 826703596 135826659 220064023 707008028 858559653 638992385 404450224 61977235 504179826 889726200 24348502 291310635 612229974 380084722 430587010 62183440 
838586588 23563195 776540012 228560211 389053840 943050826 489064083 648075110 506325377 767013167 321009978 890476706 112239302 898600486 400911848 544144577 710929398 555270028 102975719 
193043300 151745198 690421987 735709895 917940878 23991822 72051536 311516888 173162792 384613693 621576222 798636467 145860987 584433121 539968313 13649841 680379321 329372328 988833204 
911862643 389544052 397615554 558202948 132467801 584891173 353784675 69361090 401437962 214015142 230832198 531584429 41157106 59239864 735543333 697513637 952688575 90730879 903872578 
657211633 163715556 712450049 722536930 735326459 302102806 384006314 126439628 60643789 338899410 355755211 814801358 722816927 961307348 411806230 148515128 847422017 952902561 652635428 
750881119 791062447 687629055 727303152 378437916 402445958 925980024 810997849 716268107 796504200 134689754 31857315 738465868 432815387 69634488 938279926 403439237 454955975 838931436 
678029534 725010141 38926011 991014668 28531658 220065859 549780810 60708343 213655437 616746277 764268134 318124116 391129568 349379065 918448940 204714245 106313181 535077816 44075351 
964248759 269346437 884538974 586874315 45420631 508655932 578407276 944420620 828293017 416516168 888901734 51038148 548922228 392453462 956144981 544014657 369877152 11195379 677872453 
337583605 15756831 904481816 51190471 50854899 595862449 708521111 879336050 990406521 582096990 131593647 618970459 641430881 49090800 13493118 420379040 204893614 837992055 751313033 
14730977 55068165 9080003 323684406 956396741 330968114 256245998 502528338 8262002 185507999 708913103 851130507 563077142 491004128 400626823 909304567 156852065 831545898 395702009 
902230155 312893448 10787798 764973641 972900005 11414340 74211811 455916388 11983491 114342224 323751794 56641399 527197130 22673389 157532488 483000952 225615616 993829091 491511887 
248284570 372776978 525869175 30882837 483567064 864302287 934611958 877901132 26407537 263804778 407283761 851933256 13321065 806531324 380141565 439601028 235296775 115846143 778111667 
752113182 81233235 770152149 220291759 6107734 849147036 140301887 117705681 339623954 817721847 225126375 852314623 266355549 275401400 978384086 774637473 686226148 853523452 749057022 
167300131 829278840 161706271 614194354 511033975 239957391 54792773 792717608 126865296 357951938 85746390 951511294 152942824 328374608 277803003 109159346 455039739 583065 910774051 
431639337 503345098 997693861 889449600 961822249 919856473 1569946 624945545 610163423 328844337 73155658 294128505 742383962 393848287 213028772 917715407 922478093 788970355 809619773 
740330700 695030865 209544194 229261776 871984120 965378273 201577252 214414011 863026334 681856092 74139509 216987774 319103051 631526855 619565337 992961856 113132371 390970632 49260593 
277959498 49068875 243299692 448828264 945340297 40695184 544385058 64511592 507671568 493041088 687318717 26828900 616874644 830514236 884698550 747639441 55660271 465464492 327333608 
305378982 210987422 44002427 309271570 715394399 481294915 837906774 507136345 518823167 797309475 587990960 225984451 549554120 518913704 756111681 316057533 784429701 150721504 489429891 
392049558 11827969 507258621 919768628 19927553 466435726 402014419 470026711 122286232 250146943 376098910 495590963 817860179 382533806 655738169 859357394 570646037 711676407 854276647 
472681347 362658079 790462650 345665422 655198936 569581979 350796125 382522871 575511721 729945363 448503496 442837136 879222415 60976886 984465640 616601514 472001642 340122394 46310188 
368444219 416001756 926472245 984011531 118965597 981400011 459360867 888147580 275680460 442350307 360684963 778041981 935413612 987199506 40728665 413165964 109976770 266526218 987692494 
839234097 139360374 792796866 849453228 164566386 817177815 683597814 635340163 744830301 703624535 108050850 836236615 932846466 182780171 888587403 984145871 384487286 896953644 330971318 
34074198 666729809 482232216 758029295 184854014 94514224 861008210 387055683 692689481 51643572 25172221 984339078 509259678 792242050 596821349 84719822 576089546 119313346 806121463 
64061685 968123004 888806816 99233604 249503517 931566536 989033677 48427394 497368100 666436261 718519038 564643595 710792243 559037807 173222508 2374876 13329717 11666021 525454419 
230475543 435957079 164819500 605699955 563166081 612923789 847761995 597724818 951704581 886047757 348118957 38016759 478802223 490726097 146944290 328007409 818869426 780994074 661760477 
460176463 705612771 536332008 881490935 495102693 734794299 529008003 820099819 399717133 247559128 173234165 346586649 177143843 253925373 213272717 833098564 743556872 585145230 714613853 
33898770 106863776 937630613 799726013 66918803 954522708 441307072 128575175 19455155 658316945 45987040 52090840 599386823 204062534 210356075 688739862 926697222 907539562 335728123 
878396900 911583756 727512180 20198348 518485359 84354136 913976546 530805571 408935205 317345999 442140851 562991202 167502904 628299576 781338348 825172821 113070880 170917566 597647638 
762901224 598683158 822612081 791347646 869768974 942161306 780028357 541559541 376658780 101096174 636362513 464628942 980171147 167071384 466521617 1051618 505316346 866582244 804175972 
842233807 123611177 102280800 70860302 290795956 431698239 533924446 812756985 324747959 348017285 723994997 561427053 152265343 975831529 913349120 109033371 175566266 473670268 877994142 
702511639 182938777 334184181 604243632 381779800 359770447 522769452 561453278 728476218 822957718 656354207 498202003 327114108 752436778 779372016 58805115 708095555 341913419 663147876 
691906573 77670038 198804799 850380902 772331004 603068384 341925326 75621378 621628356 263224689 943712197 873164395 742500899 402484989 522744179 823257462 270846621 72688410 175603503 
576150812 469786103 256737735 963867088 735457788 304618172 232244961 898448691 486841302 205126587 612152492 111095481 118526993 56364679 673273423 254690246 992207927 8540662 197317207 
279449668 815841396 883270818 985222452 396768541 325382682 957203307 452451255 271247044 973541919 931747828 927532443 31589293 68735901 984717089 294934521 878951120 543448657 640348063 
488179665 997114411 992983325 383895644 548512904 724475197 343491719 726585099 17947237 880309132 45761847 867358369 856114451 688486175 44433021 173688283 364597794 667605764 845765833 
333026742 888058758 823089611 451588145 659644405 859726358 584272906 613218030 514489758 476033039 486362839 417904607 249050493 526609294 228489809 286616837 672758432 821203225 623912983 
199261701 45365976 361926167 853002703 739461801 951795007 333517651 681824161 514966879 726241454 248870781 130850489 691510712 365201986 134359465 888477641 534608619 211604448 164869071 
879340932 64177744 151685805 969887049 241208100 159647205 559017365 316013911 456837861 114640588 687905733 123784606 935509128 157685707 959308593 197430437 560774097 349115339 549166864 
141500503 983013129 149191769 18163290 875063429 919340412 804381736 938494545 374518113 788311548 889121165 881583350 824817155 499498333 34341122 452097935 335786727 61705463 106287011 
314005799 361826413 862279975 613422516 582448397 907799896 101124046 153790745 962238804 700920144 928513745 680394717 483611986 181505888 705006231 626870956 56387618 869535864 334091406 
515219288 326811426 33553900 306571686 644756311 205423733 65070066 638013652 525870660 360856962 891069482 402928017 58612826 942143859 632625166 87886424 308668668 48074679 792904581 
320698155 659392816 6024832 364517206 196610063 930033183 44235078 891896749 571287436 943527830 616494916 469244568 507777326 765787784 562336245 220791436 837867526 541904778 550855583 
714602720 877591849 5698901 433657288 121283664 109319728 354235209 113512378 560068476 534971319 410357732 85177604 83288935 35960799 535777103 500151288 364747257 363728075 831716817 
902423598 26566782 768486182 631442009 635221247 448098852 888963228 886960377 992914443 435122816 18695772 783938917 527397812 149942281 263919517 396881272 689469856 343766684 709761046 
793975728 330046779 112636406 846604932 518035885 536473139 693575742 373176104 254792374 475527930 267539576 744096326 655953460 350760775 171297043 946377383 833620532 735494805 44745307 
389228568 746726889 429405859 712130824 317407721 39132199 355296754 277349551 527316335 317410795 610148939 117677643 50451585 641670351 335536950 869536445 202843136 767972758 405734532 
780406088 847815240 825141925 345183430 175579668 115023295 136461958 211727315 153821356 217914191 8633960 4981061 880342657 604425443 749767834 367106813 550576485 444241900 432012052 
791587739 394375696 713436127 767661550 214731015 686808735 507422901 771915238 484401900 651863311 468047209 759583455 382959927 111017415 438658686 571223644 60986012 728538636 13784181 
617459209 772541200 412437130 380322396 373165619 987566672 197081553 446198843 764040267 690618969 61671125 720131493 781748583 982742510 335262574 404983853 139101377 58877718 610253526 
77967853 448513590 594173339 40481837 822207489 629203144 621325708 63177978 808694026 501773596 111494588 955425695 64936876 758922237 709987904 848554476 546489616 385818839 774493941 
840890254 436691810 120450109 747820536 665199771 928991316 142638691 612120108 471204872 795293594 581310885 161461687 57996850 215338348 546028798 21025924 924961625 982234375 51744400 
736924356 404190753 936603436 14898724 448511846 422170128 882976928 831326112 311383715 826728978 366190762 115793299 986869876 901176056 561225624 834438062 423280409 475753972 317979962 
328618311 973610387 636575518 393230181 485790680 4468267 810390515 837785713 328395134 503482601 815904209 128150972 10857339 882965022 364307580 337956389 119335093 486920411 305199260 
96006290 568389684 400801143 248403517 26120810 169143207 636895245 78073677 268332571 89491936 138553084 65869344 818561430 469416276 676863333 128761841 392094926 928346780 680610224 
890001239 252964925 670044919 475036680 680197844 124285790 332416709 675572954 784540492 138918708 213156877 178457434 170475141 239478978 240555256 191912958 625650091 249730961 615068244 
347465473 756056015 616944685 974728722 852080353 318476387 604086952 231615945 17557216 929653184 374560021 300479792 598032776 5161887 526447118 834945191 751431456 24932771 150661935 
3485615 267859000 895206864 928801689 231423854 11845667 120716042 90801776 655349037 508824439 786169758 150039901 985979097 204523151 487741373 57349900 673701765 837867529 958861305 
532377008 892364261 599976776 189153227 460152187 751737557 849415922 246815757 41417509 623819216 613344115 739645824 997931631 771061114 349821305 463544136 612545685 645984791 14254198 
795560299 37912285 11194384 565175586 94452566 450400528 277268086 830996471 583828055 495893499 127978871 56046513 873367587 924200943 46192874 723377112 962827602 231510847 673686218 
916745007 400679903 637020356 374343090 952080960 335102377 772343388 623896421 796124 867386100 853171046 318026568 447880596 150242536 7391047 38364389 111362624 599490577 263831530 
168764011 165311609 744483550 533661752 816113450 849163038 634596386 489895587 891305496 71018962 400711062 881970081 68357199 818925437 561176148 847403049 961047435 50042055 851768670 
264549432 235181232 984490657 800195605 629425486 793205314 417212604 971983042 160748785 9024234 508410895 592097553 313849641 729732089 977814869 132856976 80576771 458415069 107184013 
278163253 623972111 99486894 784172664 484496342 920427489 548443812 37909790 361205422 515221139 574026397 719557705 647561182 802023746 815025307 232757513 566097386 530521996 932773444 
335442734 142274616 575560985 655137120 433073105 49181076 787051535 418644575 133288908 596632239 732556188 533437137 323486269 376538268 36767344 21691371 625173255 511734610 466442560 
44155144 740087121 46250027 95646020 87810599 320281093 764767340 29657785 889069159 583078482 7695282 608950113 134772366 154242603 448140938 490558718 250787718 172665542 256255197 
259503067 378574045 402080029 225216635 327372099 909071172 309191792 965500823 122857991 97878802 812445889 316733258 176363773 17091262 259926359 96493071 580539771 913817961 741762876 
635045445 122240480 593713490 41015230 276461744 380246540 481745504 362334962 918722297 830632418 601582748 551293484 267578921 67072972 141800115 796421768 866261298 461007673 916321400 
485625701 469971815 666257173 758110560 31039716 270621438 169783384 469414661 763914862 908280725 277524601 705320868 190938412 227039403 24864756 602049694 370307725 292253730 970609869 
298025211 911424195 46107843 909945093 904320994 782629701 445919418 706785574 851297058 865402190 609271830 45042364 422981036 737553500 74904393 914025177 519566871 422192307 207804847 
29340817 19085594 660165080 965405696 178593660 873671702 632790295 46051036 763014712 52201354 650259453 283731272 821802212 592413085 142716638 80597802 579645349 892623000 617004880 
692719567 444311845 965635433 695029422 228026470 675393807 907669025 412755094 126276226 650207892 659460214 821980523 499445404 948370153 513694786 43145427 437721743 738787270 145917441 
274319419 60691483 132675049 464640343 497159504 18066274 61810576 762950536 155433091 587957613 227703556 837062143 341800845 372567720 3168521 553982152 908100584 35044705 189899631 
90694934 469606738 886293583 195640196 844406717 301313102 979850502 361961631 571202488 315766947 32002691 802582166 9006244 6766555 776328101 459498568 54579524 64085957 873125297 
127162901 744664572 364456179 597360333 778944609 471324502 781188413 460615814 417267221 222489727 516980284 577677899 184543005 524321226 255921104 704478191 408109803 204004140 691098267 
946505771 537256691 118240959 649783939 991811354 825084205 37070656 184550708 14055612 386653846 493551249 40905884 468596595 223001007 11159606 721555821 748313225 473887996 65885149 
74934686 321419432 489067910 40292303 144400107 171956831 644546906 4453247 730041680 690187428 534644232 552319492 63967634 233718605 58552100 767503510 451553206 802663318 724446409 
794377492 625301896 426725022 167873042 844083326 580861205 182379498 863171487 418421115 641680177 69923809 237325846 428204756 121017842 930130509 329800862 613542391 950142771 589871328 
20199268 856795509 166072083 342215085 359354907 20804483 250796659 286425515 966431350 373603454 813820283 708219702 955840172 932443488 609598998 909172878 593873916 705623628 226302577 
855354965 28079397 517306631 76533632 275473941 457294061 755016572 133045113 577628344 662917276 937632311 335812694 994767118 217747070 30036714 596130392 769951306 203011173 196968172 
398024319 939032197 922608165 549266870 144730387 341446970 363643925 788813668 30536733 893090249 844581268 214474554 204148207 644164085 228060034 167312923 588482456 394038373 984810179 
780039443 935121777 239032102 601370304 544939983 534934420 12971559 912182246 848158496 294254687 398513596 923433509 436999037 188911349 415085852 46543729 222816126 610738108 945973475 
476738117 164342369 89783520 346957201 636905499 43858568 130588879 389786120 668255221 914030584 57375930 67011089 60459224 773748444 667113244 352704729 868676683 578439680 22788651 
28892013 939586780 184253783 218853992 337193794 693874843 331982965 917511445 696541359 915708829 8732949 620054200 7249264 139533946 470414741 831330717 849981220 224578768 330045302 
158702673 396247504 788736958 544970205 892764201 244425307 756516970 469829652 153190329 820023568 577691260 570378249 34688348 742695967 822103712 515087565 791417267 84851228 372188423 
85325078 119667231 7044222 654897127 756363710 191584070 916484641 880944630 434012226 386681748 223191493 398286067 672548164 978454966 430818444 641962014 605755146 51716896 718571648 
239793851 138823676 754378376 7398154 451963539 590020906 966938217 243889021 545087090 634842308 822935425 750810506 279209130 437285023 162944852 328385481 918701454 9992375 954731175 
85355062 471639544 392810920 720819205 45762737 337984965 133829427 595505725 797590909 817208916 33069758 94910178 443060161 508725514 588125653 73688266 810873355 678155728 169712803 
984489615 379991240 630745491 948231291 734831889 760123597 198917315 517558865 730768882 958050769 752972245 917312832 781048345 904972528 440466369 147566853 40711216 286240554 834327684 
460918914 773496614 189962209 293159839 146143293 974015662 57496415 877704343 16322781 545821629 674079054 906009971 452395445 634838800 314282814 66123072 249338674 411872164 148504355 
452180626 68227434 969578300 656638421 814057977 796214937 226131678 860852622 705610896 35923355 311340374 376283246 69060209 716377201 591796658 61361913 732835138 32556739 31962563 
738340505 124006050 77994072 847596707 496702486 248479421 970413983 3830059 820673058 220645055 16750633 275512440 562131918 822946647 139978028 562699375 869084949 147874620 722471939 
382661173 122914640 648404388 932411049 813449398 284469184 753858766 499586625 740403999 27934215 41240698 88792465 215286628 977812655 783150188 196496257 192522428 717041058 502757101 
719160737 788133408 64033968 232416074 118293153 210452687 962978318 558439507 625788119 804087500 355955921 484446940 161293500 732589407 471608694 187098176 28912494 290828176 516132957 
147656921 22445360 298589359 393803849 955073161 249779175 91621071 878631138 558670644 29919643 478478662 162795827 781796163 304788219 926207791 739298860 548081699 958777817 638181864 
849804577 516315845 579921833 303327124 562187850 869690907 188551174 221145498 4802368 850507169 120949549 171604772 41674118 39416785 805294209 31913888 3395839 305596590 987365637 
611012932 6659696 912345146 922612197 919138179 345973256 735338752 870205166 42671511 88658388 79319691 258481425 369592579 258226249 19231724 742606052 354340870 248379070 886114873 
269454624 477700136 276486128 409333513 698916132 273343667 213676668 682804984 65265520 940606774 159112041 829638697 89127980 114504707 612198555 621482175 460710816 191089842 94307169 
550047075 874047673 144523932 957975272 421982145 569764745 900046689 834553541 772093195 243536839 640455011 859433327 653409396 406100811 447482440 609297091 392424886 414328979 950463868 
