3000 999
746 1171 34280500
122 746 830162513
1645 1171 322003643
170 1645 53920704
814 170 788056455
1836 1171 780695264
2317 746 524527745
204 1836 347676066
1363 2317 965649213
2151 122 205527861
1689 1363 325312669
720 204 505215915
2998 1689 292236799
1875 204 987242371
2316 1836 94691672
1980 720 431276893
1494 2998 481813112
459 1171 764928693
321 746 429029654
1541 2316 856764488
509 814 104439084
2892 1541 766249528
533 204 493222737
1545 2151 794035337
297 1875 805249810
341 1541 49995944
2593 170 911882331
106 533 134914418
59 2998 376962767
281 1171 3932708
1350 204 685925430
2036 1494 304564068
569 1363 855738241
841 2036 111034038
892 569 694343311
430 106 189913403
586 106 148108480
2271 2316 163539123
752 2998 259622881
1034 122 272752505
672 1541 494763566
1627 1350 352816545
1345 569 36361909
895 586 267209735
355 2316 997184709
802 341 956810370
2199 321 128013316
1417 321 561152225
2080 355 556776474
2108 1363 670637732
1491 321 681803863
2748 1345 340379710
1489 672 834967494
836 802 208212945
631 204 663123029
512 1836 983826920
1687 1627 29594743
1632 586 456513425
1864 631 308212943
2371 1350 455994957
350 533 37746044
2041 1034 539523654
1914 512 144413271
2774 1494 731827082
2922 106 57824533
1009 1417 621563406
1639 2080 732997779
381 106 298382520
79 2080 866319363
2576 350 333842256
2621 1627 576187751
433 1914 244204061
2195 1363 366467073
2442 1489 952828084
1115 586 953458547
1597 381 167522770
2700 1345 371891194
2577 1689 118211254
335 1491 141925667
2010 836 537410454
2676 892 233530028
18 2041 531388819
1194 79 774227624
2586 2041 122522537
1701 79 357022206
1428 2036 206566348
2882 533 28536908
71 430 837273086
980 459 202631354
2839 2700 66349873
1087 672 681243162
858 2271 419038212
2694 1980 303772615
1807 2271 193984051
1570 2576 54609570
160 2108 486782381
1912 1545 434174528
1556 1350 45822862
907 2748 195140330
821 2371 936633962
2255 59 113918597
2898 2271 438184773
2789 1639 362766033
628 106 523394214
2803 79 601496735
2096 1597 429317111
698 1494 141005236
1109 1489 372614658
1139 433 128902624
919 2577 26322723
2335 814 588529710
1377 2108 645785733
2858 1980 518006367
2061 1115 41854321
1796 1428 164373517
944 2255 415911040
872 1807 743658707
1892 1807 68228621
2360 814 841070406
2625 1556 851645866
2110 18 490376822
2200 512 403283003
2911 2442 476730369
669 1875 83990717
1842 355 468643822
83 1489 753547244
1946 350 746594786
1449 2577 734573066
1896 1796 163104989
1596 18 742005892
777 1914 279892898
510 2576 38730457
264 1541 464596664
1498 2371 912559240
1045 1896 681365066
1750 2898 449343086
2978 355 447493919
2069 1417 274543049
2715 1087 790614668
1817 720 641124786
2793 2371 805450018
2601 2715 576509458
984 79 692954119
1626 204 606461493
614 631 463131218
2827 2576 796011594
1728 2151 718201362
2495 2586 721527885
719 802 904800968
1479 980 734992081
2890 2271 686649918
1328 1171 738150694
366 1109 90632416
709 984 573090646
2451 586 378612049
2279 2255 1166010
2941 1428 725340473
426 1627 193826373
2247 2069 779414576
2561 83 7763451
1986 2451 424916378
327 106 122854321
262 2748 726535200
195 2271 489334249
676 59 133305439
2082 1836 961625292
1881 2839 457048888
2013 752 101533679
1630 1417 117329378
2957 907 527404806
2936 698 344620440
605 430 703515664
136 1986 46565292
2903 892 884170728
224 1914 129097577
2750 1836 597961987
1071 2593 181498879
1404 2803 6456880
87 510 773785452
824 2827 145947921
2732 510 139018833
2391 341 321826266
826 2890 19696541
2825 512 904899410
1223 1491 310997932
560 698 838173322
1992 1630 570257995
642 2576 495215035
2988 919 594768014
40 1363 203088843
717 614 62399509
50 2676 814968440
2323 2316 806416513
1161 18 200043433
2297 1626 783185400
2963 355 35013226
2749 2715 98590896
941 1896 922101346
461 826 646852343
2618 2922 526217593
1856 2941 376985977
211 1404 268683629
757 2593 97911806
2315 2041 331765668
886 2096 8481510
1808 2360 150474435
2958 170 424375050
1492 1034 863092061
2768 1491 664332039
659 1545 402552435
2524 426 264670442
2377 2061 491498447
1122 350 235702591
2359 2195 878224858
1439 2279 94743167
1126 1914 729298138
1514 1377 144109979
2038 297 991638458
444 461 669775082
1269 2988 588677747
1608 381 125137682
1782 2315 184838453
1162 2255 287445836
132 892 182036748
831 872 666886684
1184 2317 119748666
2342 872 550766166
268 858 373282531
1036 919 208661048
2548 2911 937815954
1998 919 991758215
2188 698 111301717
2734 335 530974517
2635 698 9833499
313 381 646260828
1523 2793 404142456
2332 669 976978289
2136 2882 534826562
2103 719 333891834
929 1417 768690040
2339 1122 328354492
954 1171 702594909
270 321 284971312
2180 1645 783060693
2918 1998 814525163
2479 1689 703234286
1103 381 12088965
36 720 512649619
541 720 276429523
1614 1632 610571926
780 2247 175066115
453 512 753951822
2204 132 185599867
790 2332 126631265
616 1545 527780956
302 2195 278175913
822 1980 434817820
1096 87 963689184
2183 2911 743172356
2037 2080 136106343
208 814 292352499
844 2080 841053345
1680 2316 840161599
2525 2082 642508374
704 2371 8259564
2925 2734 898169131
1405 132 781008848
2287 1689 541459516
501 321 654872425
2518 2827 79922877
460 444 889486224
1929 1541 328018223
666 2524 927321894
970 512 840518850
1747 2918 292537680
525 2451 336437576
1719 2789 876811427
1279 1639 551049126
1673 929 100388456
1168 2377 488136869
1107 2195 464166125
2663 170 955196029
1519 2663 122547380
1553 929 26638282
2467 2041 76199398
550 1350 381063383
1957 1171 48304905
2772 1514 823575137
31 2700 314944239
2685 2103 982675704
1505 717 962422320
142 2200 67258638
2778 2037 77367397
230 872 673211098
2166 40 52368526
1635 2988 924059031
288 122 884270157
218 1103 445349578
2615 302 268166908
503 1071 113565383
2757 2858 558898930
1512 2255 393694416
1486 2036 135169389
2454 18 372189973
1287 672 595385020
2409 87 897458947
35 560 479312055
2909 1929 451609846
1707 2339 116176696
492 430 469546329
1135 1614 22085381
1872 1992 217510178
703 2359 41635902
1320 350 38493669
1871 2694 878395825
779 2287 193043466
72 1750 958020769
2632 460 468284813
2883 2195 265281299
163 858 710909433
1756 2882 717149992
2125 2635 690340978
1786 2825 135568677
764 2317 826134381
1485 1680 222345096
961 752 432897271
1033 642 801922388
76 2750 643626496
1694 831 883452673
2643 297 123379017
2392 2247 713852843
2288 2561 77707979
793 1287 548428798
1800 218 714677023
2499 2479 598624000
2850 1673 89946067
951 1184 460816691
1554 208 281161717
2999 2922 442611614
1130 1498 747971348
2340 1350 163993095
2506 2377 775312106
2558 208 461191492
1853 2734 896983599
952 984 866368719
2386 142 401492886
1318 1986 611274283
887 355 633381759
2619 106 43837187
654 1597 98015978
2916 1630 119252998
1006 381 651699616
969 2125 112864929
1394 586 377110104
1777 2340 408360317
1047 2625 35597805
963 2963 749527817
1708 1817 279272912
933 642 213201028
422 492 254380846
2610 2013 730490782
2160 1545 15741812
181 1405 711978450
1779 858 473609928
594 1287 56689595
286 919 825114870
627 2825 592977267
1224 2038 694147862
1950 2342 799021957
2474 1449 149847316
2218 1808 1730827
206 2317 483715371
194 1632 376078092
1537 954 616176214
455 1719 676124213
2239 1377 366000802
1213 952 613741525
971 36 776362955
2313 1345 925173431
120 1491 788906566
1902 87 675189983
2645 666 540003545
692 2632 585902530
217 2632 995757961
2677 106 233471251
294 919 644539637
1886 2978 13232370
2006 18 546516772
1024 1782 526198327
1048 1279 754081844
1754 1626 995612
1321 512 434874951
299 381 539527242
2465 2632 79518256
2917 1957 889963523
2513 2663 132323901
447 430 415017994
1743 2827 442228512
394 777 316091306
2234 2335 45107507
2047 2694 712823639
419 2136 424389019
2220 366 24431789
2815 614 516896200
2267 764 830766410
2581 1545 755945560
1888 2125 202806243
774 268 806747693
2931 2803 555600475
2049 355 357296950
2868 1109 868783620
1249 2643 132513209
1183 2643 919399924
1968 1807 615833911
1472 672 281298214
2843 87 55119664
559 1836 14705444
295 1321 339746117
2697 952 104421443
417 1632 517954605
1301 206 916146247
34 2315 473751984
346 970 278020292
1429 2160 998993438
290 1213 983614313
1616 1115 74373517
2505 1287 724404845
391 1800 322893388
2046 1498 342832874
65 2377 333097493
2421 2377 246584255
1651 1439 424857234
2628 659 710449706
246 2220 793039748
2729 1009 267227947
358 933 763109632
1078 774 611010756
1120 841 871266265
456 2513 823209590
110 1328 53744420
2042 2080 330362393
85 1541 370567390
324 453 716260161
1741 802 670520901
2531 1491 794073261
1461 672 966331041
636 1024 162063986
308 302 68352980
2352 1747 905955862
1219 1505 712077771
785 892 378954930
1937 1122 61656956
1481 426 232127090
2549 1033 959923803
2800 2621 282042859
2786 2748 174134157
1640 1494 606793267
212 2110 337178377
2600 872 413336308
1581 1750 68676394
1664 793 154434111
2237 2768 641302756
2423 2800 154824938
842 709 67562749
675 381 919593535
1693 814 129763246
2622 83 64476008
1897 1489 386220609
1376 1756 265068524
1713 1071 572576888
1792 1946 827969102
1067 36 577947623
2689 841 674819262
1920 2643 47321988
897 1034 61876733
1615 954 183955146
2996 2697 27903730
511 717 102577303
452 614 230320980
1117 455 423484578
2019 2360 226742896
1602 2499 492130039
2844 2892 26245384
1695 1808 835721077
158 1664 382830596
441 1553 430094683
1933 2839 981243215
598 2749 73082412
1601 2047 815839185
1563 2317 569831456
1413 2625 209235436
1607 605 188503733
2413 2963 970353283
448 2685 822812881
2624 2479 54908108
748 2316 936715625
1057 1554 789466478
718 1779 802895101
2910 1183 64195089
1476 627 432879606
1037 2786 426906944
558 2803 29769350
989 2858 690633669
2760 1071 41184316
2885 1117 97456256
123 1541 802439558
1092 698 190227499
1584 821 773165875
2845 453 553640335
2829 841 77014223
1427 1498 326272266
1419 2335 581030556
1653 2297 586294896
1353 302 451709919
914 1541 485082162
1644 2288 178715377
2407 1519 313592956
2146 774 71363287
2312 2377 178657578
238 2377 188153437
75 2615 749862928
876 2689 100777318
1474 1897 320296181
493 2110 159114690
2197 1747 483319133
1524 2715 480619846
1894 1597 831234621
775 1707 845249095
504 1109 998541746
24 288 647353345
1942 2645 698025751
1250 1523 860860478
192 2197 783348195
837 703 308732562
1083 2839 82846766
2192 1872 79161599
1408 1632 773877032
2459 676 159371064
2452 1842 580757894
956 2234 686309183
755 1472 524413457
1061 837 215302636
1744 2288 481436364
1976 268 885198559
2723 1786 174611956
3000 1405 723282536
1271 366 7534219
2072 550 370437991
871 1817 741809537
2851 2768 333191843
2994 2465 890873033
1904 1608 304378253
2511 1779 580097308
1959 2288 131161934
2422 2197 216542263
972 1608 923106234
1158 1377 564537745
646 350 38937509
2981 1601 37893584
1397 341 87598357
468 2996 720361748
1939 1524 54560834
974 2941 129194073
21 692 997881326
49 525 114311862
2869 2340 85978997
2094 1888 528571247
1758 1350 762221907
1370 2734 98957876
1169 1680 369446362
2982 1363 244867554
1983 746 619172895
2759 1224 599237950
2962 569 141545467
2266 2499 257915879
2733 2829 682412735
690 2287 427953359
2232 230 271880208
1239 1992 637026662
2285 2918 333483875
2832 1853 81536843
2927 72 315165493
1732 757 982596390
1469 2622 304355495
300 1417 88296626
810 1404 543024221
2562 433 603167036
2960 2700 758882319
2704 1494 113567827
207 1213 536528829
1185 2160 963067711
1089 963 917634235
2341 85 867019760
987 300 128185751
177 2803 157333349
2626 1744 906496585
626 2513 861888388
2319 2103 795833640
534 703 893992997
2860 2628 370641376
423 1728 955051349
1682 1986 275131370
742 300 525620193
653 299 895033479
2494 2825 656918122
2191 1120 725561346
1831 951 686588256
1513 290 810530271
1781 1694 763578646
1988 204 982570839
2807 2332 568012965
1624 1976 191641439
1926 775 350087085
2970 1485 110925893
740 987 740315936
351 163 115172851
2245 2843 433397496
1922 971 295549103
78 1831 63921736
1312 270 673808583
2172 907 619378503
1908 2890 903520998
472 341 134393374
1910 2451 540843978
2157 933 636180753
2101 2195 31682610
103 1405 119414581
1522 1301 865250541
2736 85 760074109
298 616 385045795
979 1639 42545673
2787 2146 760768026
734 1581 538877175
997 2335 304765262
2838 2335 296587890
2462 1057 152243752
2637 2626 350625924
2066 2061 870441348
2321 2409 881379528
155 65 10685092
1111 324 767623289
2388 1602 71768928
2595 1345 887117865
2311 2549 656848643
580 1853 654584240
477 36 994116882
713 472 48374432
2416 2619 81119987
1327 2332 637413655
2295 1875 152320367
1365 2321 796216557
2443 2549 950458949
828 1130 321548040
1860 2341 73581150
597 2786 376245261
315 207 318820903
2546 2352 374825994
2536 447 851901911
2583 2626 385139247
2690 2313 984507380
2550 653 421721227
2058 2690 823274241
2773 2757 447593191
1642 2970 205640654
1445 1481 698681065
647 2108 800596044
8 264 71845218
157 2632 47642939
601 1871 272221912
731 601 739538606
725 2352 660281183
1374 836 986702725
784 2581 701309143
2530 1185 17233077
167 1408 663434389
931 2700 337055299
1153 1194 901193870
546 2316 643143203
950 2072 919177923
2627 1036 828646688
830 1541 896005829
2611 1087 194230555
1016 784 763573898
1917 1519 39143888
1636 286 81584237
1735 2643 990862983
1621 2494 780454627
1438 1881 625578502
1355 1642 66080715
843 1786 596162730
1289 2234 263619245
333 2803 218237198
1938 1896 883843205
2265 2342 602566786
1267 2125 323769520
2009 2839 531874617
2314 1842 237322434
1407 1249 21856222
2081 207 399518877
2294 2082 220223166
220 605 92162216
235 1126 311258770
2301 1808 761620179
174 1036 522522788
1193 2576 473368878
2516 2386 113488784
939 1894 276055153
1516 675 897949692
583 974 25045607
2092 534 340653021
995 34 654936504
759 1581 672358960
2504 558 727970940
1073 2635 706498089
2463 1312 487330671
1718 1394 65637293
2649 2621 289840864
1898 1888 66415484
1816 1718 48683868
1270 2957 400807980
2905 961 29368936
833 2583 677658215
2934 830 426488506
1845 2191 393749893
2781 2845 875728682
390 1743 486656652
1146 752 648719350
1961 2970 111410689
2073 2898 45109411
812 698 600138338
202 2518 536744121
2376 713 195163962
1923 2009 432995147
2238 892 764669085
243 2239 386424597
1022 775 524254919
807 2066 226516451
450 2850 903181599
437 636 209101452
2767 1914 597635661
2383 742 720498847
1790 493 780891000
2351 1022 326156248
2485 155 952647114
146 76 124905406
2646 2927 4591924
2253 2081 464750801
548 295 682768635
2493 2218 60996015
2752 2101 823235631
2831 1939 980901911
1234 837 93733909
2933 1894 819647836
2350 295 52037084
900 2407 79241177
221 2649 89501010
1424 2451 694257306
899 759 243250997
2445 120 81091324
1152 1397 354845762
800 2715 454317064
1670 2080 283105490
2431 422 537037566
2727 21 652623469
1684 2931 105980052
2672 504 270456653
1144 2536 134204849
2283 2646 233341671
2588 2958 379036439
1940 1438 611223669
2241 1957 310802147
2631 2313 587173229
1132 755 933275517
2086 2454 984751301
200 1871 458134338
1799 2548 732372453
2735 1183 533133316
2444 2958 928264733
2776 419 711058538
402 2615 147117866
2228 1615 868838472
2713 195 515214058
180 2443 980378723
190 1519 117776907
820 1184 354553718
680 181 746584343
553 2271 409089690
151 1831 307823383
32 1239 842063351
2670 1486 847784022
2799 453 219419682
2248 2499 941978858
1999 2388 523967066
2538 2499 383376000
1652 206 241324662
396 1407 726897657
234 132 312700710
1508 2319 715054715
2372 2827 697573923
1252 2643 35949101
1654 1363 522708457
728 1842 322106908
2520 2479 196502281
773 1345 898894176
2656 525 615756098
494 1120 604987324
1308 167 308531993
337 3000 364126770
1496 858 106092547
2018 2916 827232894
2252 1687 727089311
588 2474 410451725
707 2265 704632617
1450 396 962818085
1002 335 463094130
562 2530 465254743
1783 1496 261341213
2307 2530 411901971
27 1735 601115049
1815 2516 443733898
378 341 697169482
1945 1747 72833862
273 2550 902830322
434 1689 502053851
1430 1842 764295344
2929 221 799976109
909 230 245305121
2741 1563 884730672
2206 1782 998746040
2837 2504 884766686
1244 3000 16121872
1443 290 466130310
1978 2576 299221413
854 2839 638344425
2947 1485 211832302
1231 2768 640668977
1151 122 757718383
2604 36 495675271
2795 246 174754886
1989 1016 442883653
1536 2800 628218808
2468 1718 162433085
1140 1513 909999662
2109 821 33318332
248 1524 710577407
2163 2081 526818814
1854 2183 175853282
216 1894 955541308
1574 2314 122739234
1093 1140 560154435
1205 828 121880403
662 2036 89379937
397 2672 174510170
1671 493 920242636
2023 238 82737116
1064 1664 32147773
2063 76 964441828
1715 273 187176281
1787 1194 166804135
1155 270 461555853
639 1817 121824077
431 2759 237541733
2106 308 522762601
591 1652 338167198
2822 1485 166043712
789 773 413719647
1379 2898 699218128
1531 980 219602640
1056 2760 69811479
2356 2066 318188800
445 1807 359951905
233 2511 830228323
60 2685 777335230
1453 2998 256186042
115 1287 514327459
1997 1645 88350512
2738 1644 41502339
2657 1968 216968846
585 720 519349568
2121 234 614736732
2747 21 412929661
2755 422 482321581
1333 752 99342973
2174 1512 876649006
617 1516 532885453
801 2752 186388543
2355 351 613928672
1618 235 43623160
1586 1642 66583254
1325 1886 634885860
1592 1505 372972726
2508 952 722379747
2487 2910 980498240
111 85 748362510
584 456 465171327
1838 1107 62089977
2154 1153 99717612
2652 1244 358250212
229 34 315697187
700 390 898858752
2435 2342 473676665
1273 1787 813780018
891 1799 317338672
890 2829 865623442
2942 110 491255016
644 642 135532951
1276 2690 994150203
1482 2154 529848949
1740 2988 801918552
798 1741 66454546
1911 297 723521923
1114 2735 143588885
2636 1896 234419790
1530 512 153841847
859 110 336553587
2354 2200 394553124
1261 1524 458137555
848 2631 319034603
1123 1056 922775993
538 1875 538248945
716 2267 706257883
2055 653 268573835
1981 952 20530
2369 1872 986925010
1360 774 233232551
1665 1219 388705381
1255 2593 145121801
1801 1397 539578303
552 381 295185898
1557 2549 165214719
279 2422 226965417
650 662 923665989
438 598 864497080
1364 195 415435632
993 1888 95250990
199 1616 303678147
847 1219 102209091
855 202 117581282
1426 2183 540523019
1212 1713 498041087
684 591 182277394
2854 1792 539307398
20 2066 965251907
2130 501 774818292
1095 2625 30823789
1294 1505 235974070
2873 1494 603985386
2175 586 4377425
620 717 7400970
1812 2518 398312320
570 2690 343195881
2766 1807 366525032
15 2352 63331436
823 1184 713982576
1307 2388 13665156
2117 1624 350281802
772 2494 877589697
835 2643 685893565
113 1808 861001816
2820 2898 111027183
1070 1908 73732270
1203 501 523309723
1191 1693 358809225
1133 1036 765543339
542 2803 639318518
2076 1234 40507493
97 430 604890453
1358 1224 667730002
1634 1758 983886869
1579 790 333220049
1156 1615 255434776
2863 1624 759675554
2821 2936 263600856
2926 2999 24167021
457 1642 489923068
767 1512 91077396
2385 268 58883616
2074 381 495590303
2503 780 204885687
1381 2672 416948163
411 212 755778674
649 1601 893992638
613 742 32013691
1420 2103 397809886
1348 2713 924281338
839 2911 815435598
7 1512 714090429
197 1942 910551918
2950 2883 72948692
161 952 126461670
2846 784 62230083
2375 2172 856380388
2306 1938 655633355
2718 583 9584294
1110 71 757401541
1172 2197 288384245
2497 327 268085870
2126 2297 950753355
2089 1997 392329671
52 2183 139180188
1763 1267 794807067
57 504 523056706
2777 337 441307106
2634 1158 685637935
491 2444 924345374
794 989 761886730
2867 2755 925276351
2123 438 954725895
251 1592 30934360
193 1140 619261141
2899 823 628240159
2675 1333 188841000
673 1183 304033609
923 2109 535739371
874 570 758157284
2866 1491 954350323
630 1911 19055961
2668 2360 89173017
439 1450 101624091
2986 1897 291109399
2208 842 836103703
499 2536 28574084
130 1636 448130200
2758 2832 320482384
1606 2442 793534240
1344 725 274118581
2367 830 685490583
857 286 637883732
2033 2892 356698016
2654 1808 943331926
2833 2049 442939505
1895 598 687210773
2095 1255 135865700
1300 2036 762585389
1039 835 757586895
330 1740 863859759
1824 1301 242751946
1104 192 505570967
1322 2295 757547402
1468 2867 961913242
360 1694 576136442
1423 417 339895348
1949 2431 625512061
291 2851 111725481
11 1089 64682406
2798 907 825649327
1583 2538 362911997
191 2958 478465285
1306 1115 734695604
1086 350 282599450
2430 2146 40347844
2651 1938 192668699
2871 2936 37063663
2682 2625 616717987
799 717 853458615
95 2530 846499416
2104 2799 29128528
483 2172 166056228
1768 1800 857270139
736 441 21426598
2541 1439 803258990
372 190 779431281
2597 972 157303133
1335 746 454048401
2638 130 856861726
1899 1563 613072433
2987 2869 217946773
1199 1644 956164550
1197 680 474211172
1834 2651 469368019
805 790 575691277
2438 2317 945789424
2128 2313 344560142
127 1139 97513991
2791 533 293548274
2705 2485 71876456
1847 2798 54087477
340 2180 364884591
1955 810 583297814
1465 1875 85946177
1226 1481 858964147
2436 613 397509762
1075 1405 400164169
1623 264 945934788
2165 2518 864582107
2368 390 77211563
1464 847 619152489
1857 2839 835745736
916 161 30400352
1595 1408 721891319
116 512 861695760
2286 457 546210115
269 2195 116603670
1233 841 592684688
884 731 966994846
696 2839 104568233
2054 49 270287772
949 777 911069318
1977 534 348198644
398 2317 944958545
710 327 675601984
427 511 24952870
2995 805 264676962
2153 1494 262491048
818 2581 193822760
2075 270 401164754
305 2459 579838123
1349 2130 126039525
1431 675 50452593
2003 2844 555139849
2579 1976 497851650
2178 2858 128833911
1993 1115 270248185
593 2445 25717801
2949 2735 552610528
2131 2493 620675437
2471 491 113833399
47 1524 52352501
1145 2576 831784040
945 2577 170318112
365 2311 88002879
2207 1034 233159752
2754 1640 905162461
2665 1743 834517859
1809 801 544949509
1291 2774 681013586
2742 130 49274090
634 907 352199058
2804 1144 518186844
2878 1623 527013180
2765 1492 805502570
188 1374 108956887
808 434 305441892
846 1783 257109204
1619 631 998691122
1442 2777 140725872
1373 1408 296419458
2226 321 671881721
1518 2549 594780696
2210 939 873593767
693 2454 895508317
753 859 509626533
1580 2165 121754150
2889 1904 336120118
2887 279 367642752
2309 1426 919181583
222 584 391129395
2102 2595 510673701
507 1300 288573330
1511 613 839992540
382 649 555607052
2338 848 926943824
2067 1881 645206553
1060 2467 94989942
359 2038 284534825
2596 672 473724020
2784 2493 654772405
1679 2089 20277653
1934 2163 230761902
2124 2723 158086410
2813 1132 438856851
285 1450 738826220
943 1468 741239806
2584 951 399403604
1686 2827 421860567
581 1523 906116582
1236 2635 95540666
2644 794 769154201
1066 2495 573973465
309 2479 349521154
2881 194 527253293
1678 2163 281514978
2258 1606 64102480
880 2436 256866070
2065 1522 105494444
2020 2651 478166246
1611 142 181286939
866 1151 341136513
1137 1252 607021933
282 2355 876342381
2894 2339 449022501
2828 1169 7196546
2057 876 678023270
82 1630 55845386
2617 2524 830797054
328 439 840534677
2492 2055 150127309
471 2741 654776720
2039 1800 185330619
1550 847 215450166
1960 2873 588328436
1391 2654 811524395
94 2013 122551166
1167 2508 939653678
374 1453 993569201
1991 113 257805614
668 1083 320805055
2098 659 839178021
689 808 78455437
2671 2675 645680323
1342 1045 448511583
1084 1899 471432552
369 1626 168336590
873 1831 143648768
2083 397 693359716
1883 1959 720934223
671 2117 248239150
2229 394 886042000
69 1750 73723550
2235 1239 189304187
1446 2595 981716256
1456 1912 119089741
2394 669 977361677
2 34 883160690
1274 1553 593291753
1593 340 66788967
454 1854 960594182
1526 842 106796113
2328 372 118558963
1757 1640 373350183
643 1469 804472386
1030 1857 575078264
1631 2881 982627290
1866 1627 458528982
2062 1505 26733723
2050 1875 453039228
2900 628 756237371
1316 2206 204381211
2526 1376 240368588
1272 995 236577566
2739 971 102658573
1776 2069 294843049
1401 2909 721839598
414 1353 3279581
2176 2019 369554178
1789 2006 225564632
2790 1853 871809280
257 2220 973364062
215 1345 202901678
1736 980 275291696
2673 627 847789700
2282 434 183221534
240 1934 489270935
2812 2881 749337388
1134 2963 644977344
513 2020 401500181
1209 103 485241805
2011 1274 514176241
705 639 375084423
1284 1345 82989876
1502 1631 360981770
2389 2903 27881846
926 1744 649935318
2177 2803 103161366
2805 2858 830745917
665 1583 572912070
2796 597 67176475
651 2443 152287713
1181 2595 136300999
2975 1287 143853996
1192 789 717420534
1497 321 335101790
2022 434 695959382
2031 548 105388173
2977 2104 483739324
863 2898 116107052
1571 224 515450603
2563 2338 683656442
1005 499 48266573
1862 2787 411634156
2284 504 973550075
2148 2860 427485674
467 1530 296623730
1010 2421 430958593
856 558 530523080
2895 859 523082140
159 2838 301349332
2971 1033 240399284
502 627 21153653
345 1075 635646866
147 1156 266210126
141 1464 300136225
1780 1940 152346455
2112 634 217519684
2275 1139 931854448
1415 1998 485058959
577 229 198772523
2205 2776 696775186
2501 1144 756342228
1716 542 441817063
1739 2905 804008408
173 2790 141651540
383 302 307109353
271 158 989135730
2326 50 264703491
22 995 970266601
1480 345 404570706
1918 1902 242816661
2052 1461 116864859
783 2654 231113854
2302 2323 487988018
2853 2860 68417004
1560 2787 875384841
1814 2354 659828953
108 1226 931495351
2395 1144 832011279
1547 212 654153387
1572 980 736127208
54 79 500231237
2991 2319 396188451
2134 837 116025947
1403 1039 881690076
1102 2355 100468242
1259 1623 328252861
231 1461 438497534
958 1057 446492497
1964 450 56533991
1471 2321 293311916
1837 2463 41286438
1483 2885 495526509
1299 2238 310116717
225 2422 44493821
134 1252 974742470
656 1783 829271270
2955 2385 18699595
121 1111 433355257
758 54 562061139
407 1615 946066700
1324 1871 197181593
2381 71 124314058
641 2673 598655004
924 525 84561130
1466 1117 454920823
1207 1584 495248616
1218 943 90399031
2446 2505 301925805
51 2531 128471088
1931 2800 775223219
870 507 147481101
201 163 154174100
2819 499 697425918
1201 794 750212692
2861 1929 420771295
421 1624 8417852
813 669 94861728
376 2286 961693713
2938 461 123435661
1100 2356 185565268
549 2739 281074477
1769 2581 769452463
896 345 784575906
413 2819 100741913
573 659 861996264
495 909 917621564
1913 846 796406089
529 2911 370580516
977 2462 742442086
2543 813 863503309
205 1592 573179195
1263 2452 929516122
2553 295 512991845
936 863 817035192
361 313 505532074
964 439 379262091
2913 134 543373383
1974 2074 928166379
506 142 882859624
64 2987 823374481
2077 2700 215667517
2374 60 558215830
1296 2283 881555446
1746 646 52739135
741 366 54272588
2783 884 50223719
540 1570 924630685
1683 1864 951192454
1705 836 358312835
1823 2177 13214109
2137 2750 203928657
590 2628 99978872
2093 1110 693562810
1672 1184 662793611
2945 597 389012932
1884 2372 281216681
2310 1312 60456969
743 1161 830476919
2572 72 32234540
893 1291 398616422
317 1445 412834903
389 2123 56209356
2373 2593 866287244
1727 1269 35673662
825 650 552340494
2745 2352 818586571
5 407 270875021
2811 2839 278807128
373 1328 896913001
2835 2310 842949546
1714 550 731092933
1885 1756 581258930
1928 1790 70211929
604 1126 107650137
1660 2777 283877119
2788 2474 107656442
2779 2790 160504720
476 2416 441351246
283 2595 96983030
2291 2062 877805270
968 2082 445472156
322 1607 517436226
2222 822 717350346
694 2883 441718018
2079 1783 33823057
2594 161 648541105
343 890 213312469
265 842 28243534
1650 20 478178168
2751 288 273878367
92 95 583706933
2440 800 793969977
1499 2042 682986356
610 893 817482279
2923 1875 660117957
1493 111 701907889
133 874 194163171
904 2372 460381258
1382 2548 416406685
2249 2617 329572341
1343 1151 178347538
1352 2134 196905728
1567 2635 247830597
557 365 477709147
782 2624 963538033
1822 1645 14564221
935 1144 918769240
1149 2960 272571795
258 193 110060232
1315 2018 437278314
1283 2094 191641306
2060 460 964843387
1804 1036 24104655
1361 659 761631033
701 2929 236840093
1755 2137 993109032
1088 1550 193732867
2116 2092 81418628
520 2407 61825745
860 270 433944269
58 2781 183075134
1868 1660 907900588
2764 8 304147272
2674 1391 964598577
2114 1946 826965499
2378 2137 120339975
1712 1306 364601688
446 1908 406013510
2721 1780 92207368
1609 2407 784251788
2924 2800 439110157
176 322 957642754
2944 1593 782960650
2714 1445 484271804
1080 246 889715624
1025 1812 971237378
1166 716 774660219
2711 2601 743816942
377 1664 890782424
1906 826 394173710
1341 2749 139337973
1433 1415 86006243
1604 2373 536794931
28 1056 546242751
1063 1205 467840199
2145 634 683733447
2753 1137 323539612
2040 212 856460245
1794 417 592197308
1722 2881 600755482
1220 222 707546067
2874 2727 240063730
2814 1316 718984986
2437 931 411990701
2259 541 315324929
2460 191 747290832
1106 1474 240426050
877 692 515190480
751 2175 913558166
2419 720 832762590
1354 35 586274201
1569 121 324766871
745 2054 439218508
1542 2031 402685182
287 2827 698830551
1159 2283 447766737
1108 2079 106748727
2688 2050 289484939
2030 1067 775419190
2257 2307 658670244
2794 1249 392085133
1662 467 431718078
98 2121 796527243
1752 121 211379272
1633 2960 774360376
1131 2628 942055633
293 580 650651584
988 939 317740585
386 842 554426854
2290 106 22501285
213 2421 245062255
1504 2350 172796270
2152 2727 228428456
2519 2922 49294589
2412 2991 610657018
2555 2755 592852353
2590 1896 718488315
46 995 908322017
1759 2524 606507740
124 2601 384271997
2507 2931 399733698
405 813 146470955
2179 2128 443655256
2088 1968 627933954
2953 2381 808419087
2424 2076 41097729
1528 1183 46072356
2028 2255 142824766
861 1781 348943918
1690 133 151811012
371 1067 716586471
850 2454 641127492
143 1528 734876213
1507 1654 237985784
162 308 855398098
920 895 586672106
1702 1790 341339391
754 87 355580822
599 1306 819640338
55 1783 747498796
1598 1895 147727443
516 1108 134603965
2876 2871 17174969
1074 1895 998672187
42 775 46138033
1711 279 684759392
2448 2926 119242845
2613 2601 600868739
2687 1845 991517601
543 324 782075590
1305 1992 177136291
1558 2807 744566790
387 1153 383071282
738 520 28473453
906 502 230228185
2602 1524 357179605
2683 34 503147648
2552 305 97429588
2830 974 286236566
2087 1426 212748545
481 1690 188603860
1371 2079 313237118
2702 372 327105803
517 1030 216249145
172 570 361533710
1820 2788 437073032
2481 974 498720383
2943 1554 193538746
1101 258 630523677
1764 2837 24494591
1963 1937 86495532
1018 1370 89993523
809 2615 221329917
2692 1892 634144152
2852 871 989212199
1943 848 854564002
2490 1898 892678251
101 2898 167260555
2569 142 425793683
2886 233 821185165
2366 141 522185417
1802 673 379452885
487 459 670138003
2325 59 632178041
19 2626 751813975
747 431 419884933
1589 972 511171185
25 2117 48642961
1410 2377 14521255
551 2381 188200216
2940 2416 675673412
478 1321 192352948
853 2628 34545051
796 2631 692630547
940 1057 740772709
575 2383 508614833
1515 1471 678467620
184 2584 633201577
1699 1571 139768706
1970 293 905123626
2186 1550 572240649
17 2579 8015143
1738 2252 379580
2223 1939 356214891
1704 2586 169718493
1697 773 852897661
1555 1161 311798680
2269 651 171864209
1003 2926 107410010
2658 1056 485783350
1850 2067 523518249
1337 944 383979210
2954 2069 561050369
334 1842 213313659
849 713 352368264
1742 1092 177591557
2417 694 798770813
2880 2799 942287
239 634 891379344
1656 2657 833660899
1821 2165 297967528
845 431 558384383
253 2234 447189812
1383 2546 79550358
149 269 781897332
1966 1134 399373350
1458 636 66220973
2472 836 76820542
1994 1743 12095167
88 796 786105013
834 1571 442608848
1242 997 700325506
596 1716 459598848
244 1759 678159367
2264 265 39898615
1425 1639 334637038
443 598 366168016
1880 1856 548072124
1241 2508 463206221
2948 1554 435640914
2609 2479 208920041
975 1804 263118602
679 926 66029755
2147 2238 302026596
2633 2252 212478600
2001 2110 834246672
2382 2531 17768323
1362 121 342481348
978 2742 355457232
973 1815 859684297
1791 980 902287762
803 2197 659525926
851 2922 36152839
99 2249 321997821
727 710 647954760
1393 51 445999824
48 2803 203171803
2289 1252 140897895
1085 1735 255437933
1921 2452 644930598
2231 805 788673886
2387 54 249708485
2592 1623 898224047
2415 1203 932494063
2761 1299 323041989
406 2682 728958301
1436 2536 51917222
1726 2982 452655301
2476 1048 534223848
2119 1172 239555608
1762 1522 344818553
2932 823 117782595
2582 2284 455507401
1903 2795 730066555
1766 1087 86689091
2262 866 246801495
868 59 585176090
1392 136 548251004
2450 997 118049383
2566 1199 316654949
474 2264 403779457
1725 207 309882355
1229 2738 529202153
2107 1938 656171035
2587 1272 132766658
1174 197 920685973
2337 979 735479625
1188 802 28462333
911 230 171289688
1258 2711 556135050
1568 2651 565439886
1952 2748 766017066
292 810 872367381
2044 234 876120705
2122 382 402399380
1054 2206 742722161
921 413 396910474
1973 270 440479428
109 1974 357168052
331 1903 778592351
2221 720 953914837
4 559 389955026
214 292 214987234
1227 2371 433984691
100 2778 351412980
587 1239 761677058
449 2092 482252714
2268 793 879857427
905 2658 211460233
2992 2786 682591591
1967 512 719252089
1052 2454 510391140
637 593 433284701
2897 2089 571143290
347 1325 17375167
2466 1419 508281888
2333 1959 975632465
380 801 105418604
2331 2188 748526616
737 1556 71068470
1157 82 558529382
1173 2359 633431912
2523 858 445653527
1411 234 223933756
990 2799 932470367
2575 800 971808403
2250 298 211959046
2168 780 461708849
994 675 940535753
1240 1130 522253908
1336 764 446745027
756 1583 82487503
1948 238 706166125
488 2131 706505600
702 47 45949441
1177 2550 693104626
2140 1616 635380507
2855 2350 652176334
744 1491 386712130
635 1393 440892527
1280 1973 344481304
622 282 36150495
400 177 520692717
2680 1504 429158795
125 331 137335132
2901 506 20317149
2043 434 867156302
2017 2049 837539721
2961 751 615074689
1546 2373 130880228
600 2279 754778794
2034 2333 117543220
332 1114 763837760
2972 1430 878151412
435 2885 321150494
804 1966 993807275
2836 961 667622940
256 1006 804098414
2432 558 97721625
1053 1393 821491990
2743 2175 486001597
2408 2821 368341139
2857 1137 952924508
275 65 943595895
2919 1126 816475035
368 431 500013638
266 2753 80217880
203 459 348314203
1097 1837 586373170
1748 854 711135307
816 158 778593891
2477 560 102632230
721 1597 150252221
1681 870 672975061
2292 1796 286816116
574 290 89285329
1032 671 945028006
1617 85 259884676
63 2424 892489332
1927 1365 435357832
2032 197 895759434
2406 2409 542962126
917 1789 298326790
791 616 712554455
1127 256 508488879
1062 1986 475799605
2792 1834 126300334
1982 2531 912010871
1068 170 749519575
1676 794 507396858
2246 877 833692772
1696 961 719424103
1387 2178 268382834
2214 1405 348872351
1366 2206 308180103
370 378 675316639
384 2125 676523028
1810 1485 528368993
2840 1801 422161286
2296 2972 287820240
1268 1977 420107774
2256 1291 761119480
2699 1853 39447341
1421 1183 450554924
41 1927 64250818
528 2086 858818142
2358 170 889515774
1448 961 349626128
1833 2228 479250016
1225 2292 960058465
364 63 291322748
2304 2310 609392002
2679 528 88932861
2167 55 864786540
928 2955 930181873
2810 834 661749354
68 433 87018914
310 2970 322790016
1839 525 805108392
930 2672 602994280
1000 2223 212164374
2598 376 384056568
677 1095 808294255
770 1366 473002474
1359 1528 826658814
2983 2562 535790074
2149 2835 361214722
1041 972 422926278
432 439 93889181
1390 387 979795080
140 2017 99159493
1264 1518 85702641
261 616 62984834
1549 2492 490804909
2021 2421 124778317
932 857 11408218
1081 2758 174585560
465 321 429024111
1195 1672 818803963
2298 1120 860410842
2728 893 121081496
126 1671 832755736
26 246 41079874
2698 944 400607532
1208 2837 873313573
2118 2811 63388206
1019 1250 549896129
2418 1498 614282579
934 1166 790104834
1302 830 32795011
356 1336 369539792
1798 1183 856132071
2720 215 76935310
530 669 67790122
1548 1952 288661615
632 2524 658571455
1082 1921 83749111
869 2394 715884267
982 1269 568238705
479 2977 688800074
2527 1864 570702933
612 2431 844425623
1905 2525 197563787
267 2714 176358531
2756 2430 217189410
29 1519 179823617
2620 1173 371013055
415 2494 32166682
2547 2210 775658214
2405 1993 706220270
2906 300 317692062
1150 1816 340748290
323 439 524932121
1566 2999 713552227
2162 2317 704799706
1309 2295 440812289
788 2628 943690198
878 95 777925868
603 2886 40812852
1765 2010 276307416
178 1345 497466935
1477 279 657919064
2051 2632 216180332
1189 1822 274055961
2580 1167 616354841
1214 2590 17741330
2293 253 996976917
1378 974 105306799
1962 2104 356817995
2496 1836 364479802
1007 1212 308391338
732 593 16549196
946 1530 100619076
1463 2835 638213720
1996 1184 874971635
2135 1970 900724165
1 895 705960389
1475 928 601556760
1046 1417 393510314
765 977 397157813
1510 2636 187017092
2856 1309 195160794
2725 2807 853253049
56 476 697971426
2984 188 885918319
1646 2815 315385311
93 2391 652924326
1091 837 278855039
1072 1854 470020299
1841 557 177612956
2281 1652 300566252
2782 1883 831493736
1187 1057 937942814
1388 1619 108499615
91 1783 912484220
991 113 608546168
420 2033 575887863
1154 1792 933296535
464 2282 489009633
579 1875 988562712
645 163 359637613
1525 140 636575068
1330 2757 29022604
198 2895 154632180
1286 1171 167281961
1014 1504 55467438
536 1636 852722406
2780 994 38601685
729 1988 78243670
307 1964 580803013
473 1071 61566280
2363 1875 13343981
462 1003 263972740
105 2596 395962943
1915 2832 227933133
912 642 108786813
625 1651 281843674
1594 2913 474833077
1685 1421 131304878
1251 1269 126300100
1026 1443 755453500
602 162 548544634
733 834 744706746
2115 317 124733508
1319 1169 948633695
2071 854 73899215
1170 1768 459775271
1709 2207 845091322
521 1872 582062370
663 279 761316824
2233 290 458139932
2456 1739 50944645
2215 866 674999526
388 417 263080407
1666 2153 422943852
2980 1792 89612066
750 2617 251220962
1470 1461 876282413
2902 1776 315723128
2132 2506 876437308
1629 1948 331293165
1254 1616 775403154
1734 639 504114576
412 1377 714935403
2655 2546 799129408
778 1606 854681276
760 984 902916696
304 1920 941026881
1138 984 77379308
1143 1132 896684495
966 1439 247765340
1058 2868 687892633
1265 2555 758808000
2113 878 164174884
2630 2154 845046212
2559 473 254351660
1230 188 991185649
1659 2792 546260258
1451 122 756425803
2997 1654 681065798
903 2302 653028156
1434 1639 28034544
1887 521 345656987
1521 1100 74973931
2544 2232 131202291
567 778 457232015
544 1880 279776964
498 2256 786963143
1797 974 274526721
1488 1324 225019472
182 26 364156664
2099 1766 30387190
210 1083 334906022
2270 2178 566512432
62 2593 402544901
563 1166 325176975
2603 857 465113661
2985 1026 54321616
1222 1732 934756603
2133 577 70274091
1953 2694 439787620
150 2148 363336099
913 1289 826025614
697 2800 919013065
2893 2638 117971653
1987 536 554410001
2144 2758 44101337
1612 2541 591084188
2344 388 677140713
80 736 264999117
2695 2302 912964432
2000 1992 922566475
318 2796 928856444
867 300 714865150
219 36 269246270
2330 1261 70306107
1331 2595 88812813
2717 369 154128942
786 1963 973456263
1855 857 23694304
2272 2781 464992988
633 2115 369935722
2914 1604 317914129
985 2372 419041119
1559 2131 150086456
301 596 425190821
2722 1917 411139753
2661 382 356886922
1298 294 852725571
652 1642 935799757
2709 498 511462770
1873 1626 566329201
86 85 352442339
227 1629 819353470
2486 2415 554990790
2362 1071 237150975
2551 2563 144148274
2870 1707 127603947
881 414 520925731
1375 1305 500291842
1984 1122 660991081
13 1056 250867922
2974 1592 479794950
392 499 141472405
532 495 492020062
2534 1987 115318005
1051 1095 473508640
367 1207 155549326
1958 873 349603728
276 935 793919459
959 479 424162015
2457 692 467340180
910 2960 809708337
2274 816 871328533
2217 794 324577497
1179 871 463363661
154 2863 523892096
226 2391 912427494
2979 1159 49058847
2614 1873 86029591
1835 805 461610049
1851 2777 546115759
2653 2742 859368876
1282 2197 230708515
2225 1433 336429176
403 873 430933588
1295 759 194186486
102 1988 604740946
53 1335 686585684
2346 1140 264811670
674 158 254199649
2464 666 985284748
89 2825 692104026
2797 804 160045953
2427 2885 91884973
1452 2776 842079892
1293 2471 393491072
1332 1413 271011281
1129 1450 322145983
1050 1047 61918813
1843 2933 24448709
2540 219 671939863
2606 246 345413948
1582 2144 83277532
2278 1150 100328117
781 295 825002343
2059 617 699603553
1329 2457 298854698
252 610 828278799
245 437 8775602
2169 2620 511538129
2449 614 524319980
1745 2742 155641735
2480 760 31696038
1357 853 6428598
2993 75 711932847
2712 2145 513359951
1720 728 667046464
711 671 842679226
942 2866 588144165
2190 2986 600382019
539 2168 563208209
547 2592 790395103
1340 2714 797366482
1647 2178 995688963
1042 2892 85191524
2193 2747 753297721
77 574 325909516
1565 993 319377805
2070 2294 861877049
1891 1789 347698239
1386 740 123195795
1473 2676 991665916
339 1601 516611722
623 1130 842311122
2535 868 270629763
2026 1340 395626332
326 1853 941846569
1380 279 146636938
947 208 285752332
2227 478 947730864
908 1337 311652033
1544 257 806625449
545 487 212313342
1867 1050 691783752
2273 1335 727920198
2447 2873 868390551
9 2850 42264126
960 1376 212663395
2763 2003 376771485
691 1174 606799059
117 167 271050568
61 2279 8782906
2641 1492 757695978
918 225 277523199
2461 1272 325238777
1628 1002 541623361
1576 2721 652942065
1310 1763 175203660
840 1269 649576956
938 1019 139116382
306 529 595123150
1706 1353 380422184
1178 918 119672493
1008 2446 980099038
404 1514 803241227
325 2089 503962591
1600 154 331593770
2324 1242 313784046
1826 1764 283678674
2514 404 228119205
349 170 443827105
2120 2614 781384758
2353 543 101200816
2879 127 330099173
2105 2832 73667090
1217 2152 264488717
515 1929 269068671
1180 2437 94009128
2510 800 664127928
1175 2282 915445938
1657 1218 365244927
274 1337 19454875
1930 603 860876956
1043 419 58327182
1936 2503 226728586
2473 2106 196255408
1454 1650 665848776
2012 355 993035654
2007 1173 244536040
2439 279 230041698
480 174 67599588
571 334 119971635
2639 1583 841727271
1444 680 548230470
2016 720 32700785
1215 2984 148742020
1819 2226 857022169
352 2923 642102597
1128 954 305278069
2240 1152 718792147
33 1602 71230143
241 2018 285038651
1870 1742 467632447
724 2421 824182786
2170 2940 927110374
2397 1057 555315497
1876 1075 62658075
189 2031 975889235
152 2789 489521260
1437 1565 311158198
2224 2314 80428755
1432 2114 312511030
1278 800 61855138
761 2866 866068317
1266 376 786749758
566 906 475168498
139 2520 149218999
1599 2961 786239035
2607 1489 651713722
1116 452 944466611
2568 1565 890158654
1118 1872 665369518
385 1764 319693613
661 2083 209288522
1148 1252 300833024
2884 1781 931593331
311 1045 359099116
1243 333 93671639
1825 545 133418940
1613 1507 34937140
1724 219 792015200
486 2375 568333383
1788 1560 53232425
2048 241 655057648
2004 779 250743927
2219 590 47121878
175 2323 534830747
237 777 221874882
615 1233 58712990
2244 1236 455116434
1204 194 743064522
2181 1166 922476721
983 285 484784205
2014 2036 883501786
1323 1061 664324790
2605 1116 885922854
811 951 960116072
1534 77 52234371
1160 506 732418704
508 1821 190940841
2150 2473 52126705
1285 1128 728649956
862 2146 244922405
104 1690 489170828
2707 1837 813826441
2862 782 293655478
1591 2262 96561044
1262 2626 263727383
657 2039 402898461
514 2270 719639352
1372 1057 269371213
1136 1626 111979411
129 2692 952790126
2488 646 28947972
2808 791 89667624
2482 2874 984374649
1015 2586 810627283
1882 1888 516807449
2616 2385 129096714
1532 2597 9462216
1538 421 920260958
144 46 22763414
865 1397 806212867
2710 2416 128305718
424 2984 25716966
2484 552 60350029
2187 2586 236720791
280 462 699931408
1924 28 836455783
2277 1531 351386979
624 2747 592359134
14 1636 985748224
2027 2644 367209020
1200 1836 639474458
428 2306 312517736
1941 1933 907922954
1944 1574 661473472
2959 24 74191324
996 770 223856392
555 294 128289577
260 924 136945975
1972 692 862943253
2203 240 924281915
1395 2074 556116836
1529 1747 965063046
1622 798 831115439
1246 1348 624591180
2659 2332 880879631
722 501 46049247
2433 502 950677741
726 366 834323328
1314 716 850143028
393 1604 938397455
2379 380 861124249
1459 100 620135833
2305 1963 699229323
827 1855 450257705
2035 2438 100360111
1398 2739 894555096
1094 1903 591095737
522 551 490365406
2303 1262 336131554
2521 2430 8776313
526 2903 708621004
2139 2783 425452115
611 178 299905439
682 2225 403192323
875 1672 686043063
38 651 714420219
1878 109 998755598
1751 666 593269340
1495 985 982620149
2005 2548 333580794
1147 1636 309083234
1947 2900 836877503
735 1864 294247841
925 1312 308291222
482 775 13581300
981 2371 191325310
1900 2788 141568276
2194 1613 164971149
156 454 219044422
739 464 119619175
2127 659 466631881
354 315 141908553
578 1429 240288301
1182 115 37749055
418 2605 481518241
2565 1725 421525989
1012 942 116764565
670 1831 357132825
1311 1546 177641899
1688 2163 605734816
1774 1197 959064116
1771 2023 112979942
1125 2148 592899013
2937 1676 48509850
209 1583 691741510
90 2287 397111047
84 2531 571311949
2904 1298 450886126
320 1018 490877141
894 2337 45428310
2398 2313 484185313
561 21 588471947
255 1328 142344327
1643 2552 582498479
196 2098 170975297
2216 38 71150675
303 781 768986161
1691 2750 122820997
1112 761 942963800
2142 691 74487628
1925 750 815585527
2002 280 618599747
375 407 508114733
1813 1946 536496698
1729 891 240882355
1849 2169 968543544
2209 1454 350939860
806 2695 447705218
1105 755 712192933
2775 465 349183101
1669 200 407179675
1079 129 729066895
1467 1156 445578567
2053 2466 501853208
1090 1315 118893136
1501 2922 53372513
1861 1330 795284531
2483 2376 381760557
2491 2972 59252848
1455 2051 473067795
1035 325 400437627
2498 2338 393045085
2859 281 394971600
1909 2245 61067264
1190 404 111354537
1416 2036 519615362
1484 36 695461186
879 504 485742101
1778 2073 635483293
1979 1617 482707258
436 1057 774464257
2425 835 630283274
815 1725 525161129
1577 351 806836900
2545 2812 325164764
2489 2240 356236420
30 2955 575707942
564 2209 97375009
1506 1972 867779050
112 2922 699615283
2532 2358 551948556
319 1580 691084579
1785 1291 32297111
2818 563 881898107
527 2117 352291814
1889 358 11380161
1698 388 930488486
2213 1586 287616414
1573 597 469992811
1916 533 744794504
2458 1627 931831732
1605 2207 154558685
864 77 319027257
2251 1831 111143607
1585 492 599642663
1649 468 578037790
1275 1515 831572650
1954 979 674647712
259 1481 134465846
838 2836 264463774
2640 777 357370536
922 2856 282905313
699 2449 329291870
263 366 115404156
2939 2166 464237843
1029 1231 231617618
730 596 617173438
1099 109 12051771
2802 982 905381113
74 2622 433965769
1023 1894 681616222
2573 216 241281770
1840 1547 671622285
592 659 773145195
131 2443 345269798
763 1707 105110998
2336 2397 23307942
2964 775 690821735
353 764 445132725
2973 1872 430038631
284 895 423915288
1304 983 767580303
2470 1973 804434022
568 495 909666475
2299 103 990422716
2703 2808 32597361
171 499 80089419
2515 2210 672990875
278 2055 214859559
1281 330 727851795
1124 2360 634170235
1369 1105 250958538
2726 1782 571698185
819 831 89582962
475 1843 209383356
658 2573 896347303
948 559 689185650
787 1913 786843457
1059 1312 449909416
148 2713 30426074
660 1407 418668704
1260 2436 30850274
1389 1639 293166774
2841 2368 13851937
466 2269 406973943
137 471 196860051
2730 1433 718097530
2539 1614 618890024
2666 157 134938785
1368 2407 800617071
852 390 742580095
1893 2668 564469991
23 322 253359401
640 2899 333490745
1753 1823 909160066
715 658 139434113
648 398 75189761
1384 1060 49809412
463 1225 469456578
1829 2095 28038715
2935 240 372768300
2509 1651 715893024
817 26 734307489
329 942 706195640
1165 918 391272114
1202 480 772936488
2015 2244 837841323
312 14 170805326
2343 2644 46940512
2648 2984 234825633
771 26 108259622
1587 1063 542477058
1303 2421 473400619
1487 2043 998930101
81 368 155421826
1055 50 796427452
314 1331 132353658
2260 2614 453489648
2951 230 842041688
2864 2032 423619688
336 719 19753935
2308 2114 400787124
595 2621 610178431
338 1352 313235130
1313 1342 381172701
885 1489 943842111
2585 2432 382262949
169 2525 492925083
1238 2985 318756007
2560 974 916971642
2693 2742 306732691
795 1487 224883038
485 1157 138621627
1351 1571 975585416
1210 918 117958887
2045 18 625272180
408 1285 548688911
2517 2870 520471776
2420 1800 369536006
489 2238 130235404
1198 111 848577490
2402 385 256139950
1730 122 477269704
1038 2576 312994757
399 432 935457858
2345 1272 715150946
1907 1698 323888072
1460 821 88568018
687 1689 736335040
379 2065 425312654
1721 943 133596529
2091 213 39192034
655 924 115746473
1141 2536 774196292
1803 1420 775812005
10 84 507205230
1232 1887 359049914
1655 1891 851385458
2327 444 429764916
2567 2640 500063246
537 443 865148687
706 2005 350005708
2411 383 512472460
1848 1298 209698313
2664 131 253142569
2478 1238 997095289
1031 69 5684629
6 726 6751176
1338 1701 9010227
2623 1281 188286598
2915 341 479471674
2706 1413 979997215
1858 2936 29975532
2826 659 334746827
1478 732 122418962
2877 788 472978317
1216 211 976700410
470 398 291873715
1440 1401 487985733
2872 1258 797762102
2068 1007 92523192
1414 2215 916603370
986 1690 761262898
2662 2382 804089542
2642 1673 79378258
1517 1756 826708790
1186 266 695764282
638 1203 53161260
2847 2427 436835022
37 1730 177898044
363 2222 156650272
2599 352 802573581
1733 170 59322913
523 1295 108909134
1663 2885 94531092
1773 650 457915183
1603 1592 232530866
2686 871 133303434
236 2191 970046623
1539 1477 528453115
2842 2790 665599927
1564 1169 33495809
619 1219 977464502
1317 839 502926947
2578 204 241709307
2533 2485 20721238
2896 624 343866292
2429 2497 130242130
2185 1834 57238742
1772 2094 398614980
556 1751 72768030
2211 2294 481968266
2212 2038 395913245
1668 1174 95908994
688 2169 836651545
565 405 934736058
2537 928 711703008
16 627 965981467
2816 1955 698858829
2946 151 214933226
2242 1158 158013569
1828 1983 558181082
531 923 234893555
1065 485 516488345
1462 1325 920563954
395 1377 910019689
2475 2651 991892802
1717 2749 679454083
2396 315 989520333
1119 1566 674460362
2908 1584 75682654
1142 1568 706668316
1221 1275 291137189
2681 1366 511087822
118 2382 582520762
1399 2670 297768793
2500 2130 737942881
608 2461 256628253
505 1466 420206037
2143 1814 291316700
2078 571 51911083
1749 1668 542093202
882 1104 502121356
2769 2971 502411926
342 2894 615506722
2542 1413 101888275
766 1696 805841640
2171 794 429654993
967 330 917769043
1667 1060 719950265
67 744 771256087
228 1438 587425785
1965 2163 249326301
889 2125 467494177
829 635 341506082
2334 2194 433007964
2024 358 176156743
2554 995 168741088
2557 2157 989380093
1919 2415 586029551
2512 1856 472077150
2138 2914 183379561
164 2345 262120458
2891 2767 6862671
1969 765 346965577
2401 1056 46776960
39 2336 868180521
2399 876 584479575
107 2392 659284008
2364 2811 611994095
119 2169 334383001
2236 1393 442071481
2064 2688 800370130
1028 512 63940978
2716 64 224059690
2740 1108 60996159
1297 2862 28121618
589 189 627548653
44 2648 130175290
1811 6 862158454
1334 292 50831499
2930 173 49005866
1543 1840 202507965
2848 2796 155305125
348 2579 953914921
629 1850 951798361
442 2424 618882077
664 2554 542390605
1561 742 508181151
2737 1456 139324747
2400 2168 102405791
2952 1031 458771621
1641 2683 470333759
2678 2959 424138234
1435 1324 586371600
1113 1134 322731841
1164 473 789117927
1347 516 668419574
2173 2375 622128328
2280 2031 556111238
1877 418 676547481
1846 2610 139003124
606 2340 962270571
2348 877 63065322
1069 2886 894712245
2141 1133 185813042
2912 2471 904092401
1339 672 775839407
2155 491 143688207
937 1612 177817015
2801 2578 688411106
429 2317 834126452
2529 2162 370956903
2684 1701 578668585
272 2467 313076717
1290 1337 294121548
902 1547 643587947
2907 2341 632524840
114 950 899778613
1951 1570 36848779
2349 1215 483573153
2849 2939 132348361
2085 422 262828
1409 556 849766149
1277 624 427974252
1040 33 226438360
2201 1616 99737976
1503 2614 902894099
2574 2756 891581487
714 221 44616806
2806 2431 793779514
223 2171 308611112
2660 841 168062800
2322 1113 676542554
2724 2876 864140554
2318 61 577782128
2090 1117 856103265
1761 2018 90688058
685 408 979596525
2650 47 682203186
554 1362 26583873
1832 2734 677369755
12 2303 466417403
1637 276 63454191
232 207 550807989
1020 65 442702735
2469 404 911160580
2708 1499 449990793
168 1091 340282292
128 2627 78982192
708 2847 643149228
254 677 197897104
2612 1529 497359946
185 553 269277038
1535 614 100124630
927 140 171251292
2361 1480 352183064
2528 2786 627987794
1500 384 199036656
1703 2635 305352459
1661 1718 304159569
2770 511 303370705
957 2795 147065323
1775 340 767785340
153 655 460902348
998 995 75335689
2956 891 302250816
618 1994 548890697
1737 2273 323160746
2202 521 557174752
1211 640 279214164
2230 293 945134063
1859 2602 725862995
1552 1565 109293997
999 1158 926358612
2966 982 532222751
1674 148 809525586
1402 1238 69425673
2428 602 499548427
289 2369 165361533
458 2322 688658913
723 2845 237661957
1874 2076 190534052
250 2368 190640913
797 2526 306080050
2025 85 517552692
2571 1313 812963896
247 1808 567455718
2380 1436 488494298
1658 1667 619594372
2441 2819 71362456
1367 2776 76971567
1011 239 458863214
2243 1155 299422961
519 2381 823205451
1077 1486 417039235
490 789 474344333
1710 1814 841752493
2920 2563 653481364
2158 1148 204654734
2410 1193 87196397
70 52 21203733
186 1837 355074250
965 2639 76208895
2347 821 839319683
1610 2037 142967064
1533 1783 947814962
2647 711 755944760
45 2407 821829832
776 1112 20263933
2390 1463 723411398
2976 1178 157856714
1852 479 348844567
769 1621 593599275
1827 1982 429341723
1247 2296 388846277
1793 1783 490892139
1418 1918 129386363
582 1639 920166848
2608 1579 458860875
1784 140 75368290
2263 2574 711137495
2522 988 768809333
1770 2459 135291610
1562 2124 575793114
2570 985 756397637
2731 466 562191767
1004 1764 323283996
609 356 146326177
440 1713 725812387
2184 2625 623165165
2329 2837 84824365
497 2919 395878758
2008 1679 953655075
607 1099 511801237
469 2307 631159393
3 2374 111607640
296 890 812731833
2455 297 781287665
2198 2034 9390814
2384 1710 255017897
1692 669 644975132
2189 2428 184919166
1412 2678 747100275
1248 1475 991332038
1551 1433 412492182
1723 871 409792091
2156 2555 931255138
179 1607 4038200
888 935 175911175
1863 60 312734504
2164 389 746135014
2100 1420 741002896
2300 2331 236500771
1206 136 29558114
1830 2663 40106320
2029 1676 767223701
2453 2461 281842303
1400 558 320258129
1869 560 11088305
1256 658 308772642
1590 705 876651716
1805 1216 355663501
249 1282 875835661
2365 1130 460696450
1844 1474 759251242
2771 161 452089018
1326 2075 23293158
451 680 358624519
2921 1455 890259942
2502 956 310429303
1049 581 61596444
2320 1611 749129231
681 1434 125778215
496 1246 34655207
1013 2285 493211367
901 1554 406542062
1027 2807 575243147
2182 2911 134199371
2357 2103 95695389
2393 2670 418269066
183 652 823637487
2875 1833 2745369
2403 2941 289058025
576 224 31907624
2129 670 65529922
1935 1215 712349170
2261 244 364465386
1017 543 761415479
2254 882 584742239
683 826 126555208
1509 2925 653683857
344 1109 233230926
2370 837 96209697
2556 1217 943006022
1675 233 277955329
1001 514 16186460
2434 2944 828861588
2969 2749 422289632
66 680 449054499
401 2104 35474102
1648 2529 783516985
1625 1917 421753761
1527 1068 854180306
409 880 209524102
500 2467 229551783
2785 1568 134954356
357 2416 214401966
2823 2909 724755778
1995 2009 690933234
2968 1997 310567093
2762 1312 910459671
1932 2065 442640999
1076 808 702928919
1990 2940 875866439
686 249 805279917
1356 1305 88000702
898 2361 285275579
1237 2349 743421625
2990 2827 697624780
1490 32 59305506
362 609 59093106
1441 1211 414005116
915 2226 81808377
2159 134 624909250
832 2713 72953046
1292 64 522052808
2276 1034 76363656
953 206 967643925
1971 341 135871198
410 1492 732704012
1638 2171 149831453
1818 1988 788414833
73 324 433368571
1044 2285 89626119
1578 1444 850306388
1985 2555 665856928
2084 1862 6184416
2426 18 500032268
695 2968 457602946
2719 2899 557459163
425 1566 978345510
2824 2380 130720096
1422 2485 601375750
976 2285 531336246
2414 1147 85946892
1890 2880 57416246
1257 1594 161194703
1121 2467 665319211
1245 470 887451084
2111 2549 699673733
1806 1079 140242693
187 547 106526783
2629 1757 58206489
1021 532 819935573
1176 810 248300044
96 325 30583452
2591 1264 484802764
2589 301 49424801
1447 1813 671856767
165 966 745240354
518 411 592683459
2746 2380 343503420
792 1009 124500220
1385 2913 5478509
1760 773 241323392
2691 2200 463274844
1767 150 870708370
2161 990 609956199
667 2335 66127476
1396 2489 299131983
2744 2369 269503993
535 1987 95931043
1575 1537 637335253
1163 439 86989105
1731 2322 101306337
138 2705 422386098
2989 1946 810401223
2701 1187 978941883
2928 2521 872060232
2967 274 385221428
1098 754 416774884
1288 2915 132361628
572 2846 70512262
762 2815 542506996
484 2094 549200922
242 1132 647875769
277 817 311340685
416 2021 362028084
1975 877 416706988
1865 1204 237522523
524 1265 211953477
2965 480 387427813
2667 889 616467100
1228 1396 292676935
2564 1816 144256710
2888 1941 376929338
2196 2384 898692761
883 1575 862385796
992 2201 96290404
2834 2217 133971179
2809 272 210354683
43 1289 47756032
2696 846 3800891
1588 1112 364663218
962 144 681729453
145 1536 10476406
2097 2976 630858965
768 2690 881214168
621 382 43785577
1901 1551 879161844
1346 1821 983453754
2056 2251 606943297
1457 513 81221542
1235 1561 226156322
1196 2836 24034663
1620 1362 747078891
2817 2401 44279975
678 1416 30539652
749 1553 801722473
1677 1503 444723505
2669 2029 754456738
1406 1378 977315720
712 2868 54706721
1795 464 662786928
2865 1119 175554379
955 1474 126503377
2404 2651 164497244
316 2016 710968848
1253 902 600609244
135 1033 972647195
1956 471 58649002
1520 2735 81104252
1700 406 552596285
1540 535 567389727
1879 1847 927627242
166 2924 908467977
783030919 365373787 588541827 119541882 72454222 629265371 274414270 12566723 867262146 911953962 509256928 356049781 841926711 18459768 387309188 901184540 153203501 144278766 971818182 190241387 347943579 376603214 975211484 328438629 267365388 784893660 476403453 687693385 175564300 645852194 828711616 798918834 219776870 819688507 732815661 473654917 92030453 808897873 215487178 276880040 10243572 3577952 95266514 865309513 274617037 68307347 90984426 703364010 179358499 663053607 112816339 348319477 898263632 934736581 647595135 45277234 382762338 798152699 685796514 207374039 406806871 175758913 461994214 107967600 178349768 415034588 503637327 576077144 903576294 378354537 390783337 609138283 124468450 795978295 776068513 481974917 350758638 464168174 826950133 160778595 797876084 836490871 121291650 687566538 749641255 503964367 102967560 390934576 120613157 597689754 306967121 160887695 369059688 76850597 221679646 43448811 726480153 490687468 522802536 34290290 809325462 920179777 280409655 400041796 844093225 975542926 466959055 84465536 37339396 784048980 6190102 390404095 67852216 779590592 542246154 202956760 449545936 407336887 547245957 475635035 576511500 140138700 683092568 907378746 653785458 889200288 502872273 456102918 241245757 257570688 140920578 833718315 309756566 506690003 292644147 25563495 33605539 672125877 634744892 451387126 425674217 831530607 133382458 5026558 633220284 597716881 958734885 724532821 952769759 904567647 555515637 354856086 111889927 802132763 404126505 840671265 761777746 593901071 396111571 857273388 818466101 98098796 15212060 856434075 863321833 886959803 269592549 553780035 425385326 965830349 460834328 583914258 390232731 772905364 479848882 18782959 664727040 598246064 234600892 891691714 457507635 86094891 817472594 77214464 187459665 459321753 102914852 11158285 669932300 600440748 172830856 130203887 827026568 820529936 812535501 725162817 202245508 617809270 312342478 76301257 113479364 889546250 766388024 818365085 198434865 530319855 895216084 75354037 417788002 345251714 52138467 119044426 11993402 256835626 838389646 49849467 533340305 504139827 491820890 269093835 191725266 686620079 142688023 220924516 765702871 2610356 249216552 676841983 105671756 404266487 320788981 871019022 68827205 429650760 997268987 70040338 712526574 201286331 693292967 954423447 668062997 698025667 40736334 625044557 674986523 769074495 182110819 155017098 864963764 955674767 200120317 458938897 321931792 254222467 104089063 830797337 116136115 442587770 335019640 835968150 241850871 610259823 287910937 121434591 762087704 651613782 407159770 936988275 133987406 75113029 216493997 146923683 401242168 118670257 97338448 534982634 344237503 267469946 150050666 537441694 542418158 946408421 595991057 253064890 876848921 31577997 444465191 542765189 214506680 975684157 248130434 771443792 13502345 363793379 917247376 438667533 318036664 527546414 445877840 880152855 881215397 944057546 156588507 769903097 31086241 460814250 173687159 821284283 679321574 760919300 774555532 373314065 357041634 270044219 569827236 177159913 848486402 631161751 956671158 870749841 129443173 871881942 335365515 69775691 398793701 118372571 7334200 287992606 674951003 43471442 728208231 665628869 476287833 661365886 854870600 866599247 413723674 897176220 558943005 334263956 144284496 161821135 592135229 359766183 290347176 966588523 703826178 898608001 18514287 121521632 587908475 642336294 348597383 980781967 73512367 766196692 232864660 546771026 75565985 56147198 725702521 577565131 124694647 709397885 573679556 92380734 21153544 929955248 783451515 686855218 878962419 365515039 678992080 585597409 61199535 264671645 728795269 745660629 803067909 221842557 725335471 540318948 1996123 462047367 921399271 909248981 883648600 679640514 190957156 257176947 348301712 687777225 695407848 60779809 62769253 144013337 843092633 63493120 550998100 451571913 234996455 62059366 453490840 441845823 624322670 569274327 962672132 673847863 312532785 889425363 832726334 900786986 734043650 844320597 552145500 21433511 664364212 777271789 67355843 147184391 758762318 740562605 658963980 176673738 612178308 5228972 594060634 53591311 719424205 110898332 975009964 832145907 18089425 106707633 200339599 923895131 650677415 544378555 9160902 463596806 348121468 315669442 817388501 48750300 809733156 661936720 370926285 258743581 799531058 80945260 242943901 813167428 122721581 845496735 315782070 951484929 726210341 352136072 207096181 414009945 997877219 93436224 206652690 18502473 881812238 991013230 642007787 158203823 891617151 83722928 227471039 411376624 812347480 779357011 97764063 782871218 377579446 961610804 195393389 523974361 135171931 721277613 56581653 90057799 398267547 103583516 6886578 866950259 8498844 506317664 542817609 241153763 402700213 45654877 450430315 739770427 717706928 582395154 920220137 816157376 52248408 787810186 929318642 753272083 480390451 89501737 292907791 66749324 749465945 547930165 766606825 96320737 24562738 730767075 775047300 144583926 306040132 368453696 826556661 993858010 938944322 424549965 603391301 386261938 89711577 125712001 241171089 321366498 802532864 444111803 962090052 492296383 953550449 645661478 662837876 760375057 743263642 56207157 955977046 149403682 502695639 505180643 173290479 832218433 378193731 982822903 208406182 836238810 344810697 800296477 38311402 79171232 698737013 879031260 362629118 574993261 695667 370907183 916935445 182030982 379847109 132167732 383455890 390630914 43981537 332482268 808033068 839537703 21286901 347585260 890503891 531417463 17264581 790472487 41362093 514686303 165039579 349933961 931816915 972478841 695905816 364521861 660604496 564268782 779184787 618321280 52075353 968110366 199198690 140307654 120506162 25114050 284862131 848033451 277416085 848222539 921509858 247358284 75709858 644076240 610938704 512342305 995847413 436596292 776537486 605048289 619041240 198417645 695856688 2111870 299982860 952075236 25903903 298136866 467102515 284616346 173861390 792402442 32422316 145582914 311981279 265661749 792167374 995640057 94509601 112223307 279049924 782853640 852720026 447972038 92525535 864119016 5792921 876016022 172094742 6886942 81490073 497850997 607798545 954990180 8312200 384938265 836950429 376020297 227432595 160604259 559714845 924871835 836705995 599993235 397689729 117901847 366114961 952178697 360987398 384295245 382230181 290011115 901202207 343253531 353414086 64100786 781127916 985331202 785190597 53388034 272174180 695102069 480977678 526702038 487648345 899182572 622669101 677673953 972173075 642705769 573402477 490107235 584139150 393220967 414118157 979150435 67740406 731805008 897479257 608103856 305729086 167555328 5003956 57780771 204929646 435626544 616192850 681809182 798802089 967910678 925133855 425025268 135009456 692791831 330657463 381092659 217444713 825604872 881862559 470482057 727960154 24517991 559083264 542568580 339898152 846658887 972261512 680007718 126252892 148241036 309173037 935839367 440594117 242523249 335377532 676951170 915837354 783123393 33401329 575894974 281049747 688231691 710273450 329028074 50590667 40271971 127924984 756775157 538372967 966255077 662715144 985759045 681199477 156628276 617495904 772830370 501160557 159992279 265371064 129981587 719289983 233971880 557417253 544560034 19289279 605180781 911352442 375546101 585161327 37263543 146656761 636640613 982042156 892560894 40857151 352654484 107500854 394246659 212178108 385054434 89518819 141580299 5772172 372546113 141385453 32617922 23098076 225324763 95650533 872691335 659480324 932498084 16604953 424713489 106480299 610532460 768942988 663139719 948087489 661563939 485561504 351712564 935078765 338327068 616945235 945356123 306447606 587238576 992251397 788674492 38758896 176879067 610377033 580366003 275120811 667748825 292628929 165638364 9239315 522816124 119558552 327648442 945781693 517999498 382708819 754956752 34332131 671917815 808600316 718021044 31008981 59828219 773316589 755826364 71800948 973391380 52190993 853897428 985337701 722388193 298676972 552742547 459136340 100156696 100534772 404449752 114780806 18761841 969187549 124266248 790913026 64163783 9967461 853555665 51694602 897698801 574725585 988780773 708317703 868320424 572347881 309657377 693131586 9375078 927284980 242263818 769659207 258407839 104486453 926338216 335937907 533721563 752522450 692377410 806661756 700037750 174894929 650110359 597121864 455095798 263337389 989226544 356712226 545929815 69713151 225576877 186094427 669820300 592473480 811416642 164036084 377605727 903400850 635858408 278160494 974198540 127126346 552840902 610133999 71962032 983245459 505695596 787681281 571538353 530062001 654425718 810483465 261072292 349698203 605540910 603499985 876676583 547344299 995599007 357528194 143621990 179169660 913019570 824305267 785716267 595594813 256590013 222895648 908345128 651878777 238142733 535931724 335602651 140518075 349172511 661909936 837044602 570267454 302683652 572138663 383549057 98371709 24426307 347235607 656180515 535310665 686457557 495503234 72339476 947376557 257597267 343386400 709298336 90369044 840291268 900015030 332290210 738966101 371075431 130413604 961640957 167025408 172628600 350911424 261544005 878647836 265534001 38146949 602026508 397476577 656067659 388340193 145870542 825886262 676303996 297651765 118791976 198012873 811517484 994592497 543710843 8504215 899132218 750813100 667096313 444714908 923679645 681111895 882542792 867494858 325302205 644062717 646503583 631716830 136476831 239169470 155427197 345770837 29932477 47486025 862148188 472075566 85739693 344091753 767930016 816694354 264700096 61696920 210771266 818643934 115044825 766161230 334952222 77501522 434734209 477131705 572007475 230656074 