1000 1000
1 151 568 -15355
1 343 750 -91
2 1 696 29161
2 648 785 23257
2 201 447 78066
1 21 961 -2141
1 6 370 -51259
1 167 751 88941
2 137 881 -15375
1 525 556 -5815
2 177 225 -69407
2 57 821 52645
1 243 601 82586
1 633 660 31475
2 33 421 52490
2 381 551 808
2 341 911 -53966
1 79 993 -50339
2 225 899 42111
2 65 345 -70401
2 42 361 2780
2 369 914 93251
2 401 711 62301
1 349 466 -46281
2 841 897 69297
1 17 669 24841
2 121 771 71476
1 256 903 -43715
2 40 987 -46041
1 551 598 -70220
2 601 685 54148
2 463 747 -47607
2 366 601 -38324
2 277 439 -35463
1 38 465 50943
1 149 445 -3845
2 472 937 36373
2 793 801 27961
1 490 595 26163
1 41 303 -16827
2 49 649 60771
2 403 841 95501
2 573 731 16766
1 625 762 -89995
2 639 821 -57247
1 399 571 -33824
1 144 707 61172
1 93 577 -50453
2 736 937 -63444
1 778 809 -62789
2 25 536 -57174
1 411 412 -50491
2 101 405 -61491
1 33 574 30601
2 135 276 12481
1 345 409 65921
2 151 425 -29759
2 103 786 -10131
2 69 366 -21799
1 11 147 68533
1 301 573 99313
2 173 881 34595
2 507 581 -70115
1 473 553 -71821
2 203 305 -69450
2 420 593 -17219
1 96 641 3921
1 375 521 -57963
2 296 957 61727
1 585 627 98565
2 91 182 43561
1 123 914 44001
1 257 433 -77979
1 250 968 -32139
2 251 385 -75099
1 492 519 72174
1 245 571 90313
1 297 947 15126
1 134 311 -37851
2 41 801 -55475
1 301 441 -87991
1 649 736 -20636
1 126 351 -78586
1 6 386 -62071
2 256 417 -54359
2 136 749 -44847
1 91 611 -40871
1 41 257 -34739
1 426 677 96787
1 1 661 19153
2 608 738 36736
2 486 514 -94764
2 73 925 -71671
2 204 641 -83813
1 583 593 -38159
2 519 965 49609
1 493 971 70831
2 66 449 56151
2 681 718 13681
2 201 582 -18131
2 461 481 75631
2 379 744 97392
1 393 801 -70029
1 476 521 63250
2 917 941 -84409
2 369 373 42105
2 319 969 62027
2 601 830 -28686
2 189 736 85451
2 817 849 85097
1 193 753 -38775
1 226 699 -6784
1 193 553 -54230
2 767 873 -61455
2 249 847 -49822
2 507 665 -76192
2 42 507 -17233
2 234 601 -22224
2 379 587 -20282
1 393 981 -26207
1 234 766 21924
2 130 636 10257
2 510 790 -58239
2 167 553 7961
2 41 469 -44248
2 105 856 -63938
1 607 918 7297
1 69 232 82916
1 441 481 38986
2 621 849 42676
1 76 588 12431
2 401 467 -89813
2 166 611 -21389
2 4 211 -18225
1 595 880 -6619
1 313 575 -43415
2 241 457 137
1 179 516 88081
1 569 871 -20247
2 7 983 28161
2 343 483 -96523
2 42 81 -70633
2 89 327 57565
2 917 963 81393
2 651 737 -72309
2 121 766 -24489
1 86 397 -34482
2 76 819 96655
2 477 985 -24783
1 11 625 36891
2 177 727 33631
1 313 987 50373
2 349 806 -47995
2 373 443 -93007
2 297 987 49521
1 21 751 -76022
1 489 567 46406
1 521 966 23384
1 669 812 65251
2 737 759 56201
1 101 497 36928
1 241 884 44529
2 211 283 17017
1 221 353 -43639
2 113 401 -25916
1 191 791 -14217
2 355 753 22801
1 438 561 35581
1 609 984 -1452
1 525 625 -44441
1 631 836 30181
1 461 831 -22191
1 571 801 75445
2 81 608 92901
2 226 481 91457
1 441 506 15050
2 991 999 9091
2 76 385 -94491
2 611 631 -92614
1 36 621 26517
1 144 243 35360
2 69 995 8071
1 375 958 97313
1 424 561 70401
1 233 252 93530
1 186 341 1729
2 719 797 -6253
1 409 561 2626
2 271 436 -60017
1 865 906 23521
2 90 557 -72360
1 20 756 -99214
2 279 810 11683
1 686 849 11711
1 577 673 26775
1 363 825 -65689
2 321 451 -73599
2 215 317 21041
1 51 451 22043
1 381 625 43941
1 271 825 95171
2 440 731 58185
1 653 912 -46277
1 345 361 57885
2 45 871 -87314
1 33 317 36789
2 68 81 -44479
2 285 425 22357
2 26 796 37976
2 513 883 -82793
1 241 305 -28595
1 713 725 58485
1 75 341 3461
1 461 972 50727
2 260 376 -57945
1 658 667 -92389
1 391 655 -79359
2 193 281 -85915
2 879 956 89731
2 149 187 -13639
1 661 816 -9493
1 701 891 -6975
2 317 725 -52229
2 569 789 -82895
2 173 380 32246
1 17 647 49481
2 349 363 94601
2 345 666 -30314
2 321 841 9529
2 431 741 79901
1 609 739 -41628
1 311 713 -47039
2 36 469 -76902
1 65 793 -35515
1 49 696 5815
2 476 689 46429
1 51 853 -69074
1 195 595 -66399
1 601 773 -58636
1 578 621 -56049
1 353 513 38537
1 554 985 31657
2 44 501 -76739
2 193 686 83083
1 283 737 92497
1 773 777 -79309
2 341 380 -10319
1 745 983 31457
2 616 741 -64197
1 626 821 19673
1 109 967 -29747
2 283 374 -10747
2 121 513 69668
1 219 268 37557
2 420 834 13931
1 33 981 -28037
1 535 905 -83362
1 537 636 12899
2 955 970 33487
1 293 951 94301
2 453 476 71649
1 681 795 2708
2 265 339 -72599
1 273 898 70945
1 166 496 -95999
2 492 626 26629
1 394 848 -6891
2 353 531 -57105
2 31 704 74831
1 18 741 -89218
1 472 871 83796
2 453 803 -35743
1 242 465 4929
1 785 832 68326
2 16 598 -31831
2 481 641 57174
1 3 689 59815
2 649 751 -83508
1 416 701 95441
1 171 603 94591
2 424 591 82401
2 301 595 -12831
1 1 897 16006
1 229 993 94597
1 1 577 -50659
2 105 838 44489
1 227 393 5941
2 791 905 13745
1 139 447 -46049
1 481 858 3729
1 653 989 35497
1 600 985 33417
2 527 951 44829
2 921 989 -58599
1 636 673 33061
1 150 901 68536
1 3 901 545
2 81 711 -28871
1 376 801 8564
2 629 968 95898
1 61 879 -21139
1 591 706 55076
1 161 673 67115
1 119 835 -13763
2 911 983 -41141
1 339 377 63291
1 417 587 -13695
1 411 457 29451
1 151 202 -86461
1 489 728 45577
1 129 508 50571
1 337 497 -38943
1 591 707 -90769
2 202 1000 32162
1 41 651 -25419
1 122 656 -99920
2 306 416 52257
2 681 827 -84655
1 729 946 -1519
1 81 751 57769
1 447 927 -41256
2 77 385 92576
2 170 867 70781
2 185 715 17217
1 662 717 77066
1 25 55 -99369
1 51 747 90787
1 369 874 -29434
2 393 703 -27687
1 341 464 85509
1 381 775 -42071
1 21 138 -71022
2 122 450 -19096
2 641 691 -24475
2 748 837 -89487
2 651 993 2183
2 161 209 -4263
1 249 582 85280
2 228 261 -15999
1 454 788 94645
1 921 926 -56722
1 208 217 47777
2 58 216 -60223
1 93 901 48764
1 393 985 86696
1 825 853 -45434
1 653 673 1790
2 188 330 31413
1 583 711 97561
2 278 793 -18108
1 77 603 -46191
2 341 717 -10117
2 702 937 -61195
2 385 620 9139
1 244 488 84737
2 73 326 71663
1 42 981 -84675
1 91 703 31385
2 278 688 -52743
1 779 808 52096
2 661 847 71723
2 1 537 -84489
2 201 737 71744
1 585 591 74365
1 57 849 72495
2 321 701 -6309
2 457 815 -14977
1 305 826 93071
2 480 663 -43011
1 841 884 6401
1 645 930 -20943
2 681 909 -5169
1 21 343 -44311
2 795 919 59313
1 148 785 -79709
2 1 763 93459
2 141 629 -39563
2 306 887 1965
1 121 201 -1087
2 681 997 -45570
2 119 184 -43627
1 81 81 83122
2 225 786 44876
1 689 874 -9505
2 645 809 26527
2 497 886 -76072
2 365 569 30605
1 621 902 69096
1 441 697 -94317
2 486 766 68905
1 1 965 -1257
1 171 237 36468
1 615 686 31066
1 33 101 68409
2 251 810 -63679
2 120 201 -68999
2 47 377 -50999
2 600 690 65062
2 48 187 -43885
2 457 461 -22199
1 361 701 -81547
2 231 401 21097
2 102 553 -29563
2 99 451 -51596
1 167 264 -37363
1 50 81 -34483
1 384 955 45732
2 657 877 -58219
1 617 954 -35449
1 547 977 -66860
1 137 906 50517
1 341 433 59311
1 456 761 74441
1 254 809 -85855
2 337 649 60230
2 539 636 -81775
1 513 975 91030
2 879 897 -64463
1 761 924 3681
1 417 721 63585
1 139 506 -63223
1 399 403 18459
1 177 471 84401
1 126 215 -35814
1 809 907 -65699
2 309 655 35927
2 1 29 19951
2 201 621 15567
1 953 990 36841
2 441 533 67594
1 763 803 83701
1 1 636 -21478
1 297 513 -54071
2 218 649 54145
1 479 897 -34879
1 137 720 -53249
1 385 649 87903
2 118 559 -31144
2 68 443 -62447
2 188 273 32251
1 563 851 89353
1 325 931 -22318
2 585 625 -59649
1 281 657 88609
1 73 915 -57871
1 169 475 -34959
2 491 901 -15229
1 576 859 69722
1 224 993 50209
1 316 921 -16919
2 74 201 3549
2 143 251 86233
1 761 979 -53733
1 71 297 -89735
2 43 413 93697
1 240 263 -5889
2 961 972 41695
2 186 675 -40939
2 501 595 -78823
1 251 601 16423
1 276 417 65955
1 241 869 -71999
1 757 760 69266
2 211 691 -7647
2 471 909 99617
2 689 816 86678
2 377 751 -98615
1 73 941 -65359
1 691 761 95255
2 27 756 25205
1 441 461 -38799
2 328 410 50429
2 487 761 -55701
2 21 425 26077
2 609 693 61185
2 401 953 -22227
2 159 557 -20484
1 421 504 55004
1 55 764 -48275
2 497 959 7829
1 369 993 74441
1 561 626 -89619
2 376 443 3225
2 501 783 -76604
1 7 880 84854
2 252 689 -70093
1 47 951 -8769
1 627 771 78959
1 289 716 -38403
1 689 951 7001
2 611 833 66785
1 201 808 -47995
2 235 443 -93311
1 21 607 60867
1 338 518 -47386
1 33 995 68044
2 1 590 38663
2 433 671 24893
2 845 863 -37075
2 371 376 -24799
2 152 841 16232
1 249 641 74351
1 166 621 92917
2 280 465 -51793
2 153 584 64241
1 115 540 -77920
2 64 381 -81434
2 326 643 865
1 235 274 4981
2 651 707 52376
1 65 761 81913
1 601 627 34655
2 98 103 -61303
1 61 753 -46962
1 51 923 6891
1 77 505 -57298
1 391 958 2561
1 406 816 21437
1 530 781 -18080
1 347 684 -29653
1 257 371 -50949
2 41 679 -43627
2 289 961 -40512
2 627 801 97894
1 185 706 48477
1 759 930 45545
2 171 669 -59199
2 142 279 79935
2 501 852 47673
1 54 139 36276
1 33 89 -72291
2 285 501 -66577
2 310 937 -75423
2 65 601 66641
2 347 433 53475
2 64 976 65654
1 57 201 27356
2 7 759 35956
2 643 887 23425
1 171 974 -97724
2 388 649 -77175
2 357 366 -68739
1 480 770 13867
2 692 801 -10415
2 807 911 -62335
1 12 489 -99778
2 446 801 72953
1 44 618 -87617
1 114 477 61377
2 537 921 14489
2 527 561 72429
1 40 129 -19817
2 711 991 81841
1 217 813 98571
1 115 961 72549
2 671 923 -25894
2 153 511 -1902
2 35 740 -46763
2 230 785 3881
1 1 455 71517
1 21 551 8827
1 116 303 -1269
2 621 988 -64855
1 409 563 -15664
2 371 825 -94899
2 651 925 -28013
1 49 536 -70577
2 35 759 23866
2 754 937 -34261
1 161 553 -75807
2 385 551 -43734
1 860 876 56549
1 519 657 -49934
2 930 967 60829
2 328 473 -82619
1 161 587 -51839
1 105 497 -87383
1 118 777 -49841
1 151 905 11587
2 157 351 -54139
1 153 491 59671
2 201 893 66171
1 73 781 90909
1 172 649 72021
2 71 422 -66328
1 415 839 -54759
1 95 96 -65600
1 27 731 17377
1 717 957 -21839
2 689 825 -83615
2 494 761 11245
2 158 990 -76748
1 261 737 -8547
1 899 919 -23603
1 483 809 -80959
2 213 301 21961
2 525 788 -8539
1 1 409 -58540
1 901 901 -11403
2 49 313 -16636
2 326 741 9246
1 289 537 15566
2 639 951 42377
1 583 981 -92551
2 91 661 88084
2 369 761 40123
2 117 916 -87998
2 24 363 -22794
1 579 881 -65875
2 903 961 -45455
2 494 675 81504
2 1 478 -25965
1 369 882 -41195
1 233 827 -42319
1 467 885 -94269
1 512 553 -23729
1 669 969 3751
2 149 931 94016
1 489 705 85361
1 12 177 -38719
2 513 548 85391
2 585 601 16656
1 254 833 -78238
1 477 514 -48191
2 411 743 -19847
1 338 539 -40533
2 861 970 -49319
2 765 986 59869
2 25 296 -92329
2 413 539 -29663
2 177 341 43009
2 279 569 23586
1 746 817 -98983
2 15 921 -5605
2 191 926 -85466
2 193 311 44851
1 441 809 -72123
1 189 397 -54543
2 401 865 9914
1 329 631 38001
1 519 851 -38783
2 700 801 -61487
1 413 560 79136
1 85 562 -76595
2 383 865 -93333
2 110 549 -68870
2 233 359 -19219
1 221 881 -93629
2 313 597 -61434
1 133 714 -53572
1 119 681 38577
2 296 586 88957
1 605 689 -16224
2 103 786 -25798
1 401 741 -8429
2 623 855 -33564
2 507 745 -82371
1 280 971 -56407
1 545 582 -17623
1 353 428 50535
2 157 303 96876
1 761 991 9393
1 217 801 57230
2 257 881 33190
1 717 731 -50835
1 511 987 85993
1 642 945 -98563
2 531 787 13889
2 206 549 40245
1 246 337 -45735
1 456 651 81761
2 80 301 48104
2 46 276 22625
2 394 905 -54039
2 207 601 40511
1 631 673 -374
2 189 841 -92371
1 129 671 77485
2 653 974 90139
1 233 750 59751
2 632 683 -79439
2 501 571 77029
1 261 702 -49569
2 551 729 1700
2 277 950 78350
1 428 458 -93359
1 221 383 53910
1 451 681 77581
2 776 881 -30124
2 51 471 -80776
1 225 585 -95679
1 401 428 75581
2 456 811 55657
1 308 979 5055
1 73 929 -38706
2 406 689 -4439
2 7 926 94237
2 69 808 -5504
1 742 942 81733
1 775 797 -56251
1 605 791 62627
1 205 261 93362
1 353 719 -42923
1 135 685 13321
2 273 569 64581
2 581 785 9451
2 901 932 72045
2 110 677 24333
2 892 937 88751
1 89 689 19593
1 697 713 91961
1 561 580 -13913
1 5 756 41021
1 625 811 -85614
1 676 887 62691
1 46 513 -45257
1 45 465 33329
1 189 349 96495
2 21 649 61483
2 761 769 55075
1 626 921 38507
2 431 670 -25981
2 631 931 -367
2 735 849 43939
2 21 161 39521
2 811 895 -93243
2 194 976 -38389
2 554 570 -65533
1 164 890 -90795
2 105 461 -75949
1 61 589 -41137
1 103 493 1708
2 203 432 -5215
2 139 542 -53060
2 289 381 -60991
2 874 879 -43899
1 233 760 47409
1 401 436 7280
1 221 923 53831
2 561 808 40681
2 71 123 45833
2 673 977 58919
2 141 965 -13119
1 481 937 -86761
1 367 808 -2471
1 663 689 -46984
1 53 909 -59719
1 167 932 14802
2 57 145 -50839
1 241 369 53170
2 593 745 -35987
1 639 933 66281
1 231 405 75028
2 68 843 -5759
1 266 551 -9239
2 201 621 44441
2 319 850 69131
1 21 301 -39253
1 189 449 11961
2 227 622 31121
1 845 876 46792
1 539 587 12069
1 1 577 37271
2 446 602 -5824
1 620 893 25857
2 165 919 -69009
2 915 991 36026
1 37 961 -75449
1 345 355 52377
1 81 622 81421
2 369 865 97293
1 345 621 69843
2 230 617 19055
1 742 806 -79439
2 105 701 -2213
1 201 610 16841
2 501 840 83483
2 341 849 77887
2 268 861 49613
2 1 697 -14454
2 633 681 53585
2 36 42 -66903
1 329 551 -10559
2 513 536 -24675
2 69 435 79434
2 259 991 -30383
2 357 567 -91163
1 15 431 24577
2 236 591 -90729
2 322 657 -15235
1 721 841 8907
2 474 708 -813
2 15 232 -15353
2 353 919 -31404
1 1 996 -32471
2 301 804 21113
1 701 701 -44812
2 451 761 63871
2 497 975 54825
2 1 661 -19029
1 257 873 -567
1 201 583 20083
1 469 886 51007
1 95 624 66777
2 307 641 69357
1 101 964 -86738
1 13 875 44926
1 121 405 -64255
1 261 760 63590
1 451 953 -49238
2 651 764 -21989
2 161 851 55789
1 148 712 84821
2 40 611 27313
1 197 571 96382
1 289 927 -51293
2 616 945 7797
1 127 218 -44067
1 201 343 -7063
1 633 816 -20866
1 286 412 -98094
2 945 950 67954
2 51 637 -31551
2 110 405 -79727
2 121 451 -34007
1 257 911 26995
1 302 495 67818
1 425 571 -16295
2 481 513 -13568
2 51 657 23932
1 49 197 74052
1 15 377 67209
2 721 754 -2815
1 121 716 90809
2 612 866 82301
2 247 761 24389
2 765 841 -4479
2 109 141 61817
2 706 957 -31079
1 561 677 -72239
1 187 310 -90627
2 90 751 39774
2 156 981 93324
2 121 976 -32599
2 377 651 -86399
2 289 463 57767
1 61 357 66816
2 311 886 11839
2 1 660 26644
1 175 920 85303
2 488 741 -31343
2 9 122 -98772
1 216 713 -17719
1 521 853 39401
1 171 693 -71454
2 169 995 6353
1 205 541 44881
2 89 301 -68739
1 57 883 -47059
1 589 657 43779
1 540 838 51891
1 340 744 -34286
1 185 793 -7385
2 125 903 56521
2 463 987 -58715
1 441 770 64711
1 389 623 -78572
1 359 951 57231
2 191 925 -99788
1 125 800 47973
2 9 83 -28467
1 141 203 49737
2 90 282 49703
2 109 251 -35099
2 56 771 -40231
1 486 751 96711
1 41 110 98932
2 817 961 -43895
2 685 992 -71459
1 51 741 71001
1 42 657 -9684
1 215 243 1682
1 137 151 -95924
2 266 793 -95527
1 553 693 8681
2 457 879 -68471
1 577 968 52899
2 495 849 -55789
2 21 661 -18223
2 396 807 70466
2 581 691 95530
2 41 309 56057
2 63 300 -79065
1 193 617 17409
1 163 471 -5959
1 612 853 -70875
1 403 521 -66070
2 5 633 68289
1 369 490 -65336
1 361 834 39681
2 281 329 -28685
2 30 476 99695
1 597 969 58935
1 361 737 87353
2 95 273 -87035
1 245 835 19576
2 129 391 90360
1 281 316 12804
2 315 679 -10234
1 298 661 -38339
2 150 651 -26599
2 81 821 24468
1 641 901 -71129
1 891 934 29841
1 421 881 -87584
1 393 559 -26453
1 41 705 68731
2 411 519 -13979
2 41 793 7265
2 209 561 -63559
2 563 747 78371
1 235 451 -82177
2 621 848 -88015
2 633 866 -78819
1 237 251 30752
1 433 737 69425
2 15 806 77829
2 81 356 -9628
1 33 651 80481
2 196 377 33444
2 376 655 -33540
2 41 585 -56989
2 696 751 -22814
2 93 643 -7341
2 333 707 6557
1 313 615 -68489
1 361 529 -15141
2 885 893 -6144
2 857 891 -53839
2 321 541 -54619
1 77 421 -61631
1 72 636 56417
2 1 976 51273
1 321 394 -18935
2 591 726 -36666
1 460 599 91176
2 2 265 -595
1 80 739 -6685
1 233 369 13575
1 423 681 -6847
1 385 561 -62744
2 109 463 95103
1 649 673 95612
2 701 901 83441
2 757 869 25701
1 209 249 91296
2 1 561 1185
2 313 442 -67531
2 206 569 96296
1 39 536 -88639
1 492 613 68930
2 294 771 18463
1 784 913 -33296
2 289 345 -74270
2 683 721 19991
1 549 577 -66238
2 212 477 -58029
2 232 801 45527
2 57 865 41417
1 275 547 79391
1 461 491 62801
2 23 134 79102
2 26 928 56395
1 801 821 -5002
1 1 647 4129
2 973 981 -68558
2 721 729 -2587
2 251 367 60853
1 49 126 -95895
2 232 771 -74019
1 613 862 58085
2 507 797 41686
1 961 969 -34378
2 123 401 -98895
1 585 777 -78059
1 161 173 -97869
2 781 883 -29937
1 4 926 -49228
1 681 761 -32399
2 151 716 -66279
2 276 806 -81676
2 401 539 9289
2 246 979 94948
2 687 717 -50196
2 433 644 -49724
1 535 986 -44327
1 641 730 28101
2 467 791 55361
1 723 910 -72771
2 49 343 85655
