10 100
1 618
1 208
2 618
2 208
1 788
1 979
2 788
2 979
1 877
1 799
2 877
2 799
1 317
1 666
2 317
2 666
1 139
1 222
2 139
2 222
1 122
1 262
2 122
2 262
1 853
1 859
2 853
2 859
1 316
1 344
2 316
2 344
1 717
1 568
2 717
2 568
1 507
1 977
2 507
2 977
1 837
1 6
2 837
2 6
1 65
1 587
2 65
2 587
1 420
1 493
2 420
2 493
1 1013
1 1023
2 1013
2 1023
1 377
1 153
2 377
2 153
1 367
1 353
2 367
2 353
1 188
1 141
2 188
2 141
1 244
1 886
2 244
2 886
1 35
1 519
2 35
2 519
1 635
1 625
2 635
2 625
1 386
1 791
2 386
2 791
1 830
1 817
2 830
2 817
1 516
1 646
2 516
2 646
1 768
1 668
2 768
2 668
1 580
1 390
2 580
2 390
