10 100
1 771
1 956
2 771
1 761
1 890
2 761
2 890
1 435
2 435
2 956
1 826
1 799
2 799
1 853
1 97
1 548
1 214
1 932
2 97
2 214
1 663
1 719
2 548
1 69
1 970
1 738
1 784
2 69
1 556
1 564
2 556
2 564
2 663
1 428
2 428
2 719
2 738
2 784
2 826
2 853
1 718
1 735
2 718
2 735
1 609
1 978
1 618
2 609
1 232
2 232
2 618
1 565
1 45
1 791
2 45
1 983
2 565
2 791
2 932
2 970
1 532
1 903
1 63
2 63
1 55
2 55
2 532
1 561
1 155
1 575
1 233
2 155
1 152
2 152
2 233
1 991
1 809
2 561
2 575
2 809
2 903
2 978
1 372
2 372
1 179
1 737
2 179
1 282
1 411
1 287
2 282
1 65
2 65
2 287
2 411
1 847
1 616
2 616
2 737
2 847
