10 100
1 402
2 402
1 428
2 428
1 729
1 177
2 177
2 729
1 315
1 561
1 894
1 418
2 315
2 418
2 561
2 894
1 187
2 187
1 148
2 148
1 510
2 510
1 351
2 351
1 839
1 187
1 912
2 187
2 839
1 434
1 338
2 338
2 434
1 451
1 595
1 30
1 684
2 30
2 451
2 595
2 684
2 912
1 236
2 236
1 438
1 397
1 358
1 628
1 184
2 184
1 777
1 206
1 956
2 206
1 393
1 139
2 139
2 358
1 1011
2 393
2 397
2 438
2 628
2 777
1 390
1 586
2 390
1 425
1 18
2 18
1 320
2 320
1 96
1 1
1 280
2 1
2 96
2 280
2 425
2 586
2 956
1 660
2 660
1 1020
1 676
2 676
2 1011
1 683
1 856
1 547
1 881
1 420
1 1012
1 699
2 420
1 888
1 638
2 547
2 638
1 640
