10 100
1 791
1 2
2 2
1 69
1 346
1 676
1 571
2 69
2 346
1 42
2 42
2 571
1 619
1 185
2 185
1 966
2 619
2 676
1 945
1 710
2 710
1 578
2 578
2 791
2 945
2 966
1 307
1 414
1 431
1 951
2 307
2 414
1 562
1 457
2 431
1 154
1 652
2 154
2 457
1 199
1 711
1 797
1 958
2 199
2 562
1 574
2 574
1 420
2 420
2 652
1 48
2 48
1 83
2 83
1 329
1 822
2 329
2 711
1 727
2 727
1 266
1 188
1 599
2 188
2 266
2 599
2 797
1 734
2 734
2 822
1 683
1 188
2 188
2 683
2 951
2 958
1 97
1 143
2 97
1 353
2 143
2 353
1 350
1 651
2 350
2 651
1 607
1 654
1 927
1 185
1 117
2 117
2 185
1 277
1 587
1 560
2 277
2 560
2 587
1 624
