10 100
1 779
1 496
2 496
1 649
1 283
1 730
2 283
2 649
1 474
1 21
2 21
1 1012
1 921
1 142
1 440
2 142
2 440
2 474
1 17
1 872
2 17
2 730
2 779
1 758
1 490
1 990
1 452
1 182
1 318
1 997
2 182
1 544
2 318
1 321
1 125
1 851
2 125
2 321
2 452
2 490
2 544
2 758
2 851
1 9
1 49
2 9
2 49
2 872
2 921
1 743
1 205
1 890
1 1018
1 64
2 64
2 205
1 715
1 105
2 105
2 715
1 912
1 559
2 559
2 743
1 474
2 474
1 892
2 890
1 929
1 143
2 143
2 892
1 199
1 162
1 375
2 162
2 199
2 375
2 912
1 1003
1 203
2 203
1 693
1 263
1 803
1 171
1 229
1 540
2 171
1 767
2 229
1 467
1 749
2 263
2 467
2 540
1 657
2 657
2 693
2 749
