100 100 100
2 1
3 2
4 1
5 1
6 2
7 4
8 6
9 1
10 8
11 10
12 7
13 12
14 8
15 9
16 12
17 4
18 13
19 2
20 10
21 11
22 14
23 6
24 2
25 4
26 9
27 22
28 1
29 7
30 25
31 28
32 22
33 32
34 14
35 16
36 29
37 12
38 22
39 29
40 10
41 30
42 20
43 42
44 5
45 38
46 21
47 27
48 14
49 28
50 45
51 35
52 11
53 47
54 4
55 29
56 7
57 13
58 31
59 1
60 57
61 8
62 61
63 28
64 13
65 44
66 19
67 60
68 58
69 58
70 35
71 32
72 59
73 20
74 67
75 24
76 34
77 65
78 58
79 10
80 19
81 46
82 55
83 26
84 55
85 1
86 27
87 39
88 64
89 78
90 55
91 76
92 10
93 63
94 1
95 58
96 72
97 8
98 43
99 36
100 61
1 1
47 3
3 3
4 4
5 5
6 6
7 7
8 8
9 9
10 10
11 11
12 12
13 13
31 52
35 62
16 16
17 17
18 18
19 19
20 20
21 21
22 22
23 23
24 24
25 25
26 26
66 91
28 28
29 29
30 30
31 31
32 32
33 33
34 34
35 35
36 36
37 37
14 38
39 39
73 8
92 20
42 42
43 43
44 44
2 18
100 98
47 47
48 48
49 49
89 37
51 51
52 52
53 53
71 78
89 75
56 56
57 57
58 58
59 59
60 60
61 61
52 25
63 63
88 98
65 65
50 30
67 67
68 68
31 94
70 70
71 71
72 72
73 73
78 19
75 75
76 76
61 77
78 78
84 38
80 80
81 81
82 82
83 83
84 84
85 85
6 41
81 85
88 88
89 89
90 90
91 91
92 92
93 93
94 94
95 95
96 96
97 97
98 98
99 99
79 4
46 70
44 52
56 77
4 27
47 57
3 9
5 9
66 87
66 70
73 81
46 57
52 80
62 81
64 70
22 48
12 21
62 65
65 70
30 34
50 64
11 27
62 64
83 85
46 72
28 50
31 36
4 23
46 70
16 18
19 24
12 38
56 79
1 10
45 70
65 92
74 93
67 82
2 21
40 57
74 94
70 97
83 90
30 56
72 75
2 16
73 92
85 85
2 14
20 31
39 68
29 37
75 96
35 42
58 73
48 56
32 49
36 52
47 67
64 72
40 67
57 67
26 35
34 38
24 38
73 90
74 90
84 95
95 97
60 70
1 3
52 80
40 44
18 42
65 76
23 24
15 35
13 26
31 57
14 20
57 82
16 42
32 32
84 84
72 75
8 30
20 30
51 72
59 71
10 15
35 37
92 97
41 63
44 59
66 72
18 25
34 52
87 95
77 77
29 31
10 26
