3000
1 2 9946
1 3 21831
1 4 22170
4 5 7816
2 6 9861
2 7 31819
5 8 18882
7 9 18691
4 10 28040
8 11 5064
8 12 21205
1 13 10157
8 14 12387
13 15 7502
6 16 28888
6 17 10920
3 18 8508
17 19 9518
3 20 9137
18 21 27161
15 22 31326
2 23 8447
11 24 16045
1 25 3239
10 26 6326
9 27 24092
9 28 19195
3 29 15872
23 30 9813
19 31 35
22 32 31278
32 33 13652
10 34 21745
25 35 3959
23 36 10431
18 37 19416
18 38 10340
5 39 6079
37 40 28809
30 41 9029
31 42 20778
30 43 22117
33 44 19275
35 45 23638
39 46 5863
2 47 31000
35 48 17706
18 49 23886
43 50 21216
10 51 27723
44 52 16172
47 53 10351
1 54 31357
41 55 14772
54 56 16830
39 57 17028
13 58 14797
26 59 30414
9 60 24367
55 61 10584
31 62 7682
8 63 17239
58 64 9778
36 65 23101
18 66 20464
25 67 22482
21 68 9312
21 69 26758
29 70 24210
57 71 9221
22 72 30900
26 73 9229
33 74 6534
40 75 32124
27 76 30222
57 77 20398
12 78 31628
18 79 24069
32 80 21936
28 81 26569
22 82 9483
70 83 12851
45 84 31172
69 85 30916
71 86 26252
35 87 14299
78 88 16339
10 89 1415
44 90 23356
68 91 27802
59 92 25423
25 93 32255
87 94 4975
3 95 3149
47 96 28683
36 97 17819
70 98 20248
91 99 8087
66 100 17598
94 101 18898
55 102 18513
90 103 6750
68 104 9604
12 105 10395
49 106 3545
76 107 2638
56 108 24156
49 109 26355
69 110 28049
4 111 21845
110 112 30123
51 113 14171
32 114 28414
49 115 2085
51 116 28343
28 117 20567
73 118 24011
41 119 13493
44 120 7213
66 121 21233
82 122 25668
115 123 24768
22 124 668
39 125 16691
22 126 13788
57 127 1093
97 128 19192
66 129 1201
62 130 18855
31 131 6150
60 132 17688
88 133 1276
17 134 9440
27 135 13321
39 136 31288
115 137 20016
34 138 13669
20 139 15898
139 140 20343
31 141 18279
91 142 15414
93 143 10310
26 144 14426
136 145 31043
7 146 18426
11 147 16225
22 148 31047
41 149 25705
25 150 16250
90 151 2433
76 152 31243
72 153 26624
89 154 31780
70 155 13441
19 156 10325
11 157 14391
19 158 29833
42 159 5248
20 160 27193
61 161 25788
2 162 30431
156 163 12895
18 164 8366
151 165 28485
99 166 29568
32 167 27206
39 168 14864
96 169 29195
115 170 22377
140 171 6687
39 172 21662
145 173 22089
10 174 30396
21 175 24602
171 176 28925
41 177 6850
6 178 1854
17 179 26920
145 180 13491
67 181 10809
106 182 10970
80 183 20351
61 184 15533
59 185 16886
177 186 2588
174 187 2332
140 188 32698
140 189 26696
142 190 32439
143 191 26172
14 192 16654
149 193 29437
103 194 19967
116 195 8163
94 196 4800
159 197 7660
76 198 29552
31 199 30293
63 200 26700
193 201 12652
85 202 31525
98 203 24480
61 204 14610
109 205 14554
197 206 27746
206 207 17936
165 208 13012
104 209 18711
71 210 17419
196 211 22200
61 212 31804
34 213 22279
5 214 32554
144 215 24560
51 216 1876
115 217 7699
73 218 13676
183 219 16338
91 220 29708
35 221 5799
97 222 17317
39 223 25275
205 224 696
11 225 31925
173 226 1608
163 227 20944
86 228 5775
197 229 26161
198 230 9200
71 231 20855
11 232 18477
184 233 27027
172 234 26586
116 235 4058
6 236 2065
158 237 21592
191 238 11368
50 239 25448
59 240 20768
36 241 29058
108 242 21919
110 243 6483
4 244 27424
134 245 24595
237 246 23466
219 247 21523
220 248 15678
73 249 31125
83 250 25941
189 251 31201
80 252 12426
150 253 18581
101 254 29331
126 255 13117
166 256 8821
93 257 3875
196 258 5880
228 259 31081
6 260 26457
164 261 23892
160 262 17472
217 263 13547
194 264 23793
196 265 14273
138 266 9414
51 267 27663
112 268 3293
68 269 19973
36 270 1550
66 271 354
247 272 24352
126 273 16707
50 274 21308
73 275 568
8 276 23713
144 277 31389
203 278 8090
85 279 1320
148 280 429
123 281 4542
26 282 16662
215 283 6283
97 284 8308
151 285 17233
208 286 31425
68 287 16640
139 288 21383
238 289 30600
166 290 14161
68 291 2027
149 292 96
224 293 22678
12 294 21408
291 295 6641
106 296 27099
174 297 31029
263 298 31019
137 299 30078
223 300 21173
284 301 2849
177 302 2196
229 303 10559
147 304 12308
4 305 9626
221 306 5153
166 307 8872
231 308 27647
246 309 7142
130 310 27195
236 311 3183
181 312 14305
203 313 25549
224 314 12271
44 315 15631
227 316 28426
217 317 3099
21 318 2928
6 319 13638
14 320 2350
91 321 17186
171 322 24211
277 323 11927
321 324 7396
274 325 27958
258 326 4433
225 327 14793
79 328 29224
140 329 19247
229 330 27721
61 331 28007
134 332 9434
192 333 12522
196 334 827
317 335 9278
239 336 22332
280 337 19400
87 338 12174
255 339 19426
92 340 29816
306 341 31021
96 342 6859
40 343 17192
112 344 792
80 345 11522
244 346 22816
96 347 18605
93 348 1932
37 349 26676
214 350 5087
25 351 31054
212 352 30376
165 353 16179
137 354 17404
2 355 24238
240 356 14371
136 357 28788
53 358 31890
336 359 3508
3 360 14617
336 361 2799
295 362 17758
206 363 21770
71 364 3722
174 365 9378
312 366 1346
66 367 31647
168 368 10201
58 369 8460
134 370 31940
173 371 3878
99 372 4430
308 373 1970
357 374 20621
100 375 17044
17 376 18068
267 377 27294
127 378 9194
22 379 23718
149 380 5435
353 381 23771
142 382 17230
77 383 13913
185 384 3895
77 385 30970
14 386 24270
58 387 18799
172 388 3423
360 389 30608
71 390 21667
97 391 20209
245 392 16879
217 393 21942
334 394 2988
4 395 28072
204 396 23303
390 397 2952
13 398 24041
343 399 30883
210 400 13610
136 401 21158
11 402 4866
273 403 15796
256 404 7616
38 405 31926
106 406 27326
369 407 25586
103 408 9620
291 409 23008
206 410 14220
8 411 23096
271 412 854
271 413 12112
106 414 2301
156 415 21925
293 416 1562
242 417 15799
223 418 26184
277 419 24603
72 420 6103
277 421 22475
271 422 6341
128 423 30400
36 424 20457
151 425 2243
118 426 1650
335 427 14464
353 428 5520
186 429 19164
257 430 7281
383 431 9352
246 432 21103
180 433 19926
176 434 18824
235 435 26828
217 436 13582
18 437 19832
175 438 2207
338 439 16514
368 440 856
304 441 30728
26 442 31558
24 443 25253
134 444 32029
10 445 25811
328 446 5165
203 447 116
110 448 20113
116 449 6827
216 450 20906
117 451 21488
434 452 4812
36 453 9828
309 454 2102
23 455 15969
404 456 26184
307 457 16726
418 458 15600
458 459 30418
36 460 2406
388 461 2014
373 462 4121
254 463 18576
341 464 4841
364 465 16349
139 466 14230
287 467 25007
428 468 12920
367 469 12087
113 470 2417
185 471 12677
298 472 801
330 473 598
220 474 5720
153 475 22317
284 476 28113
335 477 17061
221 478 21533
20 479 8197
411 480 7133
372 481 23829
389 482 22580
142 483 5680
459 484 31100
220 485 14491
285 486 8760
427 487 7957
134 488 18506
204 489 23727
301 490 30311
477 491 10718
378 492 16839
199 493 10191
366 494 18465
303 495 28154
93 496 18902
19 497 5626
410 498 13421
469 499 14748
342 500 12607
157 501 5942
102 502 3187
84 503 20538
71 504 2093
177 505 30218
419 506 28675
210 507 22798
382 508 177
32 509 19973
413 510 30733
219 511 23960
238 512 24893
273 513 4661
411 514 28967
181 515 22554
180 516 1833
137 517 9136
72 518 9738
407 519 21019
152 520 31025
250 521 30735
163 522 14869
512 523 4837
230 524 2549
363 525 20462
516 526 5065
12 527 24071
136 528 2680
422 529 32109
141 530 22347
23 531 16851
310 532 3234
329 533 15026
177 534 28902
64 535 30177
107 536 13758
422 537 4197
123 538 12166
267 539 18826
274 540 8445
339 541 19507
388 542 28477
352 543 8814
51 544 20977
427 545 1867
205 546 21442
279 547 2799
479 548 14098
19 549 15588
84 550 4845
253 551 20659
317 552 15420
229 553 28853
477 554 20284
17 555 13094
316 556 27951
85 557 25979
406 558 594
365 559 8693
478 560 10254
119 561 25463
77 562 30578
179 563 2965
279 564 24545
282 565 3821
482 566 22024
99 567 15290
391 568 28435
536 569 20134
461 570 15393
346 571 18912
81 572 31221
351 573 17007
220 574 26862
347 575 6086
159 576 24889
354 577 18840
496 578 30533
484 579 24557
415 580 17527
342 581 6518
101 582 10272
45 583 21533
5 584 5292
246 585 25569
397 586 15644
24 587 19425
501 588 14006
171 589 3510
557 590 25338
376 591 774
90 592 13785
405 593 30038
135 594 11298
295 595 26656
452 596 1597
324 597 18726
45 598 6939
94 599 31493
419 600 22381
239 601 28173
351 602 15636
350 603 15184
315 604 30425
521 605 30201
144 606 21599
548 607 9952
290 608 16981
503 609 9819
372 610 4848
571 611 18518
302 612 10905
71 613 3750
164 614 25827
212 615 21914
325 616 17855
508 617 11987
360 618 19187
561 619 24150
600 620 29128
251 621 11744
104 622 17667
407 623 2682
15 624 1815
352 625 8268
596 626 19609
614 627 26806
27 628 6900
339 629 24221
594 630 24414
603 631 19715
211 632 21003
156 633 27611
260 634 6560
30 635 16155
314 636 17130
215 637 27666
203 638 24784
438 639 30972
470 640 26758
296 641 10964
306 642 7684
472 643 30057
190 644 9399
465 645 12724
506 646 2166
157 647 3689
377 648 21175
623 649 28364
330 650 3
61 651 11206
456 652 27047
461 653 27448
532 654 30637
24 655 399
487 656 12042
296 657 4505
81 658 28697
169 659 24215
212 660 31048
28 661 1171
361 662 530
312 663 2803
141 664 557
541 665 1359
374 666 30980
3 667 13952
505 668 18791
411 669 27129
269 670 32129
34 671 30555
516 672 1803
119 673 9283
57 674 20416
465 675 22630
66 676 11793
316 677 22497
313 678 4633
22 679 30666
438 680 32467
55 681 267
585 682 9099
654 683 13680
356 684 10642
571 685 11006
294 686 2614
656 687 29063
127 688 241
14 689 13947
641 690 28129
672 691 23297
276 692 15480
61 693 12358
621 694 8821
349 695 19989
460 696 19219
92 697 14249
637 698 17024
498 699 17087
153 700 13712
656 701 29935
483 702 22963
328 703 19259
552 704 4389
612 705 8169
560 706 8036
314 707 8846
565 708 487
72 709 5740
215 710 16653
295 711 19197
709 712 19796
293 713 720
640 714 15563
355 715 15508
194 716 31946
255 717 4723
274 718 19424
241 719 9121
242 720 4109
225 721 15412
638 722 23857
335 723 12086
552 724 16325
241 725 5880
230 726 8137
320 727 28586
182 728 20477
408 729 16425
507 730 7508
346 731 17688
109 732 29350
343 733 21042
60 734 25765
2 735 24030
72 736 14866
45 737 27396
355 738 17457
269 739 17696
88 740 7034
598 741 17045
531 742 5265
107 743 323
107 744 376
552 745 20827
54 746 4868
87 747 17010
716 748 28301
588 749 1749
29 750 19434
657 751 8477
671 752 12188
513 753 4099
148 754 5450
545 755 27765
539 756 7790
397 757 11753
7 758 6477
639 759 2289
651 760 29740
226 761 7183
728 762 28865
596 763 24267
209 764 11240
54 765 1796
334 766 19863
99 767 22660
759 768 29972
532 769 4823
325 770 13669
34 771 29020
82 772 13833
37 773 29084
711 774 19429
317 775 21467
593 776 7809
64 777 2541
484 778 11636
626 779 2123
578 780 18973
206 781 11622
689 782 22932
11 783 13115
230 784 29408
158 785 24360
155 786 11627
659 787 25598
447 788 13235
362 789 10839
378 790 28225
477 791 29482
202 792 23263
145 793 2204
572 794 25606
518 795 28953
726 796 19606
771 797 22692
297 798 969
691 799 9323
336 800 30058
600 801 25759
107 802 10818
72 803 6274
170 804 19668
73 805 30914
487 806 26186
159 807 15365
695 808 26542
21 809 2501
767 810 21341
590 811 3934
592 812 6841
190 813 27493
114 814 1055
384 815 25404
474 816 11545
89 817 5859
364 818 31956
521 819 10001
647 820 6868
241 821 388
572 822 15846
262 823 18325
65 824 26454
365 825 783
784 826 24163
251 827 7489
147 828 32752
253 829 19538
420 830 13948
451 831 27349
702 832 11860
57 833 28061
281 834 6663
485 835 27603
306 836 6939
695 837 27973
782 838 8958
567 839 29441
650 840 24639
64 841 28195
634 842 3070
758 843 6379
605 844 11170
202 845 26131
159 846 6858
804 847 31327
60 848 29061
289 849 25717
25 850 6853
669 851 1775
667 852 12049
305 853 26799
310 854 26491
719 855 24434
212 856 15570
718 857 18600
446 858 1816
847 859 17540
716 860 12598
245 861 10063
33 862 21743
536 863 5377
518 864 21267
152 865 31506
795 866 15349
670 867 23694
673 868 7198
261 869 9320
452 870 323
160 871 29200
460 872 19317
623 873 5191
522 874 7832
376 875 9779
557 876 2070
232 877 686
447 878 11477
150 879 484
460 880 4966
326 881 13597
679 882 24191
426 883 5335
333 884 2987
123 885 21784
454 886 2624
20 887 21506
599 888 16017
476 889 22184
586 890 17766
682 891 2080
401 892 2985
297 893 28378
869 894 3682
644 895 19503
596 896 22246
211 897 6717
550 898 1866
589 899 7155
464 900 2846
649 901 13160
741 902 16472
857 903 29297
298 904 11407
300 905 6514
141 906 4714
746 907 30836
52 908 31575
659 909 26232
147 910 2432
12 911 17163
408 912 9723
184 913 13851
96 914 24384
619 915 8713
79 916 3041
701 917 31743
752 918 1397
475 919 32388
873 920 4053
816 921 27214
515 922 16524
73 923 18775
501 924 31368
367 925 26675
601 926 21014
707 927 31136
36 928 27917
749 929 6239
546 930 13128
862 931 6978
921 932 25434
114 933 28551
921 934 24446
812 935 28004
915 936 18125
839 937 23267
580 938 11956
124 939 4336
822 940 4260
268 941 30384
559 942 16395
494 943 18197
378 944 31876
456 945 21680
210 946 29770
50 947 16326
253 948 19187
145 949 21157
833 950 30811
176 951 30776
240 952 5086
337 953 218
384 954 24522
279 955 10600
558 956 10515
622 957 6298
871 958 20297
948 959 18067
535 960 2248
867 961 694
493 962 14127
668 963 3004
78 964 24595
245 965 28163
629 966 7668
137 967 7209
308 968 7535
430 969 30170
47 970 31414
388 971 12518
279 972 4926
90 973 22679
640 974 8119
493 975 22337
8 976 10817
693 977 15898
384 978 13533
325 979 16204
744 980 9249
26 981 3657
686 982 16945
913 983 6751
172 984 28138
295 985 22412
896 986 19040
336 987 2451
568 988 651
419 989 17743
692 990 30013
709 991 7240
685 992 23895
54 993 9860
334 994 19005
470 995 24224
583 996 31879
932 997 1055
565 998 31482
23 999 30721
327 1000 29622
755 1001 18327
294 1002 15792
718 1003 22935
498 1004 3683
853 1005 29036
936 1006 14275
32 1007 31951
129 1008 627
959 1009 24475
635 1010 30775
1001 1011 12765
684 1012 12972
540 1013 9259
590 1014 567
932 1015 32312
487 1016 315
443 1017 27557
385 1018 26511
754 1019 2841
611 1020 12847
808 1021 29587
661 1022 29489
49 1023 9215
1005 1024 24059
615 1025 4360
127 1026 25524
563 1027 17710
937 1028 29688
173 1029 18200
815 1030 13776
217 1031 14891
371 1032 19681
325 1033 27995
416 1034 32483
579 1035 19521
622 1036 19797
657 1037 26222
127 1038 22383
154 1039 256
774 1040 6233
150 1041 26227
837 1042 21914
278 1043 26809
964 1044 20947
472 1045 18828
809 1046 6061
40 1047 32003
736 1048 28944
395 1049 31331
24 1050 24214
884 1051 3896
468 1052 9023
635 1053 26789
246 1054 14438
55 1055 18169
689 1056 15859
373 1057 3970
490 1058 15059
153 1059 12454
164 1060 16805
448 1061 3119
380 1062 19894
201 1063 23527
407 1064 27696
677 1065 17509
272 1066 1422
941 1067 2598
591 1068 23379
662 1069 7392
124 1070 3580
207 1071 27922
1003 1072 16179
971 1073 16352
798 1074 9285
393 1075 29982
598 1076 7382
461 1077 29611
791 1078 8660
1069 1079 12288
957 1080 8361
865 1081 264
324 1082 5813
351 1083 14131
518 1084 251
1027 1085 10694
484 1086 29722
634 1087 11893
452 1088 28800
544 1089 12083
263 1090 18138
86 1091 21065
385 1092 8398
367 1093 26789
787 1094 493
855 1095 5749
839 1096 21731
553 1097 27125
310 1098 22769
449 1099 21637
604 1100 926
969 1101 14847
655 1102 10921
367 1103 2631
431 1104 2625
669 1105 6436
778 1106 31608
285 1107 10318
150 1108 28406
187 1109 22472
790 1110 32746
498 1111 28783
716 1112 13127
245 1113 15572
1049 1114 14124
337 1115 25671
426 1116 13987
485 1117 31796
940 1118 5519
833 1119 17331
764 1120 10464
745 1121 15706
1057 1122 16137
468 1123 6997
372 1124 3252
972 1125 12729
142 1126 20916
902 1127 25366
808 1128 19003
347 1129 15180
557 1130 16461
340 1131 11423
600 1132 20852
381 1133 8973
156 1134 15542
970 1135 25054
694 1136 19652
876 1137 24446
262 1138 12916
938 1139 5000
511 1140 25457
394 1141 27427
661 1142 20785
815 1143 22417
553 1144 3112
21 1145 11013
789 1146 10044
801 1147 14261
429 1148 28536
591 1149 25905
899 1150 19460
495 1151 12275
708 1152 23125
591 1153 18231
77 1154 6817
860 1155 15629
1006 1156 16534
2 1157 31916
495 1158 31819
579 1159 31497
795 1160 20343
522 1161 21928
379 1162 17121
38 1163 21426
961 1164 4119
1114 1165 32073
143 1166 4963
985 1167 15640
402 1168 6651
265 1169 16430
1095 1170 24696
790 1171 2060
439 1172 21897
1131 1173 25340
36 1174 29929
594 1175 16037
1 1176 20110
451 1177 2269
820 1178 3620
785 1179 4798
89 1180 5817
755 1181 10748
934 1182 1722
1081 1183 23669
1176 1184 14366
1042 1185 6666
926 1186 4321
1113 1187 10414
1101 1188 14260
1145 1189 7868
20 1190 243
312 1191 22414
351 1192 10199
1047 1193 5707
526 1194 10221
169 1195 19200
1145 1196 19142
473 1197 11763
784 1198 15856
775 1199 9524
1057 1200 17702
354 1201 10356
754 1202 23748
802 1203 5914
896 1204 24702
1080 1205 13460
242 1206 2640
369 1207 16107
702 1208 23992
1118 1209 21403
750 1210 21284
607 1211 5793
935 1212 22438
8 1213 20437
920 1214 29935
529 1215 29306
766 1216 13691
434 1217 17172
31 1218 6409
467 1219 3961
263 1220 11598
329 1221 11563
835 1222 7914
619 1223 12773
172 1224 22171
496 1225 6772
1056 1226 30385
244 1227 21448
756 1228 19650
29 1229 23115
965 1230 2974
838 1231 25458
853 1232 24965
745 1233 17809
509 1234 16024
93 1235 4595
659 1236 24462
659 1237 5418
754 1238 28840
4 1239 12708
1190 1240 23783
646 1241 18559
979 1242 7548
386 1243 9374
741 1244 7552
607 1245 7165
715 1246 1509
885 1247 23361
1077 1248 1453
783 1249 3988
41 1250 27225
1041 1251 25263
362 1252 7333
1087 1253 32056
918 1254 21874
583 1255 847
212 1256 7940
1215 1257 16228
168 1258 30317
463 1259 28491
127 1260 8521
1026 1261 26514
636 1262 2988
1180 1263 274
1090 1264 16985
701 1265 1220
51 1266 23861
485 1267 2518
934 1268 28155
140 1269 31230
1106 1270 18224
607 1271 12303
1065 1272 12122
419 1273 25802
464 1274 21613
409 1275 24054
528 1276 4998
1190 1277 5043
664 1278 26843
892 1279 16395
447 1280 7154
522 1281 3274
651 1282 31762
127 1283 21391
580 1284 16632
606 1285 9252
369 1286 25546
161 1287 1291
246 1288 1105
763 1289 8793
916 1290 11874
772 1291 24264
855 1292 5021
100 1293 31495
291 1294 3419
32 1295 18260
894 1296 31457
495 1297 4941
72 1298 20442
684 1299 20483
1270 1300 26372
805 1301 6225
377 1302 27945
1087 1303 4972
267 1304 30801
966 1305 26042
784 1306 7990
796 1307 9192
835 1308 9464
883 1309 31799
1271 1310 3346
250 1311 2582
1149 1312 11149
162 1313 2038
280 1314 1395
485 1315 21338
1261 1316 5511
274 1317 30509
592 1318 18739
389 1319 12377
433 1320 18882
964 1321 8341
1213 1322 26063
663 1323 9086
552 1324 12029
75 1325 31210
1196 1326 8169
147 1327 16249
318 1328 24157
221 1329 24173
466 1330 28103
657 1331 30139
46 1332 26089
308 1333 25953
459 1334 465
1284 1335 29947
901 1336 6924
1302 1337 18577
498 1338 25879
845 1339 6068
1057 1340 32022
1201 1341 23241
527 1342 8648
898 1343 25252
273 1344 10171
984 1345 3673
152 1346 32188
1271 1347 4942
490 1348 21906
583 1349 2965
428 1350 17644
389 1351 15993
1081 1352 29335
603 1353 22359
1000 1354 9204
654 1355 32432
179 1356 16042
1064 1357 2427
646 1358 4760
1189 1359 12992
227 1360 14
713 1361 4962
1339 1362 20028
289 1363 19517
1030 1364 17898
1284 1365 5744
356 1366 25706
347 1367 11772
55 1368 15051
555 1369 19087
558 1370 19792
33 1371 6810
708 1372 1824
264 1373 29865
872 1374 5695
511 1375 13044
636 1376 17341
842 1377 27953
775 1378 7214
353 1379 1197
805 1380 31834
1282 1381 13979
940 1382 22069
104 1383 10412
329 1384 16913
1223 1385 9184
1365 1386 12306
1365 1387 29083
163 1388 19938
954 1389 3835
583 1390 29863
113 1391 10857
1087 1392 13106
802 1393 8046
452 1394 18553
992 1395 25800
1044 1396 8776
905 1397 8382
1084 1398 13363
867 1399 22448
512 1400 15055
550 1401 26866
1270 1402 16162
1099 1403 19931
1032 1404 28247
329 1405 20248
333 1406 6582
369 1407 9286
613 1408 29396
154 1409 12737
568 1410 22535
1361 1411 22710
767 1412 17693
1354 1413 3456
424 1414 15438
965 1415 10289
1406 1416 15214
928 1417 9070
984 1418 4456
73 1419 15745
878 1420 10215
1289 1421 12201
363 1422 5462
333 1423 28596
385 1424 2827
1193 1425 12240
554 1426 29631
1368 1427 4255
636 1428 22082
764 1429 14729
1022 1430 20588
988 1431 19286
1332 1432 15959
1045 1433 24828
863 1434 25035
49 1435 4789
29 1436 7674
183 1437 12117
474 1438 7022
1186 1439 8155
864 1440 26687
551 1441 10566
915 1442 26761
786 1443 170
369 1444 11037
1379 1445 25986
515 1446 30327
247 1447 13896
1244 1448 8689
1110 1449 13123
1314 1450 3894
1240 1451 25505
818 1452 22520
502 1453 20677
1167 1454 998
947 1455 3042
272 1456 23256
636 1457 12745
104 1458 10061
220 1459 24831
1167 1460 32024
1272 1461 22035
777 1462 22614
1222 1463 8750
493 1464 10403
434 1465 12268
3 1466 7310
477 1467 2666
652 1468 16714
550 1469 6817
11 1470 19110
275 1471 20210
198 1472 5950
465 1473 24833
1459 1474 17651
1246 1475 11719
533 1476 27034
26 1477 21475
1366 1478 17393
495 1479 3121
248 1480 30935
754 1481 28830
989 1482 12476
1339 1483 9531
1177 1484 10582
1076 1485 6032
723 1486 3989
191 1487 18482
1362 1488 13786
829 1489 21144
545 1490 31332
407 1491 10026
62 1492 29194
705 1493 11163
426 1494 11056
1223 1495 13689
1452 1496 7412
1141 1497 4866
1321 1498 5800
575 1499 5690
271 1500 17285
994 1501 22074
411 1502 5789
559 1503 6859
1247 1504 13074
857 1505 9779
212 1506 9350
1360 1507 20815
1248 1508 31698
181 1509 11746
1302 1510 9211
252 1511 9005
404 1512 866
699 1513 14528
1195 1514 15674
1153 1515 911
412 1516 10047
179 1517 26952
365 1518 18341
729 1519 11748
793 1520 28495
395 1521 32637
111 1522 17474
1249 1523 29791
601 1524 20569
647 1525 12129
930 1526 26682
392 1527 7798
1484 1528 32392
868 1529 1919
986 1530 14171
1125 1531 22371
71 1532 20461
404 1533 26466
160 1534 11926
1286 1535 11430
1083 1536 12026
765 1537 1563
1127 1538 32385
276 1539 7297
939 1540 7431
1354 1541 2240
909 1542 21973
167 1543 13435
273 1544 17616
1113 1545 10471
1286 1546 15345
1126 1547 16350
79 1548 7413
247 1549 27439
180 1550 31574
1113 1551 1593
650 1552 6777
183 1553 26040
1000 1554 7209
1008 1555 6622
1462 1556 29508
1255 1557 5798
254 1558 28340
568 1559 13925
1098 1560 28833
553 1561 19105
471 1562 9701
919 1563 12071
1276 1564 20929
1159 1565 4952
1457 1566 462
1158 1567 28100
716 1568 15926
543 1569 19962
550 1570 2595
1240 1571 157
1298 1572 18552
1224 1573 14779
281 1574 22720
318 1575 14683
315 1576 99
724 1577 7765
1266 1578 29728
188 1579 23399
626 1580 5559
1356 1581 644
100 1582 14822
490 1583 23151
1340 1584 2711
1455 1585 29321
1203 1586 22872
365 1587 10472
1084 1588 30219
1300 1589 22184
1226 1590 24031
1443 1591 5766
706 1592 22143
27 1593 22954
793 1594 18825
202 1595 16069
801 1596 29761
475 1597 24412
1166 1598 16263
1242 1599 1892
333 1600 21510
223 1601 2830
26 1602 16047
1363 1603 12004
1225 1604 14694
376 1605 22037
787 1606 27642
843 1607 27405
405 1608 14683
765 1609 13897
324 1610 27911
1377 1611 5994
1388 1612 23750
719 1613 21640
99 1614 21143
454 1615 29640
897 1616 21226
165 1617 21297
421 1618 4879
1087 1619 29371
1607 1620 13295
830 1621 9385
1331 1622 5370
1394 1623 6169
28 1624 21344
506 1625 29146
865 1626 18820
30 1627 26493
1379 1628 8878
972 1629 4271
939 1630 22271
1292 1631 25286
208 1632 9131
347 1633 2713
913 1634 21346
56 1635 6293
172 1636 27407
793 1637 13069
304 1638 3781
89 1639 17106
76 1640 13046
74 1641 19972
1535 1642 28135
916 1643 29991
101 1644 32096
1535 1645 18041
571 1646 21672
541 1647 23427
466 1648 18097
329 1649 29935
480 1650 8335
786 1651 2201
71 1652 18478
1193 1653 30185
405 1654 13125
12 1655 21599
1167 1656 19078
1646 1657 4207
1350 1658 3352
1257 1659 19088
1068 1660 2118
1631 1661 11408
1184 1662 30585
920 1663 10538
345 1664 8291
693 1665 23002
1663 1666 16254
1658 1667 28400
630 1668 6325
1411 1669 26084
1156 1670 96
1211 1671 31209
308 1672 28790
886 1673 708
178 1674 32254
1412 1675 13791
1647 1676 17095
684 1677 32153
868 1678 3929
588 1679 23265
1277 1680 31019
441 1681 1283
1356 1682 6423
708 1683 15297
322 1684 3594
369 1685 32678
489 1686 6144
1321 1687 9367
699 1688 24368
672 1689 29355
863 1690 15235
364 1691 18749
1248 1692 4171
215 1693 30783
943 1694 4146
1082 1695 17360
550 1696 32112
972 1697 17937
636 1698 14914
163 1699 9013
313 1700 15767
226 1701 17368
1287 1702 16396
1077 1703 2450
40 1704 13594
334 1705 12747
647 1706 25742
8 1707 23249
702 1708 14394
355 1709 24359
369 1710 4587
1264 1711 31521
1004 1712 15771
215 1713 28845
904 1714 21479
430 1715 7540
1616 1716 8387
1423 1717 14114
757 1718 25196
471 1719 8705
1081 1720 29854
839 1721 5581
1059 1722 15368
1128 1723 1220
1346 1724 26109
1092 1725 30972
615 1726 20588
1546 1727 23545
252 1728 11794
256 1729 23679
51 1730 15086
1081 1731 26277
694 1732 5365
690 1733 25131
1418 1734 3336
335 1735 11021
1013 1736 1059
44 1737 30808
272 1738 10455
1410 1739 9533
164 1740 10490
1131 1741 4196
1561 1742 11165
1589 1743 1411
1011 1744 10046
1425 1745 25902
1536 1746 26687
288 1747 32497
335 1748 23447
114 1749 20892
607 1750 29128
1070 1751 9694
653 1752 11793
1411 1753 14101
1572 1754 13796
463 1755 24165
1027 1756 29850
166 1757 29703
36 1758 10086
928 1759 23268
1079 1760 25991
562 1761 27235
156 1762 30914
1394 1763 10879
1319 1764 6672
1432 1765 5660
1355 1766 26260
1024 1767 22427
405 1768 8399
526 1769 13228
1481 1770 4631
210 1771 5731
117 1772 8261
260 1773 30351
596 1774 27567
336 1775 839
1317 1776 2390
666 1777 20421
483 1778 11616
139 1779 29048
1128 1780 22984
1055 1781 17492
12 1782 25940
1547 1783 18797
588 1784 28359
1221 1785 21444
1324 1786 4184
1755 1787 30560
1659 1788 26468
662 1789 28321
862 1790 17504
981 1791 27090
1449 1792 5905
1089 1793 31997
1555 1794 27391
1525 1795 8195
789 1796 2087
1731 1797 29931
377 1798 3056
1123 1799 18555
1503 1800 3680
822 1801 261
18 1802 10128
575 1803 28548
1047 1804 26973
902 1805 14056
725 1806 8545
1 1807 15789
584 1808 30498
463 1809 23986
173 1810 14984
1578 1811 17993
166 1812 30357
468 1813 17546
805 1814 7248
1783 1815 26094
90 1816 23042
619 1817 10521
903 1818 29349
1499 1819 12534
1629 1820 10650
287 1821 11785
1484 1822 5786
356 1823 29185
1251 1824 30191
365 1825 24973
649 1826 18660
403 1827 14449
496 1828 23162
591 1829 21465
369 1830 31836
828 1831 30445
657 1832 4117
988 1833 15781
657 1834 12417
61 1835 12767
1556 1836 3969
497 1837 13999
1546 1838 23539
1096 1839 15862
1473 1840 17378
1474 1841 31798
1674 1842 26361
447 1843 3748
1714 1844 19774
59 1845 18303
1548 1846 13821
1560 1847 5281
1306 1848 21249
239 1849 13396
444 1850 17418
6 1851 11366
201 1852 26236
1553 1853 14208
149 1854 19797
1665 1855 7347
1239 1856 30049
886 1857 9556
1533 1858 2481
116 1859 9482
88 1860 19529
252 1861 18469
105 1862 30489
1375 1863 7217
1345 1864 10543
382 1865 1739
1430 1866 13354
1851 1867 7860
343 1868 24050
1154 1869 6948
246 1870 27302
646 1871 19809
1478 1872 726
162 1873 22671
1140 1874 18931
1178 1875 7114
4 1876 14595
1215 1877 626
1403 1878 4505
1319 1879 11974
1745 1880 32005
1769 1881 12981
435 1882 11208
286 1883 19184
968 1884 2379
520 1885 20548
286 1886 22480
1292 1887 21287
838 1888 18600
28 1889 5521
581 1890 25766
111 1891 22285
894 1892 22741
1287 1893 9999
1236 1894 31590
107 1895 12680
112 1896 7404
286 1897 14776
389 1898 31180
848 1899 14147
1868 1900 24558
428 1901 18824
522 1902 23737
386 1903 29998
1385 1904 1855
1727 1905 24575
1868 1906 15028
1482 1907 32506
613 1908 21797
512 1909 27299
132 1910 20070
1343 1911 19870
847 1912 15181
1223 1913 8572
795 1914 4381
725 1915 11733
421 1916 15685
1205 1917 32151
974 1918 25931
1178 1919 16029
1439 1920 25347
544 1921 16260
12 1922 20740
515 1923 32698
200 1924 15196
919 1925 1495
1511 1926 18563
173 1927 28721
1001 1928 28302
787 1929 29610
1802 1930 2213
74 1931 15565
839 1932 24759
1603 1933 26394
469 1934 364
1777 1935 32413
961 1936 25692
1865 1937 16326
796 1938 20606
712 1939 2420
1698 1940 31971
503 1941 13651
1727 1942 19364
1610 1943 19048
1574 1944 12569
571 1945 15850
1218 1946 6987
244 1947 13908
1111 1948 28076
1143 1949 1208
254 1950 25862
1123 1951 18518
1554 1952 30642
129 1953 28781
1545 1954 1546
1866 1955 4177
1954 1956 28448
548 1957 14782
736 1958 23985
1115 1959 20844
1693 1960 24916
1182 1961 4579
1469 1962 10231
137 1963 12433
200 1964 27532
32 1965 22810
1362 1966 26624
83 1967 29423
513 1968 28013
1409 1969 25890
515 1970 25232
563 1971 19577
1503 1972 19325
1927 1973 22465
1827 1974 10385
1626 1975 15972
484 1976 16809
1500 1977 1342
870 1978 12689
812 1979 1453
633 1980 17856
1350 1981 27367
548 1982 1602
1510 1983 6545
1588 1984 31221
1920 1985 13709
454 1986 31480
1958 1987 14867
504 1988 12129
787 1989 22531
1283 1990 31278
1676 1991 3705
1132 1992 30847
1581 1993 12706
585 1994 24322
1425 1995 21455
101 1996 19374
282 1997 17608
1787 1998 24500
108 1999 7011
1647 2000 13746
854 2001 32085
891 2002 2090
474 2003 6471
1856 2004 7220
228 2005 1837
1936 2006 17519
15 2007 723
42 2008 4157
802 2009 13496
1311 2010 31536
299 2011 32032
868 2012 12479
1622 2013 30053
918 2014 14398
1140 2015 7054
129 2016 7437
1787 2017 23586
424 2018 26383
1451 2019 28223
573 2020 30557
1602 2021 13798
256 2022 7484
878 2023 8345
1164 2024 30541
1986 2025 12328
1812 2026 29956
79 2027 10184
345 2028 3163
225 2029 3941
1821 2030 30664
1908 2031 313
207 2032 4204
952 2033 30110
1652 2034 6285
1914 2035 288
1493 2036 2630
858 2037 14551
1441 2038 15997
1266 2039 12532
1049 2040 22
1829 2041 18841
554 2042 24422
894 2043 15854
423 2044 23019
1284 2045 10609
1548 2046 10810
1805 2047 30605
2013 2048 21560
1236 2049 29039
1934 2050 16781
320 2051 24085
785 2052 598
879 2053 26791
826 2054 1562
1515 2055 16651
978 2056 24832
260 2057 10932
876 2058 28991
2032 2059 28090
1700 2060 30933
1001 2061 24112
145 2062 32636
1354 2063 28082
1224 2064 4314
1431 2065 31549
1159 2066 11000
620 2067 21827
1220 2068 28917
370 2069 8703
1098 2070 30204
524 2071 8711
1015 2072 13427
1246 2073 288
375 2074 1397
1803 2075 10581
1380 2076 11395
39 2077 19531
1037 2078 19318
1891 2079 5839
582 2080 21176
106 2081 17073
1179 2082 16820
1692 2083 31445
717 2084 19339
957 2085 17799
1754 2086 13321
716 2087 26895
383 2088 30935
1955 2089 32389
143 2090 6898
1761 2091 9959
2053 2092 7259
1070 2093 5737
1696 2094 1553
851 2095 27148
1626 2096 2620
2020 2097 31602
195 2098 5803
1456 2099 9969
44 2100 27520
238 2101 14310
1751 2102 2602
1327 2103 28492
1582 2104 4244
1068 2105 22669
2038 2106 21660
2092 2107 24727
1187 2108 21447
371 2109 25395
1887 2110 19251
1177 2111 8850
1409 2112 3021
477 2113 23849
1595 2114 24259
319 2115 30144
227 2116 3645
1389 2117 25029
272 2118 26184
2010 2119 20965
1200 2120 16914
992 2121 18654
2049 2122 31069
122 2123 5262
706 2124 16942
1509 2125 23888
1191 2126 23237
1943 2127 16265
848 2128 4050
1598 2129 9086
949 2130 29414
1266 2131 18281
1847 2132 21800
1440 2133 12235
919 2134 23113
1586 2135 29187
192 2136 14266
1879 2137 3360
1291 2138 29724
200 2139 17652
708 2140 15096
1376 2141 13161
746 2142 6320
1884 2143 1049
314 2144 12981
1262 2145 3608
244 2146 20475
802 2147 16404
1859 2148 17834
57 2149 4769
1514 2150 7191
925 2151 29902
781 2152 32754
194 2153 26364
1768 2154 21441
81 2155 14320
1948 2156 30092
1117 2157 6182
467 2158 3290
754 2159 30568
489 2160 29917
677 2161 24736
1658 2162 5866
1743 2163 18411
1132 2164 18732
708 2165 32494
1303 2166 1432
1850 2167 17261
1495 2168 3363
112 2169 7193
862 2170 19251
300 2171 30634
697 2172 3412
2123 2173 16942
806 2174 25389
1808 2175 25761
1093 2176 15026
1883 2177 25277
115 2178 3227
1897 2179 2835
454 2180 11540
71 2181 27995
1266 2182 5302
153 2183 2825
900 2184 13750
2049 2185 30241
954 2186 12636
1589 2187 21067
978 2188 439
1922 2189 27690
1401 2190 27536
1595 2191 23274
1102 2192 19612
521 2193 24600
1723 2194 6645
2116 2195 31159
585 2196 8907
200 2197 23184
842 2198 27479
2067 2199 15561
1960 2200 13329
373 2201 17081
1079 2202 291
516 2203 23035
233 2204 13853
111 2205 21697
1873 2206 6634
1479 2207 11627
897 2208 22275
486 2209 10329
651 2210 19426
1094 2211 18429
32 2212 16314
2167 2213 18228
678 2214 20325
1219 2215 3542
37 2216 9886
1349 2217 21387
1074 2218 22896
2044 2219 25825
1951 2220 29166
1753 2221 16028
1291 2222 1573
159 2223 29518
514 2224 27215
347 2225 3879
153 2226 21322
2157 2227 28173
554 2228 32072
1894 2229 14319
1132 2230 10951
301 2231 30551
1596 2232 4036
40 2233 32319
1386 2234 32043
856 2235 3366
1103 2236 24723
156 2237 28771
465 2238 27688
1438 2239 1976
1473 2240 31464
719 2241 27690
1883 2242 1299
1541 2243 10256
642 2244 14556
1023 2245 13675
666 2246 2917
1560 2247 13941
550 2248 21994
1559 2249 7293
1161 2250 21309
1601 2251 12529
1491 2252 4466
500 2253 13501
2171 2254 11227
848 2255 2515
345 2256 24887
1210 2257 6923
2224 2258 23078
2170 2259 30254
1779 2260 13280
1509 2261 19533
227 2262 8999
1815 2263 19544
631 2264 17274
1153 2265 3052
263 2266 26252
424 2267 29291
1204 2268 30708
1290 2269 23122
447 2270 18726
747 2271 23751
1649 2272 22946
308 2273 31602
854 2274 28523
1136 2275 7310
369 2276 5051
969 2277 3392
766 2278 18421
1324 2279 32295
13 2280 1755
2206 2281 11828
1395 2282 26113
1389 2283 14268
185 2284 27521
1545 2285 13259
989 2286 27633
1693 2287 10172
1352 2288 1170
1190 2289 28934
1388 2290 1482
1266 2291 9049
1719 2292 25045
1558 2293 3306
686 2294 29623
307 2295 21771
659 2296 12917
1190 2297 26878
220 2298 9348
1446 2299 11019
1131 2300 10114
1494 2301 6096
121 2302 24612
906 2303 21977
2009 2304 26224
1975 2305 25456
2266 2306 556
695 2307 22198
6 2308 2966
2200 2309 25587
715 2310 17493
2071 2311 7723
1394 2312 15536
1770 2313 9714
1121 2314 6398
538 2315 14976
1627 2316 19293
72 2317 24840
1991 2318 5543
1370 2319 5702
1800 2320 26530
2079 2321 15960
151 2322 28023
2028 2323 18126
1743 2324 25190
1787 2325 12036
210 2326 31671
1979 2327 27312
2241 2328 32756
25 2329 21175
412 2330 24149
1780 2331 6213
1407 2332 23164
1147 2333 28188
195 2334 8290
1805 2335 23596
1860 2336 21650
1399 2337 29028
1321 2338 29845
297 2339 18377
2029 2340 7085
1664 2341 3781
1561 2342 32710
846 2343 4033
411 2344 15017
1627 2345 24822
2193 2346 13171
2088 2347 14975
2160 2348 15429
91 2349 8627
1524 2350 14398
1289 2351 24243
1078 2352 23974
1462 2353 28735
1251 2354 26732
1816 2355 29134
1550 2356 20691
862 2357 10205
688 2358 23144
1875 2359 9863
1352 2360 3895
1633 2361 18006
2160 2362 31550
2327 2363 23385
964 2364 15394
1289 2365 25206
2359 2366 14625
2040 2367 6402
1526 2368 5960
148 2369 12943
2357 2370 15846
106 2371 8453
1006 2372 32576
2057 2373 8949
872 2374 14726
2118 2375 3113
1503 2376 1030
1258 2377 31872
1192 2378 15520
829 2379 30969
2332 2380 2426
788 2381 6925
1294 2382 8949
1962 2383 19010
527 2384 31199
2250 2385 13309
761 2386 3562
1742 2387 30103
1512 2388 2140
118 2389 11444
1575 2390 28425
1245 2391 25040
1552 2392 894
1262 2393 283
1521 2394 8832
1289 2395 21895
2044 2396 14261
1812 2397 14879
973 2398 6560
669 2399 30106
1228 2400 25043
2159 2401 29744
301 2402 5471
1654 2403 21420
1065 2404 12688
944 2405 30147
1340 2406 28887
2127 2407 3236
1804 2408 23560
1438 2409 21968
1327 2410 31685
1964 2411 30508
570 2412 15930
2382 2413 12884
1749 2414 25868
2373 2415 25139
1568 2416 3979
475 2417 30417
519 2418 13615
579 2419 25451
94 2420 9282
1279 2421 13001
2148 2422 22746
723 2423 13772
1364 2424 16394
736 2425 71
1421 2426 15193
2136 2427 10255
1294 2428 30835
173 2429 31318
899 2430 28959
1209 2431 6964
939 2432 10097
1895 2433 17287
2353 2434 29249
1446 2435 4349
1917 2436 28124
1300 2437 7279
501 2438 25848
1651 2439 19057
2060 2440 17902
1183 2441 2599
1879 2442 30755
626 2443 30298
212 2444 9671
1117 2445 3274
802 2446 19907
1662 2447 28614
1172 2448 12780
762 2449 26107
1690 2450 30077
2135 2451 3210
520 2452 32708
1126 2453 28509
1957 2454 30491
1722 2455 31674
625 2456 26650
232 2457 280
782 2458 27915
2193 2459 13362
977 2460 27038
2187 2461 26715
91 2462 11999
771 2463 29457
226 2464 7012
540 2465 28116
52 2466 3019
1531 2467 19001
1716 2468 12132
1981 2469 27706
105 2470 5418
1881 2471 16080
370 2472 1272
373 2473 30404
775 2474 30969
1476 2475 30657
925 2476 19297
1334 2477 4015
2458 2478 27738
132 2479 31804
940 2480 13377
1813 2481 28347
142 2482 9747
2285 2483 562
2472 2484 13858
2274 2485 22446
2411 2486 26893
1918 2487 19674
429 2488 24302
2149 2489 208
1798 2490 7893
281 2491 6959
837 2492 13942
2298 2493 2414
1692 2494 542
1363 2495 9840
290 2496 12524
110 2497 88
1540 2498 22845
211 2499 12446
989 2500 12648
631 2501 31331
1381 2502 16556
230 2503 8961
462 2504 7270
913 2505 14567
1029 2506 1415
752 2507 15524
2082 2508 31302
2079 2509 24641
970 2510 4114
807 2511 20692
1153 2512 10699
2142 2513 15954
1598 2514 24113
2456 2515 5541
2344 2516 8861
1211 2517 8446
737 2518 3567
2200 2519 621
262 2520 18375
71 2521 15535
396 2522 30712
1918 2523 15943
1896 2524 19001
378 2525 8912
2187 2526 23070
2175 2527 7825
1544 2528 6983
1949 2529 18514
150 2530 4568
1321 2531 13678
1831 2532 28456
755 2533 7210
1659 2534 26302
2362 2535 28741
1681 2536 20345
1881 2537 11728
677 2538 25870
2442 2539 17984
170 2540 15800
1254 2541 25538
1909 2542 18474
2455 2543 30414
1153 2544 26057
628 2545 16895
2205 2546 29976
214 2547 22562
1746 2548 24691
437 2549 16525
604 2550 1281
452 2551 13746
2489 2552 1508
951 2553 12787
421 2554 24498
2042 2555 16056
1566 2556 20521
8 2557 14783
1187 2558 26142
1640 2559 1204
1197 2560 19895
1002 2561 21250
2550 2562 11482
150 2563 2536
965 2564 9189
756 2565 26319
2032 2566 18080
123 2567 24539
1477 2568 8560
1208 2569 29376
1281 2570 7885
1091 2571 21975
904 2572 24821
455 2573 16241
2018 2574 25570
1221 2575 14187
1545 2576 31610
56 2577 9986
1280 2578 519
623 2579 6889
1013 2580 19174
1653 2581 27545
151 2582 11651
1378 2583 16361
2484 2584 15493
796 2585 7646
2336 2586 32069
1064 2587 32196
2370 2588 13189
1883 2589 4989
1874 2590 5471
2400 2591 16922
909 2592 31611
148 2593 28072
1400 2594 24965
346 2595 8012
2328 2596 19166
910 2597 12179
765 2598 24466
2458 2599 27395
1438 2600 21899
2395 2601 25846
1409 2602 31236
1521 2603 27816
341 2604 28480
312 2605 22670
568 2606 29307
232 2607 7145
1255 2608 15905
200 2609 23196
919 2610 23614
982 2611 28474
704 2612 32053
893 2613 5988
1766 2614 9910
1208 2615 14930
1386 2616 20202
1621 2617 32175
1497 2618 14320
2245 2619 7338
219 2620 8077
15 2621 13642
2331 2622 5919
780 2623 1
709 2624 6099
1244 2625 9605
1673 2626 10008
1625 2627 9947
2596 2628 8020
2378 2629 2996
1867 2630 28885
1912 2631 19197
935 2632 28426
539 2633 8626
1239 2634 32243
1679 2635 19443
282 2636 13270
195 2637 21593
1964 2638 17204
1046 2639 28042
2146 2640 16635
2390 2641 2571
2415 2642 6909
2360 2643 9814
872 2644 21153
1087 2645 31021
2272 2646 20440
1074 2647 32301
2116 2648 24659
645 2649 3750
1235 2650 14068
1107 2651 31914
1051 2652 32642
392 2653 25700
361 2654 23200
2189 2655 10155
2540 2656 22016
736 2657 18391
573 2658 13524
1737 2659 4564
1323 2660 7301
2466 2661 20597
2128 2662 31144
1871 2663 30986
1912 2664 12590
1889 2665 1588
2388 2666 29146
1668 2667 29944
1127 2668 14841
2259 2669 6163
2503 2670 25933
1804 2671 13709
1566 2672 22346
1121 2673 8849
1047 2674 5509
691 2675 20860
1311 2676 26217
1963 2677 1588
1526 2678 18475
2434 2679 9403
2118 2680 21505
1185 2681 19972
2082 2682 24975
102 2683 16133
1833 2684 32418
2051 2685 9741
308 2686 3873
2613 2687 25176
354 2688 10561
834 2689 25057
1845 2690 503
1953 2691 4471
182 2692 32179
1280 2693 4883
426 2694 14667
865 2695 11881
2162 2696 7989
148 2697 12221
715 2698 23802
1774 2699 10488
496 2700 19687
2180 2701 18683
2098 2702 10246
728 2703 15667
1141 2704 5197
1050 2705 20845
2325 2706 25364
1433 2707 16876
1620 2708 5069
875 2709 29625
2623 2710 28399
9 2711 1851
1093 2712 19763
203 2713 30983
637 2714 24323
1905 2715 17657
360 2716 2095
1527 2717 16260
1382 2718 9187
1362 2719 6470
2676 2720 17622
1473 2721 16608
883 2722 17859
2022 2723 5892
2631 2724 15901
679 2725 10448
224 2726 12031
2719 2727 25690
2268 2728 31842
1277 2729 31628
1984 2730 1682
2013 2731 26930
958 2732 30691
739 2733 19537
1675 2734 6815
2436 2735 3514
453 2736 19268
447 2737 992
494 2738 23276
2003 2739 2279
41 2740 30221
2185 2741 14077
2587 2742 25442
907 2743 16109
1445 2744 12073
418 2745 3313
16 2746 5775
1273 2747 12232
1674 2748 18281
188 2749 13833
611 2750 18468
2467 2751 30135
469 2752 7167
1757 2753 29205
1728 2754 30583
1436 2755 21436
1251 2756 6403
1600 2757 9962
1614 2758 6658
2148 2759 21533
1831 2760 19442
2322 2761 1761
395 2762 30178
1021 2763 30438
1875 2764 1578
2654 2765 18261
951 2766 3161
1745 2767 28772
839 2768 3951
258 2769 26409
1927 2770 5197
564 2771 30635
2728 2772 26729
296 2773 1343
2518 2774 1222
2657 2775 9490
878 2776 7460
1054 2777 18178
65 2778 12148
2184 2779 24754
2650 2780 10126
2142 2781 20189
2132 2782 27430
1430 2783 24810
1160 2784 25084
1847 2785 17089
500 2786 20052
940 2787 14558
2477 2788 2470
1446 2789 25251
2450 2790 31126
1202 2791 30451
1839 2792 20774
2725 2793 12028
1024 2794 29227
649 2795 21332
2604 2796 766
1103 2797 8008
1787 2798 3187
370 2799 28273
1196 2800 13327
1010 2801 26760
1527 2802 26229
1970 2803 8058
1902 2804 1570
2648 2805 21439
2412 2806 29274
2605 2807 21224
273 2808 31330
1512 2809 9336
33 2810 4336
1671 2811 30965
2741 2812 21472
354 2813 3903
917 2814 15400
1676 2815 1056
75 2816 2574
365 2817 16419
2786 2818 16793
168 2819 30634
2127 2820 19269
2453 2821 28987
550 2822 3322
1065 2823 1563
2088 2824 3903
2453 2825 4382
2242 2826 684
2662 2827 16317
257 2828 14749
246 2829 31081
80 2830 27182
1794 2831 20767
2522 2832 19555
1264 2833 13629
2190 2834 26790
13 2835 20884
2103 2836 10871
2010 2837 22462
1219 2838 2911
2613 2839 8625
2146 2840 27173
406 2841 25237
1583 2842 25157
332 2843 22995
1884 2844 14238
2559 2845 15471
86 2846 10859
1752 2847 18583
2253 2848 18292
33 2849 14204
514 2850 2182
954 2851 352
2788 2852 22816
2617 2853 10224
2194 2854 21359
1164 2855 31445
1710 2856 18812
1563 2857 2694
1652 2858 28325
385 2859 15712
2097 2860 13642
605 2861 15096
2272 2862 13512
1486 2863 8624
1704 2864 11179
2842 2865 14984
2271 2866 29215
2470 2867 7991
1605 2868 28840
1573 2869 1659
1269 2870 28435
1227 2871 10925
1264 2872 20397
874 2873 32408
1637 2874 2738
509 2875 9355
1062 2876 32264
777 2877 23469
817 2878 25901
1733 2879 22417
596 2880 3439
1715 2881 13834
2537 2882 6747
268 2883 1857
1433 2884 28279
1466 2885 7172
1456 2886 3124
2532 2887 3681
1001 2888 798
141 2889 14452
1824 2890 15702
378 2891 3453
157 2892 16706
1822 2893 2357
1613 2894 15235
1815 2895 10595
2633 2896 25895
882 2897 9642
489 2898 6688
692 2899 22949
2827 2900 13301
357 2901 5430
364 2902 31928
1491 2903 18202
322 2904 20024
1563 2905 13761
1748 2906 12663
1863 2907 14941
118 2908 4703
188 2909 12858
1167 2910 23472
1390 2911 6733
2875 2912 3901
2785 2913 2319
2105 2914 11864
598 2915 31372
170 2916 1675
1789 2917 8886
571 2918 13961
1749 2919 14848
1916 2920 32611
1429 2921 30760
663 2922 13823
577 2923 12628
700 2924 26823
732 2925 18785
1314 2926 3486
436 2927 29048
390 2928 19480
2615 2929 25570
1717 2930 14314
1365 2931 4637
1853 2932 3999
370 2933 31023
710 2934 21389
1113 2935 4154
665 2936 18696
986 2937 1361
78 2938 15829
259 2939 15498
911 2940 8161
417 2941 17748
787 2942 15667
2308 2943 14859
1513 2944 16416
1133 2945 15818
143 2946 15294
2398 2947 3201
168 2948 23707
1909 2949 20807
2331 2950 4526
1597 2951 14065
97 2952 16781
1594 2953 26339
694 2954 24545
2211 2955 27174
681 2956 30487
2323 2957 8379
1863 2958 31321
1869 2959 17199
2110 2960 29629
2810 2961 8816
1394 2962 25276
1797 2963 6623
65 2964 24293
1637 2965 26534
1445 2966 21202
2966 2967 24396
928 2968 25436
718 2969 10887
959 2970 22283
1491 2971 3153
2598 2972 4560
1103 2973 23101
2245 2974 30967
1664 2975 8204
1529 2976 21335
982 2977 8571
1797 2978 31180
1903 2979 11872
169 2980 27623
2262 2981 31989
1444 2982 7395
1043 2983 32372
1303 2984 3291
1756 2985 25060
1590 2986 571
1430 2987 14642
2737 2988 30581
2956 2989 29827
2670 2990 4341
2671 2991 10185
2870 2992 12118
666 2993 20116
523 2994 29142
621 2995 556
508 2996 15623
1008 2997 21980
2154 2998 6600
1802 2999 19856
255 3000 116
1 2 8867
2 3 25689
2 4 19186
3 5 4972
3 6 30261
2 7 15930
2 8 30095
8 9 15394
7 10 16739
1 11 24514
2 12 4458
6 13 28591
5 14 15106
12 15 5993
7 16 18889
11 17 25742
17 18 1643
16 19 9293
5 20 24504
7 21 13598
18 22 27130
5 23 8368
1 24 26757
15 25 4643
10 26 5519
13 27 31864
3 28 7234
5 29 1350
8 30 30992
28 31 1966
6 32 13383
13 33 17296
29 34 10981
22 35 3327
14 36 22957
17 37 4083
19 38 24186
22 39 31806
34 40 9172
22 41 11714
20 42 27329
24 43 9440
27 44 9949
2 45 25396
13 46 24749
37 47 127
5 48 4657
28 49 3044
42 50 12728
2 51 3416
39 52 24312
15 53 15188
34 54 26206
34 55 14540
30 56 3747
23 57 28517
15 58 25760
2 59 23011
40 60 31075
14 61 21216
61 62 18050
3 63 15300
30 64 11439
32 65 4081
53 66 16525
51 67 14398
17 68 22979
51 69 12967
8 70 6222
62 71 25155
25 72 21531
72 73 7030
22 74 10965
47 75 16487
31 76 8188
36 77 436
25 78 823
58 79 5989
21 80 4331
49 81 1567
25 82 268
58 83 17562
21 84 30771
26 85 21845
13 86 3825
42 87 10377
41 88 25444
42 89 23131
32 90 26887
3 91 8533
61 92 27342
82 93 279
53 94 29555
23 95 5450
28 96 4106
6 97 2262
64 98 8412
53 99 3413
46 100 11378
68 101 26311
100 102 26864
18 103 24455
63 104 28581
45 105 14462
52 106 20191
18 107 27030
32 108 28164
34 109 18033
12 110 30686
77 111 23388
104 112 16183
8 113 5758
26 114 20902
48 115 4437
96 116 11432
81 117 3684
112 118 18674
68 119 32549
105 120 28678
97 121 9797
14 122 4101
74 123 10768
41 124 452
53 125 11051
34 126 29985
64 127 13185
92 128 30616
31 129 4479
121 130 18705
101 131 29572
86 132 29436
132 133 22419
27 134 21920
133 135 9036
12 136 8112
5 137 30746
110 138 25632
5 139 6061
90 140 16950
3 141 27819
121 142 21476
32 143 2978
132 144 22101
83 145 16450
124 146 16582
136 147 31433
137 148 15767
47 149 12734
49 150 14754
46 151 3042
60 152 32203
66 153 26212
86 154 1752
108 155 2900
16 156 3972
104 157 11354
14 158 206
104 159 30120
53 160 15511
76 161 19757
42 162 30316
104 163 4619
120 164 3745
116 165 28748
129 166 9119
27 167 7376
122 168 19838
121 169 3466
94 170 14295
10 171 493
1 172 3539
127 173 28576
161 174 27784
158 175 10105
101 176 20358
17 177 18089
83 178 11180
174 179 18484
122 180 11329
172 181 19109
129 182 17984
162 183 24063
155 184 5618
71 185 28150
148 186 15042
118 187 7263
92 188 9550
46 189 8166
77 190 3002
170 191 31487
90 192 30793
172 193 7967
69 194 9774
62 195 20523
34 196 8351
178 197 23601
27 198 22572
13 199 31574
4 200 8783
15 201 27663
161 202 22340
26 203 8084
8 204 538
15 205 2706
117 206 22283
160 207 28192
33 208 25609
147 209 11509
29 210 12185
92 211 216
68 212 14820
48 213 9303
40 214 5131
195 215 17596
172 216 444
168 217 20541
49 218 22787
200 219 29811
95 220 5218
79 221 24846
138 222 19235
201 223 8902
184 224 1005
31 225 10901
9 226 5526
144 227 21795
167 228 2616
52 229 1666
168 230 14471
164 231 11803
54 232 1889
145 233 18152
78 234 4007
155 235 10212
33 236 4172
46 237 14528
142 238 26795
104 239 24280
13 240 3358
104 241 13925
70 242 10700
85 243 27636
68 244 26562
24 245 18967
118 246 2118
88 247 20314
169 248 19047
59 249 24696
11 250 20185
168 251 27343
86 252 28160
131 253 2834
1 254 13387
117 255 3134
166 256 30915
5 257 21199
41 258 16868
174 259 2099
206 260 27819
162 261 6783
184 262 18928
226 263 25697
68 264 9718
214 265 4437
214 266 28225
190 267 4636
186 268 27047
256 269 13675
37 270 13994
58 271 14560
95 272 1029
112 273 26169
238 274 14213
153 275 4296
240 276 30490
11 277 1826
183 278 18478
162 279 19736
158 280 14645
186 281 12776
91 282 18822
160 283 5812
135 284 873
103 285 31026
53 286 31857
285 287 5798
243 288 12300
191 289 15117
249 290 26712
12 291 4251
155 292 10552
74 293 872
230 294 20904
93 295 3431
9 296 26445
191 297 32407
183 298 16464
201 299 5501
147 300 32621
41 301 31697
206 302 5703
221 303 31608
190 304 16895
123 305 32690
299 306 13828
27 307 13973
90 308 26925
17 309 26298
78 310 14597
165 311 19766
87 312 22374
212 313 6091
229 314 13897
312 315 20320
249 316 26076
270 317 18095
155 318 6357
304 319 24894
42 320 17158
44 321 18064
29 322 1586
1 323 21916
140 324 24864
250 325 27774
153 326 21741
222 327 22637
77 328 29862
178 329 493
180 330 4887
34 331 10565
306 332 733
18 333 18228
284 334 7363
256 335 26080
156 336 75
105 337 1551
165 338 17034
306 339 25753
118 340 32569
62 341 13342
341 342 10
131 343 7924
167 344 28216
137 345 9571
261 346 16994
280 347 11285
113 348 26265
20 349 20168
25 350 16056
240 351 19270
192 352 2803
44 353 6295
218 354 22707
310 355 32373
156 356 30114
269 357 16640
238 358 6401
38 359 13491
36 360 14146
345 361 20119
99 362 13267
118 363 1206
47 364 25912
285 365 4819
363 366 8028
69 367 30552
130 368 14377
27 369 15504
291 370 14934
156 371 25110
40 372 14976
199 373 31374
337 374 637
50 375 20882
349 376 1773
66 377 11759
308 378 23313
276 379 1042
211 380 5857
258 381 11453
153 382 25432
147 383 29695
262 384 8467
287 385 5218
327 386 23834
299 387 29286
246 388 2046
143 389 11310
28 390 8996
213 391 20858
147 392 22624
235 393 22485
46 394 12229
248 395 7952
60 396 22460
240 397 6638
172 398 13140
390 399 28449
345 400 8921
224 401 9845
40 402 15016
259 403 13900
209 404 23617
114 405 1354
295 406 26014
349 407 13393
96 408 27332
118 409 17584
72 410 11671
397 411 28311
103 412 18418
358 413 15311
405 414 15351
27 415 15015
192 416 24228
166 417 23858
135 418 20647
294 419 22703
176 420 31092
397 421 6473
378 422 14484
235 423 7681
261 424 16704
353 425 20712
382 426 21550
265 427 12177
57 428 19371
295 429 22470
390 430 11754
146 431 19578
234 432 14748
344 433 1791
314 434 8384
387 435 10361
404 436 26045
262 437 24467
104 438 3758
273 439 22128
201 440 8957
117 441 15589
386 442 10035
38 443 17125
138 444 2830
290 445 5948
185 446 15829
357 447 16000
441 448 23784
31 449 22085
383 450 12443
360 451 6289
117 452 27460
137 453 13200
378 454 24211
102 455 18824
270 456 6946
329 457 11534
4 458 11853
241 459 11643
71 460 29252
60 461 1946
241 462 9310
8 463 20131
330 464 13745
115 465 24941
313 466 2527
263 467 16351
278 468 6194
468 469 21672
253 470 8940
42 471 1839
22 472 30936
199 473 10701
317 474 29989
383 475 6203
360 476 12660
393 477 6726
398 478 7728
294 479 24266
42 480 29982
396 481 8925
176 482 14901
344 483 22859
288 484 16047
185 485 26179
244 486 23136
433 487 17231
469 488 20295
301 489 8073
6 490 2915
458 491 20493
490 492 15559
321 493 9386
12 494 27633
16 495 29917
299 496 4184
434 497 30975
333 498 21316
406 499 17341
379 500 29922
22 501 28617
395 502 1944
294 503 21967
326 504 30102
196 505 24235
468 506 1198
108 507 17881
64 508 19557
340 509 24620
89 510 21066
432 511 15043
130 512 16518
109 513 9786
116 514 27317
122 515 541
98 516 5364
441 517 23714
510 518 12603
207 519 14999
32 520 1774
116 521 7065
467 522 30894
20 523 3719
293 524 23669
301 525 27190
509 526 6626
520 527 32358
475 528 721
372 529 20725
422 530 6703
357 531 15187
132 532 15629
166 533 31798
66 534 25074
404 535 4495
412 536 25206
77 537 28348
476 538 780
454 539 25343
121 540 11552
465 541 17455
428 542 3938
106 543 12717
62 544 6241
384 545 922
132 546 32603
344 547 14919
44 548 20307
111 549 493
323 550 10341
21 551 7839
379 552 11095
463 553 21628
190 554 17264
226 555 8233
430 556 17037
280 557 21375
184 558 881
283 559 27264
153 560 1629
233 561 11408
415 562 15328
180 563 28130
477 564 29169
207 565 1328
534 566 5947
65 567 18863
517 568 18616
121 569 11586
380 570 23937
180 571 18157
304 572 25829
46 573 24973
3 574 19128
319 575 25287
564 576 5613
263 577 7743
576 578 30056
158 579 26890
474 580 3853
1 581 357
83 582 17693
43 583 7847
152 584 26050
412 585 15732
252 586 30952
565 587 31796
258 588 8271
211 589 7107
412 590 15838
388 591 30826
90 592 21563
50 593 3855
483 594 21912
361 595 25256
262 596 21712
266 597 22006
227 598 19634
103 599 19823
178 600 29084
464 601 11644
267 602 16717
428 603 2276
201 604 17652
190 605 5000
154 606 14732
85 607 11602
41 608 4716
545 609 6504
353 610 2586
220 611 13733
126 612 13665
570 613 17993
294 614 19619
307 615 10735
599 616 8048
421 617 2496
46 618 26198
5 619 23015
225 620 26363
337 621 15940
72 622 7786
211 623 10085
111 624 26027
574 625 15282
248 626 17558
319 627 24807
363 628 26344
489 629 31176
211 630 26519
197 631 11280
396 632 26211
107 633 17066
168 634 7086
84 635 35
532 636 24205
462 637 30048
568 638 20767
214 639 12428
105 640 10014
495 641 22613
264 642 15027
628 643 1880
332 644 25487
146 645 31705
72 646 17463
474 647 28600
489 648 415
201 649 11424
2 650 6395
27 651 12418
326 652 18386
154 653 30274
74 654 14932
58 655 14000
315 656 29677
60 657 13753
600 658 9754
516 659 28639
158 660 27004
550 661 15334
522 662 3371
13 663 13520
322 664 28748
25 665 12
159 666 6630
661 667 17387
629 668 753
313 669 25171
471 670 18096
642 671 19383
634 672 11585
47 673 32326
74 674 17523
543 675 1379
565 676 31447
646 677 3414
80 678 28954
346 679 24385
211 680 30097
73 681 22869
85 682 24086
17 683 14149
29 684 13331
638 685 16123
112 686 26332
456 687 9611
628 688 30786
463 689 16485
358 690 22373
581 691 22222
340 692 24009
115 693 10129
488 694 8876
129 695 30449
34 696 6295
322 697 14563
199 698 10548
399 699 11130
648 700 17247
195 701 30115
69 702 3967
464 703 7698
164 704 15895
163 705 28284
420 706 9368
9 707 5895
645 708 7290
464 709 9727
324 710 22666
228 711 10186
157 712 9350
475 713 798
521 714 17127
173 715 25969
102 716 23806
102 717 21425
616 718 14658
302 719 13110
142 720 11241
564 721 24309
452 722 30133
652 723 7414
36 724 1297
236 725 2056
564 726 19804
243 727 16819
439 728 10373
150 729 110
715 730 30424
135 731 19986
380 732 28951
16 733 2703
76 734 24781
75 735 1757
608 736 13023
362 737 19510
121 738 6244
262 739 25475
100 740 10678
86 741 12564
93 742 16329
351 743 14483
239 744 30652
137 745 23867
372 746 5294
71 747 29253
441 748 13267
40 749 12195
360 750 1735
608 751 24305
87 752 2082
685 753 21673
331 754 24140
223 755 2454
510 756 24723
687 757 26763
600 758 29306
287 759 9300
685 760 10580
102 761 10733
125 762 28690
606 763 754
11 764 7514
480 765 15447
357 766 12249
513 767 9561
467 768 9433
676 769 31412
330 770 7446
173 771 21015
493 772 17357
163 773 22997
179 774 11287
579 775 16605
684 776 6261
354 777 23276
657 778 24748
89 779 21761
668 780 27091
627 781 3602
85 782 25770
328 783 26621
664 784 17965
121 785 9409
496 786 11881
504 787 9198
300 788 12687
174 789 5210
318 790 14151
655 791 28182
130 792 25670
768 793 18592
459 794 16931
298 795 24922
390 796 6502
392 797 26171
86 798 12771
41 799 22725
184 800 27974
722 801 7479
435 802 28654
703 803 2563
371 804 19455
304 805 2946
773 806 25266
746 807 12263
586 808 28656
791 809 12146
498 810 29728
323 811 17638
384 812 28733
528 813 27196
457 814 10283
585 815 19865
614 816 24395
424 817 4734
595 818 17229
609 819 13118
326 820 31045
292 821 5814
710 822 257
70 823 11832
787 824 25242
190 825 12232
635 826 23114
505 827 16523
481 828 30333
419 829 9084
476 830 23595
566 831 16481
732 832 9572
115 833 5886
574 834 3629
816 835 29320
671 836 25482
88 837 29020
589 838 26844
563 839 13553
28 840 10093
287 841 19979
411 842 23626
206 843 14642
145 844 30801
548 845 32611
263 846 26250
242 847 20229
212 848 3259
154 849 8478
173 850 14902
412 851 16071
639 852 30966
162 853 15070
631 854 29930
824 855 13306
439 856 28049
768 857 29348
120 858 26055
414 859 14276
374 860 1503
125 861 20313
152 862 25585
124 863 15213
469 864 9845
775 865 2889
717 866 13585
252 867 13029
348 868 27568
595 869 30370
276 870 980
525 871 16187
181 872 10285
585 873 27129
836 874 26218
552 875 26919
770 876 29519
160 877 18630
811 878 29960
319 879 27522
571 880 18365
640 881 5092
558 882 28774
530 883 3528
586 884 12769
366 885 3090
210 886 30785
525 887 3741
157 888 3690
164 889 25716
494 890 20955
864 891 7749
753 892 22730
278 893 1298
475 894 15990
183 895 26922
371 896 2489
270 897 23896
141 898 25052
72 899 12890
56 900 1456
49 901 18068
612 902 14554
134 903 32262
520 904 7023
384 905 30332
442 906 8129
187 907 19460
219 908 4728
99 909 421
461 910 26852
476 911 25166
107 912 18833
713 913 28173
756 914 796
99 915 10113
471 916 25926
294 917 21906
245 918 12359
74 919 3423
853 920 3685
876 921 6264
709 922 19396
155 923 2894
643 924 16512
707 925 8168
594 926 8441
163 927 10455
595 928 10350
41 929 12395
466 930 20942
711 931 6183
150 932 4810
254 933 19571
26 934 19759
366 935 24721
708 936 27251
233 937 9938
823 938 21901
50 939 6410
252 940 18186
734 941 9537
390 942 5982
346 943 12971
920 944 2936
613 945 29403
791 946 20377
808 947 21299
537 948 5221
229 949 8863
572 950 571
36 951 16259
448 952 30402
447 953 25073
397 954 16580
845 955 22048
145 956 20032
87 957 15129
764 958 186
325 959 6580
805 960 7126
55 961 26563
154 962 549
417 963 19341
426 964 13375
107 965 13182
408 966 17938
326 967 5660
358 968 15993
422 969 28221
425 970 5393
30 971 18295
497 972 16968
115 973 28377
557 974 5558
584 975 7128
381 976 18097
149 977 9612
561 978 29467
176 979 6173
217 980 127
328 981 15992
703 982 4956
445 983 29766
53 984 4289
917 985 21534
480 986 24090
523 987 5625
35 988 21322
610 989 12775
742 990 4858
484 991 6913
197 992 15664
120 993 9887
756 994 12323
582 995 29643
881 996 19278
471 997 26357
977 998 26819
924 999 3560
339 1000 194
317 1001 32764
158 1002 11146
471 1003 3725
619 1004 30063
32 1005 22957
135 1006 14637
282 1007 7446
777 1008 29820
807 1009 18786
996 1010 19172
505 1011 15743
478 1012 10963
481 1013 13405
580 1014 18669
251 1015 15081
477 1016 26019
167 1017 16959
307 1018 4359
194 1019 8731
325 1020 24798
692 1021 8081
59 1022 19703
52 1023 19455
414 1024 9660
940 1025 20543
894 1026 22791
725 1027 30753
559 1028 31031
226 1029 4632
646 1030 14978
492 1031 30515
48 1032 23181
577 1033 20303
249 1034 9785
312 1035 25996
502 1036 4544
660 1037 8445
882 1038 5890
594 1039 30116
933 1040 19993
1005 1041 24989
615 1042 29747
107 1043 19097
758 1044 21665
370 1045 20366
184 1046 18475
935 1047 25261
617 1048 16039
379 1049 16277
204 1050 1738
832 1051 4550
148 1052 18493
862 1053 24408
726 1054 25587
804 1055 3053
15 1056 11963
84 1057 2020
133 1058 14865
711 1059 32719
31 1060 7994
949 1061 8231
893 1062 144
116 1063 16703
921 1064 13594
527 1065 3959
613 1066 21087
1018 1067 946
645 1068 2172
319 1069 16394
206 1070 1141
609 1071 9410
37 1072 19657
503 1073 12667
545 1074 19529
229 1075 1707
99 1076 32553
1046 1077 6988
534 1078 30296
892 1079 31441
859 1080 9485
299 1081 8030
204 1082 11427
977 1083 15416
896 1084 6822
363 1085 3195
249 1086 19758
329 1087 31243
1059 1088 29035
558 1089 12492
1030 1090 20610
1018 1091 29206
1077 1092 24215
1071 1093 15459
258 1094 16427
592 1095 6987
820 1096 14761
689 1097 13235
323 1098 15675
384 1099 24641
962 1100 2786
234 1101 29203
1086 1102 5830
950 1103 27056
717 1104 10699
643 1105 15422
902 1106 28772
475 1107 30966
307 1108 27564
946 1109 25302
948 1110 30899
578 1111 21141
180 1112 25109
215 1113 29916
1087 1114 12242
830 1115 14515
342 1116 10585
1007 1117 570
673 1118 15846
785 1119 30105
312 1120 18190
29 1121 28217
113 1122 22937
96 1123 30261
929 1124 6287
680 1125 21003
1020 1126 16021
488 1127 29848
1080 1128 20858
102 1129 28483
781 1130 13326
253 1131 12920
171 1132 2611
620 1133 12888
437 1134 9014
485 1135 17326
549 1136 24159
1059 1137 17701
350 1138 15814
365 1139 26809
730 1140 7017
568 1141 12652
369 1142 13436
14 1143 31034
1107 1144 32512
693 1145 4942
225 1146 32151
1088 1147 24182
499 1148 1431
1067 1149 23509
561 1150 11101
584 1151 7640
860 1152 18660
766 1153 9067
834 1154 21142
672 1155 29548
1040 1156 28257
972 1157 3167
770 1158 270
1061 1159 31844
640 1160 9678
70 1161 13671
756 1162 17430
870 1163 29079
206 1164 14253
805 1165 15385
649 1166 16132
812 1167 29181
159 1168 9157
390 1169 20337
781 1170 20910
7 1171 23860
130 1172 20384
1010 1173 21070
491 1174 20211
696 1175 15871
150 1176 17677
1071 1177 3573
35 1178 17203
459 1179 17601
399 1180 158
261 1181 29836
711 1182 19154
332 1183 20998
653 1184 20523
850 1185 29600
1162 1186 30905
811 1187 4347
675 1188 16718
175 1189 22176
240 1190 19668
7 1191 8689
449 1192 8164
337 1193 14688
525 1194 14997
67 1195 21726
718 1196 1170
81 1197 2710
949 1198 16240
924 1199 29660
832 1200 29502
1196 1201 7776
55 1202 2397
719 1203 7592
98 1204 2450
923 1205 20669
1013 1206 11609
428 1207 12324
614 1208 15740
244 1209 14351
148 1210 28133
1157 1211 17109
679 1212 11184
947 1213 26528
1028 1214 4485
1030 1215 12645
627 1216 30245
282 1217 16922
1188 1218 18754
875 1219 13859
895 1220 12948
974 1221 23565
668 1222 10025
239 1223 5246
862 1224 26877
200 1225 28268
282 1226 9418
1027 1227 21390
954 1228 8737
936 1229 22800
417 1230 14778
524 1231 2187
940 1232 1545
693 1233 13620
985 1234 529
5 1235 12628
1050 1236 2685
872 1237 30712
719 1238 29933
432 1239 7913
67 1240 12686
308 1241 9438
14 1242 10989
619 1243 28657
1085 1244 22541
108 1245 4176
968 1246 13495
129 1247 6965
1170 1248 5137
981 1249 12824
860 1250 370
767 1251 2595
1065 1252 9077
24 1253 2022
136 1254 21836
560 1255 17228
1007 1256 27223
314 1257 1997
1255 1258 20469
92 1259 9446
718 1260 411
635 1261 8902
1032 1262 803
910 1263 12107
314 1264 21862
1106 1265 22316
611 1266 6412
1250 1267 24440
161 1268 21411
651 1269 21311
1207 1270 2799
940 1271 6542
781 1272 10881
1184 1273 10145
647 1274 26507
1067 1275 9045
377 1276 5875
293 1277 2524
502 1278 10662
1083 1279 11956
177 1280 17199
132 1281 9946
725 1282 7816
987 1283 29755
746 1284 13616
961 1285 1387
13 1286 23677
94 1287 23961
417 1288 19764
1175 1289 30915
275 1290 18775
355 1291 16422
1151 1292 21566
345 1293 8953
1113 1294 12521
952 1295 10074
1282 1296 6805
1010 1297 1929
1072 1298 27533
952 1299 12116
346 1300 9795
254 1301 11730
1091 1302 5279
336 1303 28500
158 1304 29079
663 1305 21401
771 1306 20736
19 1307 29761
321 1308 14756
697 1309 12164
220 1310 9620
1219 1311 19236
399 1312 23744
229 1313 17312
1115 1314 24004
721 1315 7083
304 1316 18693
802 1317 16348
186 1318 509
1055 1319 21159
859 1320 31443
383 1321 29836
1143 1322 24111
404 1323 23694
642 1324 2892
1307 1325 21735
960 1326 6223
111 1327 28666
1274 1328 20183
1125 1329 2441
1102 1330 22229
1000 1331 26664
673 1332 926
368 1333 4850
516 1334 30526
817 1335 12154
24 1336 4111
817 1337 31749
222 1338 21643
985 1339 14838
326 1340 20831
679 1341 7305
1015 1342 7616
6 1343 4036
769 1344 31234
250 1345 27563
108 1346 15463
228 1347 26548
1289 1348 53
653 1349 25210
480 1350 19211
1268 1351 20917
910 1352 7284
443 1353 28266
54 1354 7101
243 1355 29023
727 1356 22532
871 1357 29650
1320 1358 20114
920 1359 18538
1131 1360 11115
700 1361 24686
683 1362 30754
347 1363 4405
822 1364 11506
62 1365 19934
912 1366 22539
1303 1367 10561
1329 1368 20266
1142 1369 13348
1278 1370 8044
421 1371 2995
1063 1372 12132
198 1373 11306
89 1374 18283
244 1375 23509
1301 1376 29751
258 1377 16954
1043 1378 30640
1189 1379 32661
1119 1380 15358
236 1381 22660
1358 1382 31975
720 1383 18948
63 1384 7000
194 1385 6556
1318 1386 20289
1125 1387 13784
333 1388 11174
1299 1389 31481
971 1390 10484
1253 1391 12267
118 1392 10641
181 1393 20343
21 1394 11446
1315 1395 29114
991 1396 9089
466 1397 27094
1040 1398 7238
594 1399 27623
54 1400 14375
726 1401 20281
945 1402 7908
407 1403 16568
744 1404 25844
531 1405 31143
1377 1406 6100
1051 1407 20117
901 1408 25759
573 1409 10893
1358 1410 3295
1106 1411 19086
317 1412 7586
615 1413 19770
16 1414 7377
795 1415 27346
766 1416 8382
644 1417 26978
692 1418 1532
799 1419 8505
288 1420 14195
1118 1421 9628
254 1422 15539
482 1423 26044
1227 1424 649
866 1425 23013
876 1426 4560
484 1427 4343
1001 1428 10378
2 1429 12826
1347 1430 26928
599 1431 18094
235 1432 5190
634 1433 24705
1249 1434 49
922 1435 28741
458 1436 17229
1088 1437 24641
588 1438 17467
83 1439 18246
359 1440 9336
716 1441 18405
1392 1442 14644
1081 1443 28639
1373 1444 1633
424 1445 11229
1268 1446 28682
665 1447 9057
1384 1448 5606
129 1449 4349
1373 1450 3373
1200 1451 27331
321 1452 27818
292 1453 28412
1110 1454 24338
44 1455 26909
153 1456 12180
435 1457 17142
844 1458 1201
1396 1459 13869
329 1460 15694
249 1461 12779
752 1462 9223
1205 1463 18645
1299 1464 27847
1249 1465 15166
1402 1466 12437
187 1467 29082
654 1468 23473
472 1469 31542
232 1470 16864
133 1471 25895
107 1472 19716
270 1473 32129
1110 1474 31215
1457 1475 22217
397 1476 6009
273 1477 8108
1362 1478 31696
1053 1479 8944
1334 1480 9232
354 1481 940
640 1482 29204
924 1483 2484
397 1484 31883
66 1485 4696
768 1486 9550
1292 1487 31054
724 1488 27121
1062 1489 3564
861 1490 8855
1092 1491 26778
173 1492 8971
615 1493 13448
848 1494 29197
186 1495 16796
671 1496 2794
99 1497 29359
406 1498 23888
152 1499 23544
432 1500 32607
175 1501 9672
2 1502 17923
890 1503 1912
423 1504 14210
1443 1505 28320
524 1506 3153
751 1507 9866
865 1508 12844
565 1509 5095
791 1510 1381
1327 1511 22720
1179 1512 13437
1430 1513 29871
1290 1514 497
557 1515 13646
238 1516 22614
1347 1517 2800
768 1518 25768
726 1519 5519
872 1520 10976
1165 1521 32262
622 1522 18628
937 1523 28544
1265 1524 23299
349 1525 17713
166 1526 14465
1500 1527 16452
1505 1528 30704
25 1529 23060
340 1530 29600
905 1531 1694
996 1532 16280
1265 1533 31543
780 1534 17893
1516 1535 19834
526 1536 32050
555 1537 32389
400 1538 28057
1124 1539 18021
393 1540 30649
1280 1541 13262
1398 1542 4617
1441 1543 29711
1477 1544 28779
1421 1545 22342
297 1546 18949
631 1547 25808
592 1548 12620
87 1549 5124
52 1550 12897
1550 1551 32033
160 1552 11169
1543 1553 5764
1165 1554 5240
716 1555 21023
869 1556 9845
1550 1557 12070
735 1558 7332
162 1559 5131
1021 1560 32024
90 1561 1197
1164 1562 8391
1485 1563 2253
655 1564 28059
971 1565 22209
1015 1566 30405
1436 1567 5740
583 1568 30549
1543 1569 20589
683 1570 23303
1163 1571 23959
88 1572 18784
1107 1573 27297
167 1574 26362
1343 1575 25631
1393 1576 16669
479 1577 24241
617 1578 6030
1431 1579 20347
155 1580 30892
1422 1581 10453
1370 1582 25528
957 1583 12099
1181 1584 25973
132 1585 6823
1359 1586 25329
199 1587 22453
203 1588 1698
906 1589 32168
1382 1590 948
313 1591 19507
548 1592 9122
974 1593 17851
235 1594 20996
993 1595 14787
685 1596 6824
1208 1597 21416
1362 1598 19939
799 1599 398
882 1600 16169
662 1601 18330
390 1602 20956
185 1603 21346
1 1604 18530
652 1605 25505
1304 1606 2426
337 1607 22576
1480 1608 20432
493 1609 32305
1442 1610 30671
30 1611 27789
611 1612 24502
237 1613 1186
1429 1614 3566
920 1615 27445
48 1616 4507
644 1617 3502
668 1618 20849
1564 1619 1924
1004 1620 15560
1601 1621 31734
874 1622 4851
951 1623 14332
520 1624 13518
125 1625 12413
1493 1626 13463
1467 1627 12482
54 1628 6143
1264 1629 19755
304 1630 128
1483 1631 28192
908 1632 11760
1080 1633 1867
332 1634 3927
1503 1635 20228
21 1636 22014
597 1637 2573
409 1638 16072
695 1639 16256
1075 1640 1477
430 1641 26885
1114 1642 14341
78 1643 29512
40 1644 22442
222 1645 8875
534 1646 1601
407 1647 12344
963 1648 10579
664 1649 13017
1065 1650 15670
336 1651 10443
142 1652 18985
60 1653 13648
145 1654 12193
817 1655 26276
68 1656 14813
127 1657 6195
920 1658 13760
531 1659 17673
1501 1660 30432
35 1661 24202
511 1662 987
1502 1663 31587
649 1664 23786
589 1665 29376
1199 1666 4280
769 1667 14272
519 1668 4980
1522 1669 2341
1062 1670 3108
102 1671 18769
999 1672 3133
1434 1673 4718
1512 1674 25969
462 1675 23276
609 1676 4553
983 1677 15920
1292 1678 25075
1038 1679 15754
212 1680 26077
991 1681 3432
1376 1682 17283
551 1683 17098
1425 1684 28677
1138 1685 29942
519 1686 32508
1001 1687 10093
40 1688 31758
813 1689 4125
685 1690 704
272 1691 3544
1296 1692 2188
590 1693 25349
206 1694 3380
1246 1695 2198
1627 1696 9557
278 1697 11578
1487 1698 4927
1304 1699 13523
1477 1700 25092
1541 1701 19498
1363 1702 14031
874 1703 25825
1040 1704 19575
801 1705 11690
212 1706 19796
246 1707 23223
356 1708 32594
1380 1709 21106
474 1710 30275
1398 1711 4717
1226 1712 16506
617 1713 24732
54 1714 16789
1580 1715 7362
277 1716 12186
707 1717 17961
16 1718 26182
45 1719 2454
1444 1720 1185
630 1721 27516
900 1722 2262
238 1723 25200
362 1724 24130
1456 1725 30173
1606 1726 4555
734 1727 13561
662 1728 8307
18 1729 6647
127 1730 5164
1658 1731 11647
1441 1732 25327
1076 1733 32347
936 1734 17416
1108 1735 16755
1601 1736 28596
316 1737 11771
697 1738 31981
194 1739 27115
926 1740 20869
1139 1741 6831
23 1742 22642
494 1743 28192
1274 1744 29289
631 1745 12212
1377 1746 21678
293 1747 15857
1058 1748 18986
1275 1749 29736
1448 1750 2750
581 1751 23647
1305 1752 7383
659 1753 15759
49 1754 30018
8 1755 23056
75 1756 18754
153 1757 29265
1318 1758 18144
371 1759 24524
582 1760 10115
321 1761 23609
647 1762 20672
129 1763 18690
534 1764 30579
166 1765 2808
1162 1766 30991
1171 1767 20036
851 1768 24370
1594 1769 18080
962 1770 16765
302 1771 16327
1013 1772 31138
1562 1773 4649
1351 1774 23998
1612 1775 20452
1749 1776 29930
999 1777 15856
728 1778 23052
577 1779 28057
791 1780 16628
1427 1781 2611
1509 1782 20900
257 1783 12041
87 1784 19950
546 1785 22934
1281 1786 13637
457 1787 19448
1262 1788 23245
594 1789 29601
1401 1790 8628
929 1791 10320
1720 1792 21445
1187 1793 22335
1428 1794 17978
252 1795 28318
1452 1796 16594
351 1797 7489
539 1798 23332
1013 1799 14998
1771 1800 17459
307 1801 27353
847 1802 10306
1166 1803 21387
1715 1804 10474
1572 1805 29728
1349 1806 7017
416 1807 30456
413 1808 317
331 1809 3728
1013 1810 28402
279 1811 13050
1661 1812 21816
450 1813 21386
304 1814 24632
937 1815 20691
1444 1816 24872
893 1817 21201
349 1818 30237
91 1819 20328
1634 1820 25633
1277 1821 21773
1577 1822 22406
1287 1823 28100
677 1824 32378
184 1825 11850
109 1826 12763
806 1827 17811
115 1828 8268
1539 1829 8311
191 1830 12168
538 1831 30120
55 1832 2038
967 1833 19943
325 1834 32382
1272 1835 23671
695 1836 20636
477 1837 15314
734 1838 26290
101 1839 25244
959 1840 4259
627 1841 25813
906 1842 28829
1198 1843 21842
938 1844 2102
1056 1845 23406
1445 1846 7099
640 1847 20733
1390 1848 24516
3 1849 31873
1550 1850 9484
938 1851 15265
611 1852 30336
572 1853 12758
655 1854 23958
558 1855 20328
949 1856 16608
961 1857 17561
1123 1858 4321
653 1859 13599
37 1860 14111
1151 1861 16344
1725 1862 31609
567 1863 11962
322 1864 21435
959 1865 25353
90 1866 20848
1453 1867 20940
968 1868 8696
182 1869 9345
1415 1870 21722
826 1871 21008
1447 1872 23643
205 1873 17406
1812 1874 31823
1227 1875 23523
1541 1876 6959
1473 1877 27934
1680 1878 10604
550 1879 32455
1306 1880 4867
1188 1881 27109
1143 1882 28498
15 1883 10209
1714 1884 25385
902 1885 25915
1136 1886 26917
872 1887 11388
888 1888 29753
1789 1889 15724
698 1890 8334
1453 1891 25732
1330 1892 26253
1450 1893 26278
496 1894 1082
877 1895 21772
159 1896 4291
714 1897 23935
1883 1898 28248
959 1899 27337
1149 1900 3646
1778 1901 10604
863 1902 15135
829 1903 17556
1734 1904 23973
1675 1905 28491
707 1906 28487
1555 1907 3564
485 1908 3938
926 1909 5082
1861 1910 28299
1481 1911 26993
682 1912 1060
1169 1913 28221
556 1914 16941
1731 1915 27498
1865 1916 15197
1648 1917 2684
838 1918 28529
995 1919 9281
1251 1920 12741
813 1921 31747
1618 1922 24097
1367 1923 15105
1898 1924 20437
276 1925 16417
848 1926 20232
1704 1927 6111
559 1928 26701
576 1929 12425
476 1930 25207
666 1931 7854
1816 1932 18095
921 1933 1492
838 1934 11971
1092 1935 31081
393 1936 19905
204 1937 27132
1478 1938 26309
92 1939 29357
1177 1940 9743
1894 1941 6882
707 1942 4184
296 1943 24636
331 1944 31846
1688 1945 7370
1799 1946 19167
1608 1947 7548
1818 1948 20571
501 1949 31962
1860 1950 9660
247 1951 5621
1078 1952 21186
1903 1953 9118
610 1954 1754
1928 1955 24535
217 1956 21559
1358 1957 14215
1669 1958 8484
862 1959 26226
1266 1960 17305
1505 1961 3943
1173 1962 31500
1383 1963 9403
34 1964 15497
1407 1965 13559
1376 1966 1285
1230 1967 28622
545 1968 9712
1552 1969 30546
589 1970 16393
301 1971 20839
463 1972 24694
1257 1973 3447
1103 1974 29716
454 1975 29287
204 1976 1292
1643 1977 18634
293 1978 30375
518 1979 5461
1195 1980 13155
872 1981 22419
623 1982 326
1897 1983 8410
55 1984 28786
1637 1985 6014
842 1986 6138
1066 1987 14916
1724 1988 5364
491 1989 30746
648 1990 32719
700 1991 28677
584 1992 19431
542 1993 27994
503 1994 17751
819 1995 29745
245 1996 8462
1613 1997 29207
484 1998 21286
1658 1999 26371
1049 2000 8049
1239 2001 6796
1764 2002 6228
1115 2003 12632
324 2004 32728
1515 2005 14040
1743 2006 16126
1741 2007 28466
134 2008 26451
634 2009 1407
1130 2010 29381
1902 2011 27191
125 2012 13749
1472 2013 30185
1280 2014 14157
1206 2015 9264
739 2016 25620
1038 2017 31458
176 2018 20159
1117 2019 29066
1866 2020 29515
467 2021 27929
1868 2022 12360
1564 2023 9176
690 2024 27256
1014 2025 32161
2018 2026 3736
868 2027 17487
801 2028 25982
521 2029 14451
754 2030 28260
618 2031 24137
1954 2032 13188
226 2033 5866
1501 2034 19685
392 2035 22978
1739 2036 1396
809 2037 8773
1338 2038 22102
159 2039 26078
1847 2040 11389
731 2041 9768
1695 2042 11385
1407 2043 29537
987 2044 26769
1622 2045 29468
827 2046 15635
1828 2047 16181
1969 2048 18152
1003 2049 12554
1268 2050 10347
334 2051 27880
569 2052 4220
1158 2053 16836
523 2054 14287
1126 2055 12588
1073 2056 18570
1057 2057 13181
664 2058 25616
1683 2059 3157
1068 2060 15127
489 2061 17227
1408 2062 27649
350 2063 5342
506 2064 7017
368 2065 28588
260 2066 31484
2030 2067 20965
1831 2068 12938
230 2069 6910
1837 2070 24412
221 2071 9642
814 2072 7625
1464 2073 15878
195 2074 20740
611 2075 18451
1078 2076 7480
452 2077 10858
832 2078 18391
1422 2079 20779
913 2080 29231
762 2081 23863
299 2082 25150
1084 2083 21407
1595 2084 19911
1828 2085 24924
82 2086 23461
406 2087 1856
1045 2088 20320
664 2089 16940
1024 2090 4862
1191 2091 900
1741 2092 4891
1045 2093 3552
131 2094 8508
1941 2095 2564
1377 2096 20577
785 2097 26643
347 2098 32729
926 2099 24831
1597 2100 2138
18 2101 11332
1632 2102 16209
244 2103 15830
172 2104 17527
448 2105 8279
1609 2106 19877
276 2107 16270
1050 2108 25833
1081 2109 14101
1003 2110 19673
1945 2111 31057
1545 2112 32551
1789 2113 25255
6 2114 31094
2099 2115 3309
1713 2116 19564
2094 2117 30495
601 2118 8457
214 2119 21844
1678 2120 10295
2009 2121 7408
319 2122 10402
1804 2123 8474
1004 2124 7881
1299 2125 21361
175 2126 9046
708 2127 31994
802 2128 2986
1110 2129 861
1807 2130 30909
944 2131 3666
2103 2132 18469
1041 2133 8534
521 2134 7028
2062 2135 32162
1527 2136 27079
1387 2137 24669
217 2138 20380
349 2139 28945
1133 2140 4324
1905 2141 29788
68 2142 346
35 2143 5864
1687 2144 18194
1779 2145 25756
138 2146 11093
429 2147 16404
456 2148 28076
1923 2149 28239
623 2150 19771
804 2151 2728
966 2152 15440
2006 2153 30472
690 2154 29244
416 2155 7257
1681 2156 20322
1357 2157 3902
36 2158 18317
1381 2159 27905
1759 2160 18055
1997 2161 1229
625 2162 17127
794 2163 8477
322 2164 29482
192 2165 1396
1441 2166 22789
1390 2167 29775
684 2168 5882
1298 2169 20823
1524 2170 17450
541 2171 13276
36 2172 12906
520 2173 32127
531 2174 23192
716 2175 18734
274 2176 25392
1244 2177 18006
344 2178 29978
413 2179 21587
1260 2180 21190
1319 2181 29228
1010 2182 25979
549 2183 22141
981 2184 13548
1230 2185 17332
606 2186 32013
1945 2187 27776
119 2188 22052
1942 2189 31879
2010 2190 8995
1184 2191 6488
179 2192 14901
1800 2193 28576
524 2194 31639
1632 2195 8352
704 2196 19113
322 2197 9182
1277 2198 7493
1564 2199 28955
1661 2200 5455
1579 2201 1670
2019 2202 22669
856 2203 7983
1772 2204 6841
1195 2205 11710
1052 2206 3541
1652 2207 28517
873 2208 11455
1049 2209 11027
1431 2210 5125
158 2211 28907
1248 2212 23802
503 2213 28148
923 2214 12042
1051 2215 10258
993 2216 31562
1562 2217 13877
2127 2218 5715
1452 2219 18640
989 2220 9297
94 2221 5773
104 2222 2903
1392 2223 319
1345 2224 24566
582 2225 1815
1813 2226 13
1400 2227 21532
218 2228 20450
51 2229 2005
1383 2230 19826
2110 2231 840
2154 2232 28166
641 2233 21289
1046 2234 31239
2196 2235 2635
266 2236 23315
121 2237 8282
267 2238 4176
320 2239 10444
1713 2240 15617
2185 2241 30229
468 2242 1367
448 2243 32026
1186 2244 11657
1530 2245 3305
540 2246 12071
1287 2247 11943
471 2248 14507
264 2249 16841
1922 2250 19281
654 2251 10376
1199 2252 27432
754 2253 6286
1177 2254 5481
920 2255 25590
915 2256 28936
1448 2257 20083
83 2258 28042
680 2259 17103
1598 2260 17430
75 2261 31896
1776 2262 3790
1822 2263 31254
2054 2264 27232
1945 2265 19071
2114 2266 21975
534 2267 3182
2155 2268 17592
1826 2269 12434
603 2270 5962
1803 2271 21667
1289 2272 27957
908 2273 19099
406 2274 1614
988 2275 8226
2143 2276 9650
1936 2277 14922
1065 2278 11026
1316 2279 22908
1053 2280 22093
1098 2281 6579
573 2282 26948
1607 2283 17127
1946 2284 7146
717 2285 32205
492 2286 5786
1480 2287 16573
2172 2288 26286
1181 2289 2291
623 2290 8525
419 2291 13307
284 2292 10372
59 2293 3431
548 2294 18072
1916 2295 25795
1550 2296 5019
1980 2297 16331
1074 2298 22846
380 2299 31963
2137 2300 26854
134 2301 31142
2126 2302 6146
2139 2303 4651
2041 2304 22171
1794 2305 3045
143 2306 5164
2146 2307 16706
983 2308 26293
2165 2309 8535
582 2310 10251
216 2311 22482
938 2312 32114
1719 2313 12592
148 2314 32109
230 2315 3888
1615 2316 26581
855 2317 391
240 2318 9257
544 2319 22229
1461 2320 31269
101 2321 14808
46 2322 14486
913 2323 11999
669 2324 15980
62 2325 1410
1163 2326 6673
1828 2327 4753
1284 2328 13049
1779 2329 17994
1370 2330 12667
1395 2331 29391
2218 2332 6367
1658 2333 22231
414 2334 18360
1993 2335 16547
414 2336 21108
940 2337 23860
1891 2338 27697
1296 2339 1979
536 2340 20946
2245 2341 11601
1990 2342 27474
1847 2343 6376
595 2344 5977
1608 2345 15233
493 2346 21773
1145 2347 17568
1667 2348 16427
304 2349 7933
102 2350 4950
17 2351 9597
996 2352 9391
496 2353 9312
5 2354 4261
1017 2355 31420
290 2356 1807
1444 2357 28714
1228 2358 28280
1539 2359 4799
498 2360 20921
773 2361 12606
1548 2362 19406
126 2363 17803
1846 2364 26082
109 2365 25443
932 2366 7084
708 2367 32587
1902 2368 31230
1865 2369 8646
1601 2370 2971
911 2371 23243
1690 2372 2122
2001 2373 2422
1665 2374 31272
1814 2375 19454
1491 2376 19778
1979 2377 11239
812 2378 32099
1606 2379 23161
1477 2380 22059
465 2381 4464
1855 2382 31073
474 2383 27637
1375 2384 8074
126 2385 19405
1601 2386 18107
2284 2387 7889
517 2388 17323
2029 2389 6302
41 2390 26892
633 2391 13453
1613 2392 14620
298 2393 5094
1696 2394 21879
2198 2395 3152
1558 2396 8495
63 2397 31372
826 2398 18718
284 2399 11619
1001 2400 9851
985 2401 31965
1521 2402 12204
1602 2403 25012
1232 2404 27483
780 2405 8456
358 2406 6604
1866 2407 24660
882 2408 2158
850 2409 13729
470 2410 17328
1096 2411 2042
990 2412 6933
176 2413 21535
1805 2414 11147
719 2415 10622
1197 2416 25593
1376 2417 29534
403 2418 14359
898 2419 25182
2095 2420 30082
1662 2421 2590
1130 2422 28432
1918 2423 1852
1010 2424 29280
123 2425 16770
2046 2426 15286
2422 2427 7773
2323 2428 23558
2277 2429 14225
500 2430 17743
1527 2431 27180
6 2432 28971
1884 2433 20920
419 2434 21923
277 2435 949
1137 2436 7239
1050 2437 8007
381 2438 20351
421 2439 1323
2422 2440 29212
2124 2441 19439
570 2442 13618
972 2443 17507
228 2444 16426
504 2445 8779
1805 2446 16147
1456 2447 7510
1634 2448 11065
629 2449 7764
1733 2450 505
1663 2451 19619
615 2452 24019
710 2453 4074
1029 2454 9665
1019 2455 23050
1390 2456 18119
1711 2457 19794
424 2458 11212
1899 2459 4851
2454 2460 26536
1109 2461 30131
2395 2462 17790
23 2463 5349
2257 2464 13132
595 2465 17304
1964 2466 15040
262 2467 26639
405 2468 31822
264 2469 28529
399 2470 24703
1891 2471 10690
2337 2472 29580
1738 2473 8722
1369 2474 7979
187 2475 18164
1003 2476 13993
2330 2477 30514
1533 2478 2361
1528 2479 18111
393 2480 28300
2317 2481 4077
302 2482 417
1773 2483 9440
2023 2484 32223
2469 2485 13635
2211 2486 29281
2423 2487 15417
1330 2488 16273
1686 2489 2711
1081 2490 4856
1778 2491 16720
1447 2492 21844
157 2493 20529
578 2494 16107
33 2495 19662
452 2496 1568
1212 2497 13756
2045 2498 23620
574 2499 30208
788 2500 11438
996 2501 15560
1476 2502 21006
1073 2503 32089
496 2504 13822
1434 2505 11081
1083 2506 3802
1599 2507 1774
944 2508 12242
59 2509 3606
1850 2510 7997
1408 2511 25848
2326 2512 26416
393 2513 19307
1492 2514 21584
2061 2515 29270
59 2516 5860
643 2517 17768
566 2518 31279
1610 2519 32009
225 2520 9724
192 2521 3216
1468 2522 7802
1183 2523 16566
1636 2524 30282
1480 2525 8778
2204 2526 26327
1806 2527 28967
1787 2528 17126
2137 2529 19300
987 2530 30574
1954 2531 21706
57 2532 3753
176 2533 29323
1056 2534 26987
99 2535 28464
1595 2536 8883
1286 2537 6868
557 2538 20863
366 2539 15248
548 2540 7397
36 2541 25142
566 2542 22112
2438 2543 30530
96 2544 3688
279 2545 5133
125 2546 22341
1092 2547 31812
2350 2548 10788
2005 2549 19353
1630 2550 8811
392 2551 11192
1377 2552 842
1357 2553 9853
1744 2554 15250
764 2555 26724
285 2556 23499
2391 2557 1857
182 2558 12929
1896 2559 8497
2205 2560 734
2282 2561 26576
901 2562 2430
851 2563 27564
1035 2564 17278
1836 2565 15354
2513 2566 11222
679 2567 11912
1466 2568 25321
1637 2569 25587
1980 2570 29787
314 2571 23578
206 2572 12067
2296 2573 11986
1457 2574 17377
1062 2575 15580
239 2576 7537
249 2577 27924
1858 2578 10176
1033 2579 18922
1293 2580 30942
1205 2581 4886
1534 2582 4181
314 2583 6024
972 2584 8378
790 2585 27550
1357 2586 6017
1314 2587 20378
1390 2588 22293
1340 2589 23123
1220 2590 22313
2242 2591 15403
1097 2592 8008
45 2593 11840
483 2594 20404
1630 2595 25063
1374 2596 11373
2258 2597 1110
1014 2598 24208
377 2599 10912
465 2600 24546
2472 2601 14823
2202 2602 17581
70 2603 8140
739 2604 22475
388 2605 28459
1693 2606 15616
323 2607 13574
502 2608 3469
782 2609 6590
2265 2610 8961
2546 2611 8841
957 2612 1107
1994 2613 10016
1743 2614 10542
1141 2615 20408
2054 2616 1932
2330 2617 12084
1711 2618 8070
2198 2619 19865
358 2620 31082
2265 2621 14018
1294 2622 18959
1673 2623 24917
1252 2624 12645
676 2625 501
965 2626 18256
1064 2627 7865
1655 2628 27319
752 2629 30429
2208 2630 1752
2065 2631 4792
1740 2632 17118
2165 2633 4078
2153 2634 20405
763 2635 32231
731 2636 18461
1258 2637 24192
391 2638 22269
338 2639 7936
1437 2640 6138
2615 2641 7501
1595 2642 26185
2611 2643 3424
908 2644 3521
305 2645 21238
662 2646 4661
433 2647 9096
2409 2648 256
2489 2649 1150
573 2650 225
540 2651 31136
676 2652 5130
334 2653 30669
1456 2654 16499
1551 2655 28655
928 2656 4724
910 2657 1582
2367 2658 11667
2062 2659 18788
2236 2660 24475
1669 2661 32465
2195 2662 27118
113 2663 22033
359 2664 29979
1118 2665 6474
2648 2666 25267
439 2667 11690
2472 2668 29017
2084 2669 30737
479 2670 26393
411 2671 31242
783 2672 13819
1315 2673 15104
903 2674 20183
667 2675 20911
1617 2676 5738
2112 2677 8664
2485 2678 12458
667 2679 8761
1774 2680 5719
596 2681 16060
1574 2682 10451
64 2683 10991
2416 2684 14387
1729 2685 14516
234 2686 12182
746 2687 1850
1358 2688 23477
44 2689 7723
193 2690 32700
2402 2691 18727
2083 2692 11353
313 2693 18290
560 2694 3346
1230 2695 9193
202 2696 8155
938 2697 18747
769 2698 2792
423 2699 9813
234 2700 1216
1873 2701 30494
2484 2702 659
372 2703 1381
587 2704 8397
2210 2705 30231
1538 2706 31211
624 2707 30390
232 2708 24461
1249 2709 24326
1862 2710 10701
1573 2711 6922
1200 2712 4304
2546 2713 28974
495 2714 17562
1047 2715 30918
952 2716 14119
1252 2717 21687
2300 2718 19639
1348 2719 1652
1250 2720 26217
540 2721 27949
1459 2722 31499
1401 2723 17731
2456 2724 12849
973 2725 15358
524 2726 13700
1327 2727 27522
2570 2728 11357
74 2729 21247
1628 2730 5523
1777 2731 7977
1948 2732 29585
1349 2733 22248
746 2734 32427
796 2735 16464
1770 2736 20914
36 2737 4563
1605 2738 17605
1275 2739 17333
1269 2740 27243
391 2741 5569
1177 2742 25311
2561 2743 7483
1428 2744 31147
1483 2745 28437
971 2746 16760
2010 2747 14949
2165 2748 8741
422 2749 26391
1193 2750 3350
590 2751 3295
852 2752 19407
384 2753 22130
39 2754 7361
2119 2755 9462
2518 2756 4707
539 2757 1975
70 2758 26757
1438 2759 23579
230 2760 17378
293 2761 10712
1092 2762 4084
367 2763 3940
557 2764 28428
1709 2765 21166
912 2766 28833
2472 2767 27147
1573 2768 488
377 2769 4467
928 2770 19622
21 2771 16365
949 2772 30787
1383 2773 4424
1145 2774 287
2275 2775 30732
543 2776 6697
1447 2777 19376
975 2778 19629
1587 2779 1805
1050 2780 19053
2731 2781 19219
46 2782 9716
1983 2783 31163
2522 2784 25895
2295 2785 32060
1306 2786 8733
1608 2787 3970
1571 2788 11824
1009 2789 5596
588 2790 27476
1135 2791 25845
2037 2792 20392
426 2793 261
2459 2794 18251
307 2795 11848
1706 2796 26737
784 2797 26032
181 2798 11702
146 2799 471
115 2800 10930
1090 2801 14391
1350 2802 28365
2546 2803 12957
635 2804 2644
1083 2805 23771
887 2806 27085
457 2807 15037
297 2808 31624
1935 2809 23103
1076 2810 21367
1302 2811 13821
2589 2812 16703
735 2813 7147
911 2814 3215
609 2815 27718
2702 2816 19377
929 2817 17611
456 2818 2143
7 2819 27686
1112 2820 9943
2527 2821 4525
674 2822 17202
1405 2823 13646
1866 2824 30961
2660 2825 19398
1395 2826 18649
125 2827 29460
435 2828 4353
1654 2829 19246
2228 2830 19241
1076 2831 18162
2649 2832 1357
2702 2833 2399
47 2834 18554
2618 2835 8965
859 2836 25057
2633 2837 17338
2493 2838 16938
1357 2839 13455
1113 2840 26378
793 2841 11779
133 2842 792
1000 2843 24182
89 2844 22492
1171 2845 13536
483 2846 30249
141 2847 17346
2147 2848 22701
447 2849 20573
1326 2850 3271
1645 2851 25123
254 2852 23960
1735 2853 26219
2641 2854 13661
2746 2855 15464
2479 2856 10492
2328 2857 15708
120 2858 25052
1591 2859 5385
2451 2860 23034
1915 2861 32360
1993 2862 7738
975 2863 14494
1415 2864 2811
2205 2865 18476
1265 2866 14061
637 2867 22630
1602 2868 39
2251 2869 20774
1358 2870 28532
386 2871 29889
1150 2872 26094
551 2873 6714
18 2874 18639
1497 2875 22454
2338 2876 8067
1786 2877 12592
2261 2878 22530
1000 2879 8046
607 2880 9564
1936 2881 820
2400 2882 11413
2456 2883 22711
463 2884 29620
2115 2885 16212
1275 2886 18199
2407 2887 10626
1500 2888 2313
1968 2889 18694
1049 2890 8087
1226 2891 2918
2600 2892 29855
1815 2893 15007
2873 2894 15401
2112 2895 5658
2192 2896 29946
2607 2897 30685
538 2898 22375
812 2899 23039
2049 2900 9832
1689 2901 20574
2307 2902 5869
2062 2903 19092
2757 2904 16757
2153 2905 12838
2880 2906 20956
2224 2907 14591
1228 2908 26996
752 2909 27677
256 2910 26456
2148 2911 24203
1930 2912 2813
756 2913 143
865 2914 9482
622 2915 30500
438 2916 19050
2678 2917 1962
1935 2918 15775
769 2919 27613
2736 2920 601
1858 2921 8708
15 2922 20295
2294 2923 3434
424 2924 21037
2355 2925 31506
1612 2926 31287
2615 2927 24231
372 2928 15501
133 2929 23474
2182 2930 1831
586 2931 28432
425 2932 21987
717 2933 19618
2590 2934 7636
1829 2935 17734
2826 2936 733
661 2937 18694
8 2938 2943
778 2939 22928
1585 2940 18160
565 2941 230
1637 2942 6509
1851 2943 8279
864 2944 8912
843 2945 11182
1970 2946 29541
2068 2947 9385
423 2948 762
700 2949 27309
1301 2950 7733
384 2951 12983
2734 2952 15915
2161 2953 15254
554 2954 32301
179 2955 4696
1943 2956 9189
590 2957 31490
1388 2958 28067
2082 2959 20868
2631 2960 6897
286 2961 30443
2369 2962 25453
1839 2963 7897
1246 2964 20440
1057 2965 4402
1839 2966 10602
1586 2967 13337
1221 2968 29544
13 2969 29211
909 2970 8953
865 2971 20649
35 2972 2358
478 2973 19148
1632 2974 9088
2484 2975 17428
253 2976 17942
2326 2977 10194
683 2978 21734
1655 2979 2182
1935 2980 32420
761 2981 21403
2134 2982 11802
770 2983 27986
923 2984 9663
2482 2985 18685
688 2986 31114
244 2987 20845
1435 2988 23304
73 2989 13741
2923 2990 27565
896 2991 28145
1746 2992 2408
2666 2993 3273
1198 2994 18809
2810 2995 12442
61 2996 5511
2768 2997 10575
2615 2998 7917
1708 2999 9804
2995 3000 7254
