10
16 1
39827893 180179344 483483025 315408671 477447354 27796446 69501925 200308859 484400453 325500062 17400118 461297359 458635982 230549236 508967797 200922466 
17 0
23585838 393355419 351753760 225691404 527557308 81349474 109868379 190450723 327499884 130503764 437550675 25612695 263985912 463365850 278614322 124301567 228841573 
11 0
50210837 272816967 200987209 34804803 465638127 267330818 398795270 22495660 371149662 346510395 154593071 
16 0
331577130 175898446 188791475 366465501 199160230 131561617 21219659 256585051 122883752 181551181 236626585 24181770 380538523 63218890 180730 266954941 
15 1
172468901 99973210 48940238 120351626 381287708 333819357 303943769 255526656 288609954 26477751 146628987 471345846 188690968 477538362 107130479 
3 0
180625101 384092440 150186191 
15 0
312182260 28922897 483850241 62067289 372783887 52929514 517285979 470835613 433253376 266126725 150037536 380983982 385304516 229953631 6501828 
12 1
519848041 450786463 343860425 318999543 483078646 215961216 89218687 207878032 475532011 163742890 143840283 228634557 
12 0
357803449 80780817 288723785 236605186 346028416 413385556 50055824 191205354 202687280 103240722 460518691 515708773 
3 1
364934639 435058997 215591986 
