10
11 1
358780950 484746164 290573347 358574268 302400463 288651382 114765069 237659445 40019209 36954558 524551316 
1 0
98476435 
14 0
335326566 58299329 501019071 290905216 85279439 344853676 230232322 515960714 266032687 379107422 219452731 240681813 11846377 156069527 
11 0
358670759 413114961 115124647 524219674 446879650 407372633 504116005 461655704 41957613 281083689 31963117 
14 1
504742969 181779639 136712288 161557992 14869392 167525231 484129898 388914430 195425076 312691123 365641122 503008146 512353670 187249633 
4 0
150400037 507046532 90801821 269601315 
15 0
393314302 533236290 51844776 523556796 500113278 304854748 74385427 82450178 196631162 448253201 479238138 452871345 385978013 309006773 8981872 
18 0
188941524 318589724 283305559 313451542 341242244 417595694 443413070 17192430 260954924 68867362 53222123 390938707 55914744 296752379 428103800 205511494 124133037 468545845 
6 1
34100700 217968798 313494114 509134064 453270259 194356363 
5 0
378295337 455733185 445527240 277217626 312714313 
