10
17 0
106868004 385314803 525938242 298002733 293960779 509273465 437084735 142609708 307207997 357910891 331349723 293178085 479715850 105312044 383708839 97351608 501789511 
8 0
153168671 233246076 128354338 526157440 449754311 416958389 319622628 411279760 
6 0
474270826 146108320 21728897 78313379 78873987 399026159 
19 0
201162462 32692926 422266167 132080100 305646417 414249098 375931977 437097985 264210254 422310445 43694441 466285299 299740045 485531987 346407282 183744742 15180316 519596232 152216345 
19 1
58578601 325034725 203554558 240272280 220788928 323773793 524450910 12675511 87280485 258403850 501757500 303867756 371340099 320961494 329870663 527310170 83118611 341150442 428681938 
4 1
207747669 118328810 71254142 283475282 
2 1
19813012 19310901 
19 1
109786583 508321308 124176347 77026654 458978601 109157005 168281701 452603777 131547206 325083459 392780038 273568184 380032518 394222409 350389890 287939582 534931509 167081181 390882589 
17 1
491435353 474415820 152089181 113738226 487232942 535100963 213875754 55401889 231659833 306281983 519291273 17815547 328135991 372126698 309678555 72210746 193522614 
12 1
256217527 357291873 106216318 455903175 470205384 390795147 404690697 129798740 168683179 425738906 414680372 172567382 
