1000 1000
1221 8 716 661 1605 113 161 1921 1921 1039 676 615 1921 1165 477 1054 743 1851 87 797 1321 573 1517 1052 1232 1192 1881 1869 1141 5 1659 727 219 651 129 1178 1743 1729 1782 545 1731 178 1942 1769 1769 621 1201 826 711 1161 1026 735 943 1311 1055 1426 1559 1471 1841 1296 509 1353 481 664 1800 1161 225 726 1220 257 61 228 171 459 273 636 1041 275 1033 838 393 369 1770 1257 913 1895 1431 601 1361 753 1253 1417 1071 1111 599 1446 1481 684 481 591 1204 1270 1871 1345 663 953 381 251 970 1546 1577 1605 876 1976 1041 641 640 686 1397 1000 1217 1960 1793 296 1909 721 893 143 1121 1847 483 348 1471 1565 1127 395 1709 1633 1357 321 1493 211 1178 571 1121 1921 1301 1413 59 857 1735 1255 1710 1753 1364 1582 1657 1814 947 785 1541 1511 1409 355 722 315 449 779 481 352 1511 1748 628 379 1179 681 461 801 1897 1087 1790 257 1613 939 1896 1757 1637 541 371 529 1277 1953 1159 1019 394 1796 709 1449 1301 1985 1741 1681 249 513 1697 321 1680 1169 151 350 1695 135 1225 1283 1722 1435 1371 1397 162 1312 1 1441 894 1167 986 1657 1855 446 1937 676 1777 1575 1489 701 1024 361 289 1687 297 721 121 881 929 1321 1877 322 1566 339 1246 1377 1425 519 848 1187 545 1501 1110 1305 703 847 241 1659 1495 1086 1357 1401 257 1651 871 233 1951 401 525 1797 1013 869 161 1619 1377 675 993 1801 601 225 1931 599 1137 91 705 595 1127 256 161 253 1991 1330 134 365 1701 471 793 632 279 211 1246 1451 831 576 1301 1215 87 1863 1529 1958 1057 15 1986 1845 541 209 1266 1 438 641 1485 1410 156 979 731 1551 481 286 1131 86 1630 1196 421 1562 1153 447 1895 37 1761 81 1836 63 1153 161 1201 1751 65 1507 191 1665 737 156 1321 929 1769 652 1116 961 1751 1586 233 1947 1053 683 1191 1649 656 1057 1818 1822 842 843 421 476 1233 1963 654 1841 1961 1618 1741 1167 1835 341 901 1591 8 249 81 1993 1301 801 1781 661 1571 1521 302 1385 1506 441 711 1762 188 427 549 1486 2000 933 139 177 1332 760 293 336 896 1681 573 1120 1051 1223 1197 1209 893 377 1649 1017 182 853 740 259 788 452 1313 1001 137 1457 183 721 1733 1930 1487 1671 1983 520 1513 33 369 1813 1457 1791 1417 529 533 611 1372 56 1346 1416 1893 1107 885 1789 1631 1701 1210 856 466 1554 113 1173 1626 1081 257 389 1023 1436 795 1653 739 1567 1255 153 197 1889 1329 1905 1337 879 111 1761 1853 671 1566 1357 1771 425 532 1890 1902 377 1045 206 113 843 385 865 1588 1509 12 743 1841 41 1245 1871 1065 501 1201 1882 1080 925 1775 1991 1150 1441 1371 959 1581 371 1189 801 1075 591 1781 642 673 673 437 915 1731 757 1687 1393 1290 1617 217 419 1921 271 526 137 253 777 867 1581 1053 1809 1651 241 81 440 394 399 1583 1361 565 257 1877 958 1745 327 1257 879 1777 649 741 1071 401 93 1341 1123 443 726 82 1141 1246 1831 484 565 353 705 643 1633 1161 1681 1276 686 401 1451 1557 381 856 1141 495 1889 571 1617 49 1595 754 694 1555 721 1544 781 1803 1277 251 1055 80 1016 1629 814 1763 1711 1541 878 1751 741 1080 1869 561 763 283 1746 520 23 1432 1913 395 145 1660 1131 649 1424 1865 133 1031 681 225 1273 217 1357 755 1281 1756 891 1676 1146 17 1983 1207 1998 708 40 1562 1009 241 1526 1881 1639 555 1233 468 1369 1261 1997 833 1397 493 641 227 1553 1505 886 1669 876 1941 300 1619 769 625 1871 617 712 23 1399 817 1626 1681 1887 431 853 1149 241 1929 257 925 1632 1213 913 1049 898 546 98 1986 1709 1916 1201 89 187 1311 1324 993 522 1450 1365 554 1183 1451 200 1641 1021 509 148 1851 495 1501 40 1051 1501 1289 1757 716 465 1957 89 178 201 1320 1681 474 733 190 1154 1843 1943 1590 1606 1073 1801 669 747 1267 1935 1349 583 797 1496 783 461 293 278 681 1976 1229 1945 1981 416 1981 1001 1556 377 1413 210 963 661 1266 811 994 1683 65 770 404 18 1701 921 251 745 1236 812 1406 99 1639 735 622 1793 1385 1031 1433 241 1983 251 1601 803 853 1901 88 1743 1913 1107 251 409 685 1161 201 1409 1475 976 17 1703 1773 1331 45 194 1837 141 25 137 1597 116 1751 973 853 1447 799 1661 516 1529 805 1713 1272 1654 656 1771 1809 1636 183 1999 883 1417 1051 703 98 1261 1289 565 1326 176 540 1041 1305 1561 48 225 161 1681 689 1711 841 1839 1704 527 635 887 1673 1925 1969 1857 1085 1224 1119 173 1687 11 959 1595 1401 1401 1501 1057 1521 511 835 561 1841 1646 1794 1704 1841 651 1581 65 1965 1626 1365 846 1971 1471 336 1637 1 899 1735 1667 1613 1466 1841 111 685 348 1207 1633 253 1931 1431 16 1501 1869 1625 1757 65 1617 1081 1473 1686 57 129 661 421 639 151 173 126 809 466 1913 1172 1366 1947 509 1385 381 1696 569 393 1939 48 1701 1359 1281 1663 433 681 1725 577 332 1959 216 1339 722 493 1656 226 481 376 321 1397 1938 823 1042 232 1449 1940 577 100 23
1 2
2 3
3 4
4 5
5 6
6 7
7 8
8 9
9 10
5 11
9 12
1 13
9 14
5 15
7 16
15 17
7 18
1 19
10 20
9 21
8 22
7 23
16 24
1 25
5 26
5 27
24 28
21 29
18 30
19 31
18 32
10 33
9 34
17 35
12 36
28 37
31 38
20 39
38 40
24 41
11 42
13 43
25 44
25 45
30 46
45 47
17 48
31 49
42 50
21 51
25 52
1 53
39 54
19 55
46 56
37 57
3 58
55 59
32 60
1 61
10 62
5 63
36 64
4 65
31 66
1 67
29 68
9 69
61 70
13 71
42 72
13 73
1 74
62 75
37 76
19 77
25 78
15 79
70 80
2 81
71 82
24 83
49 84
57 85
38 86
59 87
60 88
49 89
15 90
18 91
56 92
17 93
73 94
57 95
87 96
38 97
25 98
49 99
5 100
51 101
67 102
75 103
42 104
81 105
46 106
65 107
100 108
94 109
37 110
91 111
10 112
75 113
90 114
86 115
53 116
5 117
70 118
25 119
63 120
89 121
1 122
81 123
69 124
109 125
118 126
51 127
83 128
66 129
116 130
27 131
82 132
85 133
104 134
101 135
37 136
69 137
72 138
124 139
23 140
109 141
72 142
9 143
132 144
53 145
103 146
93 147
97 148
7 149
91 150
46 151
104 152
77 153
74 154
67 155
52 156
1 157
93 158
1 159
124 160
78 161
143 162
104 163
25 164
57 165
28 166
124 167
105 168
7 169
101 170
21 171
150 172
29 173
19 174
168 175
73 176
171 177
100 178
35 179
147 180
25 181
26 182
91 183
106 184
177 185
39 186
184 187
131 188
48 189
120 190
141 191
49 192
121 193
146 194
158 195
95 196
147 197
189 198
65 199
12 200
68 201
197 202
163 203
156 204
171 205
108 206
87 207
143 208
129 209
7 210
163 211
167 212
114 213
34 214
108 215
116 216
89 217
31 218
7 219
72 220
191 221
21 222
179 223
67 224
219 225
190 226
42 227
206 228
38 229
125 230
203 231
184 232
201 233
107 234
183 235
121 236
53 237
106 238
1 239
217 240
49 241
57 242
221 243
193 244
197 245
54 246
54 247
183 248
45 249
182 250
103 251
28 252
22 253
77 254
135 255
159 256
197 257
36 258
35 259
66 260
50 261
166 262
127 263
76 264
141 265
194 266
7 267
230 268
104 269
81 270
31 271
188 272
272 273
85 274
95 275
261 276
109 277
161 278
24 279
201 280
181 281
33 282
207 283
11 284
1 285
116 286
255 287
7 288
163 289
225 290
25 291
69 292
169 293
86 294
73 295
197 296
17 297
221 298
171 299
170 300
118 301
206 302
200 303
296 304
86 305
281 306
205 307
27 308
133 309
97 310
37 311
21 312
19 313
119 314
168 315
46 316
221 317
113 318
133 319
187 320
176 321
7 322
225 323
106 324
229 325
21 326
234 327
14 328
214 329
200 330
127 331
109 332
183 333
129 334
69 335
292 336
316 337
124 338
319 339
217 340
13 341
75 342
196 343
43 344
83 345
275 346
187 347
17 348
265 349
211 350
179 351
283 352
217 353
47 354
23 355
277 356
165 357
96 358
356 359
104 360
1 361
22 362
305 363
348 364
69 365
174 366
320 367
92 368
179 369
65 370
347 371
229 372
333 373
196 374
53 375
310 376
127 377
130 378
323 379
113 380
253 381
62 382
247 383
107 384
357 385
177 386
209 387
242 388
53 389
82 390
7 391
296 392
316 393
234 394
131 395
324 396
43 397
270 398
47 399
228 400
357 401
172 402
30 403
205 404
139 405
212 406
117 407
59 408
337 409
231 410
219 411
61 412
17 413
360 414
364 415
83 416
329 417
183 418
332 419
39 420
409 421
25 422
283 423
417 424
303 425
401 426
277 427
398 428
237 429
40 430
290 431
264 432
372 433
410 434
345 435
366 436
394 437
356 438
82 439
319 440
41 441
334 442
235 443
215 444
52 445
199 446
161 447
313 448
183 449
64 450
133 451
141 452
205 453
277 454
125 455
66 456
91 457
453 458
450 459
88 460
189 461
15 462
271 463
358 464
5 465
277 466
153 467
361 468
123 469
124 470
251 471
440 472
369 473
14 474
339 475
34 476
243 477
336 478
415 479
410 480
228 481
60 482
239 483
400 484
456 485
162 486
358 487
158 488
69 489
138 490
161 491
59 492
281 493
251 494
458 495
259 496
379 497
382 498
271 499
186 500
184 501
298 502
317 503
247 504
397 505
61 506
474 507
206 508
170 509
212 510
421 511
306 512
393 513
221 514
125 515
398 516
469 517
210 518
475 519
22 520
189 521
4 522
142 523
272 524
281 525
265 526
292 527
495 528
466 529
256 530
179 531
269 532
44 533
493 534
232 535
111 536
233 537
262 538
409 539
107 540
181 541
126 542
347 543
118 544
121 545
343 546
389 547
427 548
69 549
478 550
483 551
182 552
223 553
550 554
495 555
166 556
49 557
166 558
66 559
305 560
93 561
405 562
276 563
25 564
195 565
345 566
527 567
370 568
552 569
67 570
77 571
485 572
321 573
317 574
320 575
29 576
349 577
437 578
258 579
410 580
391 581
488 582
415 583
2 584
405 585
352 586
117 587
316 588
109 589
313 590
286 591
496 592
505 593
351 594
169 595
526 596
472 597
271 598
482 599
76 600
379 601
322 602
382 603
596 604
409 605
416 606
508 607
503 608
348 609
400 610
423 611
403 612
487 613
442 614
25 615
16 616
92 617
190 618
7 619
171 620
322 621
133 622
346 623
486 624
337 625
324 626
595 627
361 628
353 629
142 630
109 631
285 632
118 633
122 634
59 635
588 636
473 637
463 638
567 639
434 640
49 641
86 642
144 643
127 644
543 645
543 646
376 647
7 648
145 649
182 650
151 651
18 652
291 653
111 654
127 655
44 656
57 657
423 658
71 659
234 660
565 661
123 662
256 663
106 664
153 665
271 666
592 667
649 668
517 669
301 670
341 671
537 672
331 673
381 674
87 675
350 676
73 677
364 678
535 679
77 680
408 681
488 682
599 683
48 684
363 685
466 686
73 687
256 688
330 689
256 690
400 691
22 692
465 693
405 694
203 695
666 696
265 697
48 698
452 699
475 700
372 701
17 702
596 703
449 704
5 705
136 706
213 707
396 708
701 709
434 710
264 711
547 712
482 713
1 714
12 715
413 716
242 717
452 718
135 719
400 720
409 721
156 722
486 723
404 724
313 725
430 726
626 727
144 728
569 729
709 730
365 731
560 732
23 733
558 734
107 735
694 736
481 737
217 738
545 739
537 740
469 741
77 742
725 743
188 744
533 745
390 746
239 747
595 748
1 749
666 750
546 751
81 752
635 753
469 754
307 755
409 756
82 757
349 758
147 759
430 760
533 761
111 762
721 763
111 764
170 765
213 766
477 767
26 768
217 769
223 770
561 771
22 772
17 773
80 774
769 775
289 776
747 777
694 778
82 779
608 780
296 781
716 782
166 783
324 784
377 785
758 786
745 787
218 788
486 789
244 790
379 791
719 792
209 793
507 794
459 795
744 796
433 797
744 798
231 799
459 800
535 801
28 802
635 803
689 804
557 805
135 806
53 807
755 808
369 809
550 810
329 811
87 812
226 813
485 814
485 815
182 816
244 817
268 818
175 819
40 820
551 821
797 822
611 823
321 824
753 825
364 826
29 827
468 828
565 829
59 830
781 831
178 832
575 833
424 834
17 835
126 836
716 837
541 838
147 839
768 840
153 841
729 842
481 843
163 844
809 845
33 846
42 847
786 848
690 849
440 850
495 851
752 852
845 853
204 854
179 855
586 856
759 857
688 858
703 859
440 860
761 861
357 862
677 863
783 864
421 865
654 866
176 867
244 868
331 869
108 870
397 871
453 872
561 873
420 874
340 875
610 876
241 877
92 878
75 879
174 880
791 881
188 882
692 883
89 884
783 885
16 886
143 887
254 888
649 889
502 890
559 891
669 892
245 893
422 894
688 895
811 896
287 897
52 898
369 899
504 900
575 901
266 902
305 903
168 904
341 905
798 906
797 907
783 908
285 909
19 910
605 911
753 912
849 913
320 914
343 915
373 916
586 917
148 918
230 919
394 920
641 921
250 922
763 923
1 924
757 925
26 926
621 927
692 928
85 929
837 930
741 931
659 932
592 933
699 934
441 935
261 936
521 937
152 938
807 939
924 940
179 941
44 942
603 943
74 944
157 945
253 946
446 947
259 948
325 949
610 950
487 951
748 952
142 953
891 954
925 955
191 956
111 957
926 958
693 959
314 960
456 961
787 962
486 963
868 964
222 965
579 966
295 967
353 968
281 969
832 970
76 971
363 972
541 973
268 974
909 975
664 976
367 977
13 978
160 979
181 980
581 981
217 982
110 983
398 984
897 985
547 986
69 987
274 988
759 989
264 990
25 991
731 992
641 993
778 994
491 995
446 996
303 997
138 998
51 999
796 1000
1 246 702 923
1 729 191 1751
1 621 889 1181
2 147 3
1 994 296 652
2 529 2
1 976 327 1288
2 667 2
2 315 1
1 385 190 196
1 989 581 161
2 65 1
2 663 1
2 700 1
2 281 1
1 187 964 176
1 593 770 1925
2 29 1
2 246 1
1 572 206 1103
2 275 1
2 305 1
1 693 486 273
1 51 877 221
2 125 3
2 649 2
1 865 257 1626
1 445 239 41
1 203 571 901
2 881 2
1 376 541 161
2 489 1
2 821 1
1 729 843 1921
2 345 1
2 115 1
1 791 121 47
2 599 2
1 809 521 1491
2 899 1
1 349 251 1159
2 714 2
1 435 105 1701
1 125 898 929
2 341 1
1 765 247 703
2 289 1
1 921 717 1317
1 841 961 1151
1 337 653 1175
2 201 1
2 461 2
1 414 292 1164
1 729 781 1702
1 37 673 1713
2 801 1
1 369 421 1257
2 976 1
2 681 1
1 5 763 1858
1 513 65 548
1 53 997 1362
2 835 2
2 965 1
1 697 727 1445
1 376 454 1913
2 771 1
1 745 31 1773
2 326 2
1 13 301 1961
2 345 3
1 39 316 261
2 357 4
2 293 2
1 521 41 385
1 865 426 857
1 977 193 776
2 633 1
1 921 181 581
2 584 2
1 39 575 1677
1 529 601 742
2 701 1
1 809 223 66
1 999 224 529
2 341 3
2 657 1
1 510 881 1103
2 519 1
2 803 2
2 683 1
1 401 657 497
2 865 1
1 375 595 929
2 291 1
1 169 776 756
2 457 1
1 941 533 201
1 501 93 1936
2 161 4
2 597 1
1 531 351 276
1 881 741 1625
1 876 777 480
1 931 941 1251
1 232 192 1296
1 701 656 1713
1 337 377 1186
2 635 1
2 876 1
2 53 1
2 993 1
2 569 1
2 137 1
1 933 86 326
2 993 1
2 797 1
1 877 177 1949
1 891 926 958
1 116 291 1451
1 167 581 1251
2 263 2
1 421 812 385
2 365 1
1 401 633 1569
2 925 1
2 185 2
1 986 940 1501
2 801 1
1 521 601 737
2 89 1
1 941 27 245
1 6 928 1381
2 57 5
2 446 3
2 823 1
2 126 2
2 691 1
1 771 415 947
2 519 1
1 301 279 801
1 902 189 1371
1 961 749 293
1 197 825 1515
2 713 1
2 781 1
2 571 1
1 69 105 184
2 877 1
1 465 729 1751
2 569 1
2 693 2
2 869 1
2 899 1
1 317 124 1982
1 3 567 1854
1 837 672 926
1 415 641 25
1 445 737 1633
2 832 2
2 825 1
1 197 217 589
2 981 1
2 476 1
1 792 545 1839
1 845 796 1926
1 347 799 1431
2 513 1
1 570 1 1491
1 846 783 1119
1 852 224 965
1 633 365 1417
1 409 51 1959
1 491 961 368
2 474 2
2 379 2
2 13 6
1 729 241 1399
1 898 665 1963
1 779 977 1240
1 85 813 6
2 352 1
1 269 932 1785
2 201 4
2 369 1
1 189 352 1239
1 322 317 361
1 590 577 889
1 952 191 1544
2 506 1
1 581 686 801
1 642 139 1677
2 59 6
2 241 1
1 641 61 1121
1 965 771 355
2 773 2
1 385 373 12
1 868 381 726
1 766 301 1419
2 198 1
2 135 2
2 617 1
2 511 2
2 663 1
2 606 1
1 475 321 544
1 153 549 286
1 701 623 324
2 20 3
1 629 734 689
2 645 1
2 480 1
1 701 773 151
2 231 1
1 256 545 1537
2 321 1
1 189 51 1773
1 802 941 1174
2 355 2
2 1 16
1 401 173 253
2 626 1
2 364 5
2 655 1
2 276 1
2 750 1
2 493 1
1 406 269 695
1 173 956 404
2 325 3
1 67 151 1425
2 975 1
2 389 1
1 755 21 1692
1 177 281 241
1 425 22 1741
1 529 622 231
2 272 3
2 929 2
2 585 1
2 229 3
1 209 929 1907
1 825 639 1963
1 767 836 809
1 499 981 130
1 847 89 1119
1 810 860 1213
2 585 1
1 956 713 727
1 353 451 873
1 812 855 386
1 533 57 1009
1 826 477 921
2 457 1
2 765 1
2 249 1
1 121 967 779
1 730 436 891
2 751 1
1 785 41 1420
2 761 2
2 201 1
1 901 793 85
1 143 822 805
1 174 475 1566
1 321 431 406
1 363 791 179
2 931 1
1 181 649 142
2 812 2
1 426 214 1618
1 832 77 1695
2 111 7
2 408 2
1 74 29 553
1 307 237 25
1 247 242 521
1 909 757 713
1 844 391 905
2 201 4
2 910 2
2 206 2
1 979 453 939
2 711 1
2 481 1
1 755 257 1851
2 117 1
1 921 65 1501
1 305 706 1094
1 511 728 521
1 23 29 1897
2 996 1
2 631 1
1 310 316 541
1 791 723 1181
1 673 841 943
1 476 291 200
1 45 692 1177
2 375 1
1 1 611 73
1 270 321 1013
1 745 556 197
1 114 425 164
1 993 377 581
1 689 411 1691
1 970 881 1749
2 875 1
1 145 916 461
2 801 2
1 971 375 1297
2 896 1
2 413 3
2 26 3
2 165 2
1 376 424 682
2 929 2
2 801 1
2 151 1
1 195 194 1174
2 312 2
2 777 1
2 34 2
1 951 961 542
1 11 916 1571
1 857 700 1446
2 700 2
1 589 102 1321
1 977 441 1369
2 669 1
1 183 986 1691
2 265 5
2 81 4
2 513 2
1 881 313 1943
2 502 2
2 121 1
2 349 1
2 271 3
2 155 1
1 395 216 1257
2 451 1
1 632 369 1945
2 169 1
2 441 2
1 973 881 1236
1 241 430 1895
1 419 156 67
2 816 1
2 383 1
1 141 901 283
1 773 839 353
2 635 1
2 174 1
2 677 2
1 132 984 726
1 533 521 686
2 75 3
2 361 1
2 657 1
2 384 1
1 857 545 1241
1 866 25 1237
1 951 46 126
2 145 1
2 635 1
2 761 1
1 176 201 1697
2 241 3
1 901 61 71
2 749 2
1 961 824 635
1 961 235 173
1 771 443 1521
1 471 701 76
1 781 695 1449
1 601 311 429
1 301 615 1587
1 694 159 745
1 802 161 449
1 601 655 1426
1 846 801 901
1 955 851 1447
1 265 491 1376
1 205 805 613
2 121 4
1 465 905 1081
1 921 37 21
1 982 976 1297
1 297 156 1381
2 29 1
1 833 319 1970
2 709 1
2 41 1
2 973 1
1 65 997 1961
2 804 1
1 621 577 256
2 510 1
2 944 1
1 971 885 1717
1 249 665 1726
1 621 269 426
1 713 991 1208
2 157 1
2 101 3
1 5 697 1976
1 131 231 1801
2 1 8
2 16 4
2 11 1
1 803 666 1191
2 362 1
2 208 2
2 398 2
2 41 1
2 161 4
1 999 593 1171
1 143 17 1005
2 312 1
1 821 681 1267
2 649 3
1 1 405 991
1 521 937 1667
1 67 487 255
1 881 65 1647
1 265 671 1500
1 953 796 1243
2 643 1
2 761 1
1 376 156 1617
1 425 89 921
1 690 751 286
1 571 45 779
1 546 762 433
2 871 2
1 401 723 1045
1 448 11 645
1 745 697 1471
1 21 745 729
1 869 977 991
2 541 1
2 904 2
1 290 565 307
2 261 1
2 901 1
1 375 469 921
2 863 2
2 489 1
2 949 1
2 473 3
2 281 6
1 241 105 193
1 975 393 1895
2 5 11
1 811 861 1567
1 414 945 837
1 249 873 1301
1 501 753 494
1 445 66 798
2 912 1
1 991 551 567
1 311 453 1542
1 820 201 1631
2 169 3
1 451 131 976
2 470 2
1 593 817 751
1 113 67 385
2 357 2
2 505 1
1 536 529 969
2 805 1
2 251 1
1 574 29 481
1 656 825 1490
1 989 671 1825
1 321 394 201
1 15 340 817
2 820 1
2 199 1
2 385 1
1 273 111 817
1 508 989 1803
2 844 1
2 993 1
1 701 999 1019
1 701 757 284
1 191 389 1070
1 411 15 501
2 21 4
2 305 4
1 576 75 1343
1 601 336 537
2 424 1
2 777 1
2 541 4
2 153 5
1 33 248 1021
2 761 2
2 860 1
2 721 1
2 185 1
2 151 1
1 161 705 113
2 723 1
2 782 1
1 754 405 1901
2 297 1
1 939 140 390
1 341 216 1054
2 573 2
2 536 1
2 965 1
2 977 2
1 321 431 524
1 312 156 1856
1 647 261 516
2 193 3
2 795 1
1 901 215 1195
1 951 521 900
2 626 2
2 432 1
1 94 489 1601
1 561 201 1017
1 729 335 1801
2 955 2
1 33 503 351
2 417 1
2 309 2
2 549 1
2 873 1
1 219 739 1101
1 423 441 1414
2 291 3
1 155 927 61
2 769 1
1 801 221 1241
2 603 3
1 939 145 807
1 209 801 185
2 925 2
1 799 89 1153
1 561 327 1889
2 292 1
1 811 265 1998
1 231 881 1710
2 161 3
1 945 217 984
2 297 1
2 773 1
2 177 1
2 577 1
2 73 2
2 295 1
2 244 1
1 125 631 1847
2 259 3
1 249 125 714
2 561 1
1 585 399 745
1 744 679 208
1 401 340 1761
1 101 421 413
1 236 601 217
1 281 643 1857
1 561 26 1149
2 709 1
2 323 1
2 325 2
1 541 689 49
1 1 47 677
2 61 4
1 603 238 1430
2 199 3
1 581 537 62
2 116 1
2 874 2
2 969 1
1 641 463 1801
1 755 673 1554
1 209 417 43
2 637 1
1 531 706 76
2 153 4
2 609 2
2 377 2
1 135 353 1191
1 41 766 975
2 457 1
2 942 1
2 33 1
1 705 962 1855
2 864 1
1 705 867 257
1 747 51 1484
1 997 381 961
1 843 974 1037
2 908 2
2 326 2
2 129 1
2 199 1
2 665 1
1 601 838 1971
1 601 41 1876
2 969 1
2 761 1
2 961 1
2 199 1
2 236 1
1 905 790 1233
2 176 3
1 271 807 892
2 654 3
1 705 81 521
1 261 569 464
1 603 235 477
1 521 576 1315
1 834 401 701
2 526 1
1 33 517 1197
1 931 462 847
1 777 771 518
2 501 1
2 183 1
2 161 1
2 165 1
2 922 1
1 48 41 1625
2 581 1
2 961 2
1 579 319 1421
2 497 1
1 391 113 718
2 724 2
2 167 1
1 110 85 644
1 925 417 1192
2 381 2
2 445 1
2 135 5
2 385 1
1 531 449 689
1 721 377 1569
1 521 796 343
1 1 949 1465
1 843 442 891
1 41 854 846
1 601 312 1721
1 191 551 1517
2 571 1
2 199 1
1 401 885 625
2 51 3
1 101 519 1861
2 474 1
2 697 1
2 681 1
2 563 1
2 519 1
2 682 1
2 383 1
1 277 211 55
1 681 192 1913
2 620 1
2 81 3
1 802 358 1623
1 913 232 1901
2 831 2
1 641 547 271
1 273 462 248
2 42 3
1 385 401 817
2 764 1
2 145 1
1 210 169 360
2 726 1
2 121 3
1 677 777 782
1 337 336 959
2 590 1
2 789 2
1 978 683 1921
1 906 705 1214
2 895 1
1 190 427 1949
1 458 868 399
1 336 134 246
1 83 625 662
2 591 1
1 26 231 311
1 989 41 1881
1 981 446 502
2 751 1
2 101 4
2 741 2
1 506 209 1306
1 165 979 1343
2 285 1
2 389 3
1 866 505 1726
1 865 701 1016
1 103 372 613
2 151 2
1 63 321 187
1 243 547 1837
1 783 857 1393
2 352 2
2 677 3
1 581 76 1630
2 643 1
1 526 407 1425
2 621 1
2 81 1
1 757 921 784
2 257 1
1 330 625 1331
2 319 3
1 921 857 365
1 379 601 67
1 408 334 1241
2 565 1
2 532 1
2 921 1
2 109 7
1 816 541 1847
1 729 231 835
2 286 1
1 939 47 906
1 981 1 1050
2 993 1
1 684 762 242
1 971 555 909
1 853 101 1248
1 401 847 1121
2 139 1
1 657 944 316
1 1 81 1013
2 310 1
2 866 2
2 397 2
1 615 978 1259
2 225 1
1 929 281 807
2 419 2
2 95 1
2 454 1
2 877 1
1 169 513 1601
2 113 1
2 519 2
1 923 153 1892
1 140 401 607
1 227 429 1466
2 609 1
2 985 1
1 379 618 240
1 881 417 1825
2 425 1
1 433 168 1697
1 189 869 925
1 547 885 823
1 676 369 445
2 601 2
2 601 1
2 288 2
1 19 451 1232
1 421 371 700
1 81 167 1033
1 317 107 1690
1 911 401 179
1 381 719 211
2 158 1
1 580 497 840
1 123 857 1393
2 309 1
2 326 1
1 953 67 724
1 961 223 277
1 549 307 1913
2 937 2
1 1 423 1713
1 92 471 401
2 979 1
2 241 1
2 725 3
1 976 557 1351
1 641 869 421
2 3 3
2 601 2
1 807 850 797
2 845 2
2 821 2
2 565 1
2 819 1
1 503 289 353
1 826 469 761
1 948 265 929
2 401 1
2 673 1
1 884 727 1990
1 742 726 1821
2 31 4
1 681 884 1945
2 929 1
1 557 525 219
2 841 1
1 781 465 11
1 969 49 613
1 403 569 373
2 683 2
1 925 449 958
1 761 625 1793
2 391 3
2 4 1
1 136 529 1627
2 1 10
1 457 913 1701
1 353 835 1843
2 515 1
2 76 4
2 805 1
1 863 471 1076
1 725 745 1055
1 325 646 439
2 898 1
2 890 1
2 485 4
2 885 2
2 481 2
2 244 5
2 832 1
2 478 1
1 957 929 1571
2 239 1
2 377 2
1 845 601 761
1 379 881 169
1 377 626 1022
2 611 2
2 281 2
2 961 1
2 817 1
2 401 1
2 49 3
2 583 1
1 689 142 1612
2 37 7
2 126 3
2 952 1
2 481 3
1 601 105 1946
2 691 2
1 79 801 1207
2 776 1
1 305 446 1633
2 801 1
1 137 504 1361
1 501 881 1408
2 349 2
2 257 1
1 401 451 506
1 993 606 901
1 253 829 616
1 191 296 43
1 430 341 42
2 835 1
1 137 427 1043
1 345 51 464
1 956 662 1325
2 493 3
1 792 465 1901
2 501 1
1 61 380 1864
1 846 385 61
1 869 326 1922
1 383 152 1688
1 849 916 1133
1 567 106 316
1 235 869 108
2 331 1
1 383 45 1728
2 89 4
2 315 1
2 273 1
2 316 3
2 905 2
1 472 411 1661
1 636 181 1835
1 47 349 1141
1 758 781 1364
1 439 321 1116
1 359 833 841
1 361 227 1501
1 161 17 753
2 701 1
2 725 1
2 156 2
2 881 1
1 79 115 66
1 545 237 253
1 502 545 641
1 832 921 949
1 229 289 780
1 621 671 760
1 426 83 1649
2 807 3
2 251 1
2 831 1
2 771 1
2 286 2
2 969 1
2 836 1
2 20 1
1 79 679 95
2 1 15
1 288 105 446
2 637 1
1 134 109 1177
2 258 3
2 761 2
1 531 210 613
1 991 529 121
1 223 89 293
1 457 574 1133
2 585 1
1 554 313 1661
2 373 3
1 707 733 513
1 521 675 317
1 93 561 1609
1 403 793 981
2 377 1
1 652 949 54
2 463 2
2 193 1
1 632 201 436
2 601 2
1 51 965 501
1 559 279 1401
1 51 707 365
1 739 331 687
2 286 1
2 942 1
2 51 2
1 296 197 1513
1 513 333 1865
2 961 1
2 471 1
1 902 331 1950
1 507 789 1585
2 782 1
1 570 479 1183
2 573 1
2 500 1
2 651 2
1 311 491 329
2 81 4
1 1 401 1521
2 213 3
2 971 1
1 591 847 536
1 16 154 1009
1 472 828 1910
2 65 1
2 955 1
1 789 31 20
1 6 439 961
1 958 461 710
1 949 226 1499
1 939 938 801
2 485 4
1 313 545 1125
1 647 5 280
2 739 1
2 297 1
1 75 133 61
1 613 124 769
1 101 353 291
2 911 1
1 416 83 1823
1 701 992 1389
1 222 649 835
1 521 796 111
1 19 279 1538
2 553 2
1 841 554 1041
2 461 2
2 697 1
1 511 925 5
1 627 20 581
2 1 3
1 147 991 481
2 173 1
1 351 333 1499
1 440 501 458
2 25 5
1 669 37 454
2 565 2
