500
18506321 12 572 268
75718411 19 445 370
75721978 13642519 27924256 186
10246317 13 982 203
85701203 8394050 42080775 291
84478948 91756899 447 95
11946067 6 707 179
50175096 9 789 381
58093 65849579 61279696 186
11119222 18 162 435
21288551 3 64 165
4652437 10179013 921 107
46027652 7 80 279
30819488 11 150 428
14452396 42034545 56694644 401
86298394 20474615 61717145 188
6210187 4 376 107
49372828 5 371 165
92645954 16 229 113
38585009 1 810 320
93951826 15 188 58
66714751 17 541 99
1885347 15945337 980 359
5428508 35021327 16065872 444
38812480 14013407 6579391 186
85103429 3 989 99
72523843 16 262 160
9591488 70397759 1212425 115
61443 0 312 384
48555068 10 991 17
48235428 17503450 11 290
86529616 53469230 96508832 417
97439385 0 519 441
55178534 40848311 124 124
66491064 28325945 36187909 489
96061930 11 9 1
5336541 38843157 24225169 277
39821995 783048 401 132
48089752 48895043 86557684 370
31265739 65794648 957 222
43525147 49558441 7242738 279
28526325 96889182 36215551 395
16643956 45447193 3458121 51
8002300 17 202 179
68100131 8 47 376
53949753 17 215 486
73104203 48305547 65888089 464
30670803 35201960 360 434
68144930 15 415 171
36204905 9 845 425
55232188 13 354 143
60101784 18177791 56964288 458
6238969 1 690 193
5517299 63051452 23643823 137
55832485 93036567 82797823 495
75965234 44114844 71074378 65
12799583 16449104 811 358
9093426 54295823 25765321 322
14314155 10 501 62
58320899 16 434 373
90511494 72467189 92489327 303
23612193 1527787 47144485 93
69472966 23165410 71 472
66836575 74695908 50888365 242
81263107 47133547 50165869 58
89723503 73520609 247 271
6056708 15437689 599 457
90415098 52041987 20000385 210
50509465 43240872 739 58
15887449 25267874 40605346 427
45481540 79339907 67211372 436
73181820 58672642 6690067 192
22322179 14 226 333
67889782 25934715 10763893 230
54046651 5 708 480
39658276 66977619 98650778 41
50889136 84919881 637 455
26119105 4725271 866 474
89510051 1 824 36
73501633 18829912 17899673 194
23344978 18 726 170
19992846 7 842 337
84424024 23699427 58344864 178
30178522 7 111 190
47084715 22580350 25219481 370
95341070 55867783 59651254 500
24363200 24184584 71291126 62
29864891 8 119 282
93147786 12 66 394
68843152 23985441 454 104
85507240 9 154 343
56358778 14659894 40775719 152
71105791 14814689 92475400 216
1400226 86926113 956 86
90155157 8 721 317
62047955 8 961 173
70492214 98643209 5356771 86
60148093 5 368 429
86160619 2 28 277
28506855 11 644 462
62205061 66118967 70992258 4
71334013 15 57 390
18705706 12 681 175
95005371 10 382 451
5829166 45607231 58423688 325
18638986 70199644 736 236
29030955 84584024 57639040 300
16098442 13331937 77999737 210
80844828 9139686 205 177
18117947 6371430 101 325
34046073 20 807 147
50587535 99981653 352 346
59952945 77905142 69334926 275
49835698 20 11 437
41691911 3 104 16
30767612 48443665 13707525 483
30950118 93496447 93452633 129
66934235 12008519 33728454 301
54897271 61943923 256 355
44952976 84702463 26219081 233
24740325 35746745 121 342
58699840 83806357 358 444
45337644 10 225 474
38467339 20 358 51
27452205 20 732 127
7497490 0 926 226
23487677 7021716 83 362
13708538 46222642 87751159 416
62339828 12 579 58
52314913 23146910 71581250 250
81239509 6 922 125
21372006 36766399 337 476
68061276 13 775 340
59091497 63861147 286 313
41256452 35698449 4147860 334
36036993 72747710 81 162
60746217 90371187 48155860 456
26986273 50890177 46114628 67
89911291 59826133 98332676 49
50281500 6 92 32
71497632 51150804 65782683 277
26091607 17403190 47959244 250
78817836 20 91 329
2294468 89299820 648 364
12293672 21382327 75268085 108
92159293 59415045 64611318 163
72107055 0 233 130
66950457 70007300 63842831 90
9146975 6 220 195
94604018 44012855 51836465 285
35061455 6712179 419 433
87785425 20 448 161
38297677 54860062 493 137
21018260 51152444 143 143
17811947 3 761 31
33265516 19 719 402
62899187 1 600 379
13130449 12678515 69097833 484
20681508 80593115 671 109
13861983 17 168 15
36307167 69180330 5826905 304
60179049 9 582 232
98895333 61327821 91658713 475
46074784 41421666 654 473
69887623 18 516 181
5930764 90031082 313 9
63760259 49704792 512 326
4765411 14 35 455
1110051 8404903 83451405 487
25976702 44819507 381 209
8624186 20 292 275
49766058 83760370 207 253
58022946 1 921 115
6440966 54100370 56709898 93
14291988 7 356 215
53485229 20 814 169
17728739 15 363 102
83999071 25016865 290 216
28210025 2966190 541 233
35417263 92514180 737 89
74992003 19 582 316
4016385 24616431 20 478
82475931 64004927 65351014 264
21819925 45345734 67 163
4762679 98470274 55275455 298
13018828 73494045 88619229 98
73146882 20 342 193
7514243 4 975 110
43456939 0 406 442
40647553 17900270 916 148
57920559 89063976 551 170
75066827 3 694 293
67913332 13 45 422
48052301 69641507 63109 34
97742768 35756940 54986222 299
52773948 80531854 31180299 267
35187959 25427958 792 172
80141503 75349799 70542439 2
21470552 1 70 251
48687686 10 706 141
99075543 13997201 835 79
23874564 76428862 80266214 229
33674062 11021795 80851018 250
6528070 16405145 154 459
95310686 81066821 40519160 7
51022759 4 876 325
55142099 4 700 78
89942411 59836826 41423278 117
94786965 13 994 246
80338698 80389543 30 250
36913355 46365211 71579059 293
99564104 14 418 189
63268365 6 86 488
79492035 56963961 47343473 203
88048817 0 585 207
20526065 37324648 51755690 492
23386326 10 839 463
36421036 52985910 48998468 269
51083226 13 723 349
12385020 97509059 273 223
66329106 2 865 178
34373436 4 334 135
66399522 1 347 12
57283008 14113454 92209075 264
60339075 16 640 304
16493311 1 764 186
21256221 18 909 325
11012215 13953504 51007727 115
55926925 3514461 14236840 220
36059812 79605807 48593082 87
29112986 16 515 75
64756394 16065002 19382485 228
66535299 3 646 484
61891290 7159503 87992211 233
55479769 13 817 144
98505149 20 973 468
1367672 15224462 22077332 89
61764127 60938230 270 156
21077813 16 479 385
81248067 71244978 226 332
99027875 22346383 596 125
78710917 20653877 274 379
13955436 7 493 90
58937607 20 490 136
84572433 4 698 38
85807774 11153124 327 448
90516304 12 473 27
53087275 22527433 644 58
3897201 0 918 197
42966236 8324903 73882963 44
81954512 2129605 32387566 154
5366373 69364895 86812689 406
77430859 3609411 718 396
83676039 9 157 252
89065505 16 413 281
13251041 6 643 489
28883939 4 417 453
62985243 11 713 230
99553689 49365332 27 52
93484712 5311237 48329963 202
82177944 0 163 142
86942972 31485251 19744741 19
41588150 77711983 505 355
89855969 10 459 211
85341973 3997857 9 494
46911314 72033013 844 48
6309511 7 752 202
43700631 78404186 22911335 245
19076868 16768703 53 309
89070918 33570244 44246109 51
28160682 78276065 549 478
19485165 7 936 4
26032495 39477917 29890051 465
6584751 12 701 129
47225540 16927339 67277909 146
88433551 95102988 284 286
21313369 60811946 14456659 470
20084650 49406813 62522874 436
27477884 46734628 3521889 67
17310291 12 603 157
69000478 9862706 933 369
58652644 94429660 80137034 214
65045702 13 938 289
51360907 13 168 266
53704893 51638283 61644761 18
11680799 8 284 173
40104305 9 907 73
85933904 0 292 285
76014722 88148719 78606673 218
92742158 16976136 342 100
3393084 58210015 62272416 418
42501392 14975859 889 110
87195297 53067565 82064098 11
53852475 17 11 279
72751432 93220808 96911739 362
36629728 1901018 43469554 189
19908809 8 823 327
68080407 25483591 67476685 17
5327604 61535007 975 261
61366507 48697632 34726262 103
20794523 19591965 14764893 156
59534551 7 674 435
84110426 4 242 306
53677981 49894603 101 317
25901063 81804810 822 91
12064973 19 389 178
20646991 3465969 13303058 274
77412906 7 932 426
86346217 57194734 638 282
61193546 92090831 23021649 219
59603131 55521268 65 270
26682277 83966492 48387916 453
69236640 14 698 221
8801804 25317014 34908666 204
75376107 91159537 16117739 177
22749259 9 277 394
78476317 20245440 469 214
64884770 0 361 405
50948019 19 208 16
88959072 59518030 538 263
92486422 54675799 64920164 361
84297913 2 649 241
47033973 45695129 74369672 67
54674320 45073346 68423422 320
85687432 47122057 59143841 10
97583054 4 252 243
6218270 39712086 43979885 178
63108365 84238903 40120994 374
15797823 1360542 55644941 299
75657369 14 110 400
62887275 7 402 436
6171001 0 863 16
55639521 92940756 84960429 4
17675418 14362139 87862023 258
11848474 5 886 174
5576409 40452803 509 149
36048662 37334092 503 491
80548182 8 465 378
18418495 3 2 284
61653387 50005382 28 195
18220150 16709502 558 176
28054576 52535290 58879090 64
51068099 81620828 10490206 225
61312559 4 598 81
37883997 18 786 209
94821147 74333968 92 115
39260276 8 524 485
12801706 32964308 91964276 214
92647670 6 624 227
50405170 7 927 196
48218612 14751623 430 197
67128871 69705898 66948244 70
14079161 68298602 93479156 438
64788794 52743244 40130459 433
80332861 40154489 356 223
91483349 17709438 5 76
37463301 72045430 99649310 452
92588056 12 526 148
27591105 10 880 314
69551427 74146467 704 287
17568298 56822129 4759815 384
40062561 6 413 500
49855096 58024159 448 443
36997689 36345849 96022953 306
25711761 44741709 13396925 492
3149119 11162872 92921435 75
17416957 15 59 289
6904564 8 847 384
41548447 20 170 147
68441205 6 186 485
2420484 56768362 515 38
11085579 94694482 93667442 469
4102876 17 315 46
62033836 77360171 522 81
14561960 13 418 452
44741400 6 135 185
56973373 7 146 182
2306388 63333349 34780718 200
63141576 9 118 351
43003656 81673059 237 94
12699353 777532 13 106
25609934 17 512 293
15689821 24036636 68397985 448
7956453 6 382 154
66516766 38370701 826199 2
46280987 20 134 68
15638656 4 102 115
97479755 63276810 224 303
85831771 9422699 812 169
58400183 8 878 269
92004807 8 436 138
82205810 16 593 390
71604626 22531476 27414215 147
89767861 41695191 90491132 479
11680189 20 352 152
6831142 12 231 282
51500989 25948039 36704035 182
2078236 16 34 478
42176251 7 457 120
28857976 77489127 13086346 104
23550919 1 707 229
36814917 53556486 66908348 462
55322528 17 62 72
61651390 33409033 768 493
28189556 41759475 2612607 142
65979527 33667255 91777680 250
65477836 3 267 364
51393671 1 389 360
64650389 5 58 52
32925470 7546302 23774340 69
46083442 5 43 264
15789339 87775418 97651092 487
61605400 2 763 307
19958336 17 436 257
1859217 41083213 214 144
37477641 56335085 83623457 129
95189259 5773701 31325955 294
36019170 3 419 265
93028043 10 16 186
38003459 10 152 458
8726733 7 447 54
97697093 20 123 386
69264473 19359147 95496914 435
63972315 16 217 184
81440124 6767427 62003108 416
72060080 4 98 365
45395143 42159148 42121459 243
1559857 0 381 49
47264811 20 195 479
98891850 15074133 181 271
58012529 92462446 122 184
96342847 77869557 556 393
87967965 17 747 126
19343744 95494230 520 98
93391439 58693597 57377680 60
11631694 9 738 450
11315493 41811298 3865003 114
11989674 43585955 847 492
32919061 83739450 976 188
80894405 20 255 120
2179754 77667460 695 489
77849132 7 137 43
80353138 77592706 25759038 83
24156263 1 996 397
59331186 64026831 13862397 500
56068400 48012510 570 143
20295655 78660445 36091342 474
61448895 53426474 14832017 88
22031744 7 464 146
89419361 79789952 34320479 254
7759284 4 929 155
75246975 17 263 124
33363979 53347271 58749671 82
25551681 20 934 364
24768947 8821261 461 33
1342334 15758591 353 416
46175692 5 166 7
65473641 60023103 289 219
40977073 6 116 382
50175764 6 403 38
57038811 83295870 88105364 318
56600530 2599617 70442800 396
73001226 16 364 437
85297762 5 919 231
74648578 2 362 387
30367747 59834880 4172167 36
10042936 11163347 490 406
6451995 2 812 372
97971940 16 641 467
82985644 48718430 651 180
83477278 40124801 74535680 409
27065894 45949999 55338371 203
14988985 20 122 156
2008593 81605194 148 134
99276671 18 288 202
98446683 14634616 879 446
85744899 18 12 464
3215544 12 865 273
59844846 12 575 197
70071938 11 514 340
80597395 9931227 55718012 189
65038834 44316019 466537 473
48208294 61186072 212 488
87598364 81765778 999 266
21384519 64929241 9054573 479
29734863 20335094 40201924 194
56551274 38034858 424 382
47174733 5 703 126
23889931 18266915 11532091 88
27333919 84032720 99998388 41
61931433 66635796 346 185
92759841 5 155 130
243679 9 86 294
26342758 10 606 81
99394898 17956264 463 131
44315008 30917484 493 109
5613157 10 264 143
52747558 16691467 199 265
94299680 89390794 47841317 105
66433399 17 136 135
