1000 1000
187 934 698 342 646 531 883 803 296 794 297 882 981 92 491 416 273 530 685 53 159 588 606 239 970 803 835 437 976 136 474 788 570 602 648 310 470 796 356 182 141 236 98 517 333 542 353 337 592 63 533 840 955 650 797 785 448 462 982 19 980 318 918 268 362 864 842 756 382 215 841 311 939 953 535 935 813 49 171 655 696 230 753 633 783 122 49 1 94 36 733 288 889 239 151 610 218 889 913 832 998 36 579 359 209 496 49 791 950 247 986 805 768 848 930 289 84 957 600 344 548 844 353 3 653 410 148 950 458 787 572 91 359 148 705 189 535 881 726 485 871 399 604 264 16 852 647 598 952 921 116 685 386 791 577 876 922 687 540 593 626 264 107 156 848 909 515 433 309 789 824 673 695 489 532 465 216 826 312 130 245 792 140 480 304 196 253 724 407 702 18 618 99 896 750 291 145 745 969 315 764 3 967 356 17 966 879 713 681 994 621 732 875 49 913 890 703 546 229 841 348 16 211 153 651 673 325 584 634 424 19 236 587 131 697 533 722 685 382 847 314 765 119 901 56 341 153 545 454 220 298 765 570 668 97 334 661 597 649 715 588 600 146 114 482 133 816 84 460 574 794 476 603 889 428 731 702 682 990 143 958 63 483 488 488 874 483 177 30 123 481 709 566 635 893 703 81 690 635 481 886 137 210 902 277 313 975 544 260 370 791 547 909 861 400 488 406 843 473 515 183 363 349 949 608 536 556 875 137 696 10 21 768 583 383 967 54 82 917 75 642 60 685 630 829 229 610 991 28 910 691 723 561 22 958 707 330 79 632 844 521 1 734 230 690 367 999 158 840 598 87 5 417 529 678 310 61 951 247 68 67 818 122 401 59 674 658 296 181 737 592 484 465 221 414 702 373 465 268 76 67 619 182 356 791 543 492 285 533 699 993 247 817 250 333 622 574 257 619 579 776 229 572 722 945 666 610 669 936 917 829 31 805 324 497 874 918 232 134 722 590 666 575 576 704 67 76 520 896 651 369 468 155 27 284 302 146 594 410 721 379 756 482 217 432 286 961 463 414 131 37 246 750 3 138 304 312 719 800 937 747 486 202 515 702 851 624 161 395 676 479 212 182 845 684 585 675 379 228 329 21 249 671 256 999 782 120 14 527 357 15 649 734 588 344 344 810 765 73 218 804 937 87 197 226 104 58 864 254 305 348 858 661 65 526 87 857 84 547 234 415 909 763 318 938 4 442 804 974 898 174 49 829 279 724 213 286 453 828 4 129 883 320 672 5 586 377 326 842 763 858 557 279 640 915 722 141 606 784 990 818 601 351 934 351 368 478 490 242 869 794 255 557 870 137 974 917 935 585 770 68 597 198 93 407 292 152 236 593 162 546 926 262 483 845 858 57 235 83 382 983 446 469 872 905 724 333 25 430 477 284 229 462 441 238 916 984 379 809 284 373 185 961 765 275 662 439 635 59 776 973 952 635 107 780 456 373 739 190 35 926 102 12 814 832 840 177 73 137 404 694 523 857 850 732 706 776 732 261 539 222 24 651 904 784 129 823 605 802 22 827 34 615 873 424 741 411 880 50 685 154 408 551 271 414 621 851 253 389 60 847 850 784 50 957 943 613 361 758 169 566 450 653 993 305 446 73 226 830 931 462 871 579 838 188 418 947 955 559 30 378 470 685 854 307 886 220 596 955 612 98 747 859 665 74 357 370 597 133 798 193 257 391 807 997 438 942 924 528 675 903 942 960 331 664 761 262 484 759 815 633 273 641 172 401 9 500 792 852 327 446 664 612 760 268 965 62 8 28 803 829 597 355 75 158 289 327 450 922 821 830 64 998 849 789 698 686 181 458 225 190 299 963 408 431 458 589 761 953 348 246 249 43 417 731 879 188 714 922 201 349 791 113 520 829 850 582 343 436 826 180 144 896 105 229 6 811 910 674 716 619 795 884 741 73 663 911 794 850 374 810 519 817 124 40 182 771 606 114 2 322 50 483 349 586 337 714 811 39 492 612 781 117 92 31 775 583 320 72 962 769 979 422 931 261 500 348 642 298 684 259 515 240 731 310 281 589 68 620 86 691 572 722 124 400 327 974 63 237 683 269 769 560 11 758 941 370 165 236 20 833 765 224 955 798 568 245 323 584 305 546 767 56 823 324 866 699 957 153 686 60 272 734 950 903 541 426 541 198 497 561 253 200 367 937 393 605 846 928 683 195 168 901 551 117 508 738 485 791 372 737 363 770 312 988 305 774 689 203 364
633 811
31 261
388 855
335 617
570 819
693 855
154 450
565 619
854 992
320 495
718 992
129 575
60 942
358 635
395 578
62 929
182 674
439 500
36 897
231 275
197 738
725 832
231 334
194 561
1 792
136 148
70 264
902 980
740 933
226 774
336 410
58 398
94 971
70 242
8 524
342 625
295 884
801 918
430 749
344 902
730 928
63 517
82 893
326 642
343 887
71 633
5 546
34 575
320 786
230 1000
56 890
423 638
22 608
257 544
90 657
435 546
753 937
237 565
109 249
889 963
324 650
66 597
733 889
260 938
494 658
1 267
130 147
85 236
488 628
66 621
155 585
156 908
253 255
374 669
508 662
211 216
411 537
555 729
92 264
444 693
51 251
253 850
238 449
938 963
22 889
781 861
261 751
102 640
400 638
431 609
230 529
712 803
375 909
82 999
145 866
62 623
8 701
338 534
285 391
86 837
541 855
217 831
171 625
122 168
505 624
82 828
940 954
9 311
19 141
565 870
167 909
396 666
112 558
552 789
181 854
548 897
79 920
754 859
485 893
379 408
866 917
183 837
72 920
98 784
119 611
114 284
72 548
513 755
658 897
838 932
418 804
208 523
446 700
319 672
176 591
737 844
83 485
658 874
486 920
141 150
36 74
354 961
268 624
29 280
557 928
131 933
61 391
132 268
296 423
697 953
94 537
197 245
325 655
354 654
98 923
796 914
271 873
512 771
201 327
559 669
70 885
699 987
98 166
251 681
200 583
344 478
366 927
337 671
618 897
140 510
683 755
63 295
59 904
244 873
227 745
28 398
946 966
770 791
104 315
42 71
52 815
91 260
470 479
688 990
272 702
367 454
455 513
353 729
389 909
580 629
235 463
559 875
545 707
237 689
326 889
857 920
474 605
15 848
92 401
233 596
586 653
351 489
721 847
58 154
329 346
568 963
542 912
137 965
54 246
181 634
170 552
504 823
511 991
682 802
31 842
356 365
383 403
87 112
377 626
245 895
468 971
380 585
99 584
594 674
51 783
72 800
348 602
27 817
276 540
430 572
254 759
241 269
638 740
115 911
79 719
390 849
84 110
28 216
565 816
87 152
898 923
662 916
506 674
486 820
224 705
206 978
346 909
165 991
296 304
161 904
577 699
187 339
421 601
464 558
299 614
666 755
418 580
414 514
857 911
476 523
731 737
545 616
595 970
154 518
183 187
603 871
127 230
142 614
439 873
580 629
230 570
351 662
295 450
75 250
460 718
56 681
117 341
225 853
334 825
283 454
4 534
222 527
533 718
484 569
196 762
305 587
461 950
214 556
32 336
51 827
89 573
844 869
729 908
751 846
783 948
12 141
562 820
131 572
729 741
333 839
304 882
451 502
489 851
595 704
328 448
240 901
569 1000
64 949
154 221
61 687
65 168
145 884
495 703
235 580
635 903
80 128
326 979
108 203
213 567
787 808
190 658
211 957
402 923
585 628
440 814
25 633
268 833
250 417
772 910
117 491
245 886
424 638
50 460
80 383
101 133
615 972
74 389
103 171
550 906
205 756
67 976
205 610
11 341
209 863
559 941
507 836
190 673
675 701
121 201
141 178
461 854
186 852
123 813
387 558
780 954
125 713
718 968
108 356
31 963
736 954
159 717
66 177
32 915
508 917
430 477
608 635
350 883
122 432
649 746
561 593
236 979
176 815
40 227
600 735
192 835
23 929
820 928
310 439
147 820
753 893
170 387
244 389
552 563
807 949
193 855
686 738
63 460
414 826
415 471
68 205
459 493
857 905
218 274
368 762
163 922
473 714
291 739
92 144
822 913
722 837
334 666
58 887
726 991
104 141
719 748
425 859
184 211
47 722
839 929
484 556
522 960
656 849
146 726
544 764
400 559
6 546
130 862
815 902
148 184
397 873
560 890
59 498
268 339
733 812
522 807
110 491
317 855
669 776
247 317
32 537
363 777
509 803
50 849
143 374
390 639
764 912
226 292
612 902
418 665
26 827
653 958
205 845
76 847
95 186
140 404
972 986
58 326
591 813
256 724
1 287
379 609
296 976
47 679
24 203
374 531
49 73
728 923
349 903
342 801
110 546
6 106
48 790
257 551
758 985
874 900
145 259
90 466
423 828
265 900
97 780
326 434
253 740
366 922
163 757
345 764
213 843
555 952
232 957
314 879
451 908
649 926
647 894
80 305
507 764
279 659
19 373
18 678
569 706
382 977
486 487
482 936
359 385
551 881
745 998
115 638
32 136
38 66
609 642
766 883
871 928
527 854
285 490
39 274
556 601
349 792
252 617
826 846
26 523
75 417
708 930
516 762
20 31
120 123
355 802
225 883
110 598
559 634
238 765
257 368
334 991
496 781
483 761
635 741
546 582
639 908
85 785
221 306
669 890
816 872
58 82
205 371
533 979
259 426
307 788
46 307
412 943
747 999
79 914
68 171
242 515
504 685
274 961
5 238
298 951
90 911
463 723
246 604
745 791
289 966
783 814
49 713
328 822
382 660
477 894
510 560
271 746
226 974
726 910
208 310
39 555
274 701
538 632
389 676
87 111
435 970
188 867
344 879
265 396
428 434
358 639
549 712
37 493
115 324
431 534
20 323
683 888
238 780
372 569
471 871
214 632
40 897
78 569
225 235
175 651
175 544
64 488
29 851
134 980
225 562
538 774
477 784
295 301
71 485
201 278
328 684
681 952
721 950
274 404
286 765
499 525
33 552
343 643
249 963
139 825
268 389
113 627
2 862
602 768
93 813
535 701
264 808
235 770
524 687
295 892
15 629
143 234
65 339
147 882
458 504
99 586
701 710
93 993
15 281
684 700
407 763
242 765
685 950
721 900
580 760
532 540
147 335
333 370
290 678
163 339
493 954
37 408
144 278
753 788
452 974
250 969
416 823
28 812
561 925
304 728
341 463
344 950
17 478
444 481
265 544
155 240
149 202
13 889
578 978
480 900
524 869
776 918
198 507
305 878
110 322
372 598
112 547
535 836
306 992
339 369
197 841
319 809
212 464
635 930
110 282
529 714
486 738
512 997
433 859
409 440
700 974
542 839
490 963
249 669
104 141
718 742
485 638
801 994
187 553
668 835
491 970
49 1000
785 931
1 405
395 732
48 607
350 694
837 843
257 272
30 533
861 929
594 885
197 910
358 415
145 284
231 234
305 627
689 889
29 372
59 65
901 994
461 978
124 435
234 923
645 762
310 858
74 430
163 341
488 635
285 864
606 898
386 694
566 574
628 822
136 883
32 582
622 938
60 978
33 217
66 334
215 692
559 865
529 704
172 521
252 898
452 534
139 317
588 756
309 791
184 312
250 909
439 697
96 883
82 871
97 283
333 411
902 935
163 446
208 265
611 639
661 946
519 884
321 639
23 157
758 770
536 755
504 791
345 738
293 539
121 783
278 358
546 965
420 559
316 607
107 401
182 335
18 212
156 957
80 128
664 851
248 512
540 607
550 675
533 579
470 660
384 533
167 533
326 404
125 790
269 728
271 476
365 577
33 791
746 875
482 964
504 513
104 830
331 679
331 577
502 573
655 680
404 585
194 889
4 976
243 510
855 940
365 778
119 679
647 899
645 697
101 735
686 991
548 785
593 886
243 934
314 614
254 543
587 702
243 741
308 648
132 505
602 766
54 518
154 954
143 360
853 874
45 144
419 832
245 568
478 922
769 982
342 380
220 405
36 611
272 740
177 258
245 963
189 526
26 715
219 992
223 893
45 302
21 720
215 237
7 185
931 942
372 415
12 316
365 863
90 508
723 885
7 842
426 806
145 773
514 939
332 366
206 745
92 265
54 270
447 511
72 816
383 476
571 936
653 797
520 751
150 998
51 647
102 927
262 965
36 681
36 741
567 904
611 650
27 398
152 345
336 580
52 710
538 923
26 247
342 963
367 829
77 187
350 576
307 993
204 509
746 965
129 251
75 872
161 578
115 453
484 854
535 604
28 245
278 682
560 594
676 804
53 81
304 525
206 787
608 721
222 568
228 898
734 790
670 969
102 493
511 568
512 690
788 882
645 758
789 901
306 358
21 172
197 298
186 815
362 894
845 928
380 687
445 852
238 955
120 127
118 334
833 999
61 680
461 951
665 963
372 421
790 864
137 561
159 760
300 831
175 869
236 467
142 414
39 174
488 983
9 294
60 482
178 219
437 787
686 811
556 656
136 942
401 552
61 279
241 368
231 301
270 680
284 602
359 400
316 355
976 1000
381 638
305 937
570 782
601 946
358 431
538 722
150 432
522 546
586 694
532 853
43 324
181 505
439 984
476 498
454 903
616 735
103 717
239 579
60 917
473 858
677 848
870 911
208 556
673 781
80 991
3 233
410 721
543 711
137 834
617 674
383 601
209 640
211 808
725 811
939 992
538 632
74 681
390 416
359 615
9 833
251 305
257 663
553 612
307 953
208 326
245 795
172 409
536 836
79 901
725 884
25 964
532 582
41 419
119 704
855 926
621 937
154 678
107 919
726 849
155 662
30 330
185 609
151 820
343 910
477 962
