1000
487 616 12236493
717 955 695819697
122 394 986943512
152 181 701937883
240 505 732928867
524 355 117930489
729 921 629010336
537 987 87316812
409 536 897969766
245 836 944587495
608 98 327806689
600 267 241126508
471 257 263515271
181 702 848531911
882 751 144919976
891 165 101899817
158 682 190748886
277 506 271233723
821 536 608497333
642 797 935972996
549 521 209577630
469 332 54063218
622 785 159263533
856 348 815616663
603 377 604070577
731 400 99285681
140 225 947065896
891 518 67223619
982 294 297394702
431 840 733314136
34 278 681113538
755 84 900849033
124 678 837802455
426 547 609856563
133 390 439573938
221 35 757462371
136 592 300121439
395 966 758736875
265 970 170231751
5 496 369477107
191 6 388776678
170 44 762764218
630 845 624086243
284 515 633445521
678 994 665773581
955 619 184025983
69 995 18146676
849 352 669674289
3 535 500939666
980 677 203033587
166 519 231678887
750 154 572964113
601 504 489908387
178 280 16321706
180 875 53204424
208 433 352739979
556 736 597397007
325 737 852261134
757 379 564912503
905 214 868037502
274 899 371162374
660 837 705606455
641 459 854963641
369 832 658926437
706 890 152122343
901 583 395791860
228 960 755545879
927 87 136874035
894 229 22876592
874 639 254102871
146 688 616929791
457 592 798959470
80 576 796384470
790 187 372130804
940 131 143932709
982 601 764570940
319 802 138214014
357 810 574804646
900 904 528194703
19 238 290008424
524 76 90027887
141 844 307816128
183 477 849621157
127 84 342508307
19 943 409406218
732 939 813454444
340 570 470819371
26 920 783675744
240 387 5576099
674 901 185318010
667 499 213597873
280 392 292844637
58 950 739857749
754 230 107210545
986 953 866646017
302 756 20800496
100 114 318832778
336 329 266102679
436 572 958623957
371 914 219318186
609 500 559602301
320 361 316589420
933 260 737588087
372 878 997880353
869 534 442231010
56 748 767675626
774 252 525851868
300 745 487783039
371 322 226582354
763 705 927532396
719 156 886424539
825 366 834160058
829 830 546284135
687 627 879558153
627 539 543314749
947 988 271669526
395 983 63556939
184 228 101205886
855 162 402826186
799 168 737748409
402 998 51724260
558 139 531164157
281 45 892731967
450 143 93027227
342 485 912234132
9 325 834003060
76 828 881903893
292 584 782939389
640 373 265737196
686 352 931564414
172 448 173195480
316 938 435251527
394 824 342640698
315 755 663585920
744 79 810252577
456 985 998756421
796 936 907818342
709 39 941810622
58 429 772885964
699 640 650432370
780 464 233787442
440 300 842862508
1000 717 367106615
263 184 849161208
508 516 57231963
120 297 254902228
615 715 581280567
77 851 221234614
810 300 177976693
265 833 230838966
470 249 618978530
889 578 322778991
867 617 621625159
798 301 265849986
225 878 795452711
867 490 922212816
142 946 396974356
710 542 87628972
962 736 707279735
189 655 600289085
325 573 347872589
319 11 135839401
424 24 564498819
672 168 359410568
445 185 115278623
328 439 423384878
677 411 545722774
963 253 335762449
755 261 456872328
894 539 422304753
623 700 428310332
304 590 437000297
739 57 712607489
976 621 66319492
91 553 922787177
348 757 178648083
979 632 538454301
963 264 791659208
384 41 456180558
623 930 1319844
867 114 796089593
310 672 679647127
496 718 41282406
864 199 115230872
360 4 758440415
877 495 227891385
600 72 839636638
655 121 148178326
596 899 795758740
478 839 358198301
107 883 642591022
99 726 866555322
884 388 105888199
321 430 546813407
162 565 518317223
638 251 26973
488 215 951361574
127 778 722467819
597 809 686520208
723 176 7887101
217 389 997348220
818 212 787723312
503 816 308965725
160 49 205831019
560 86 973252760
397 124 933809437
250 635 350787612
714 235 521766918
364 939 233214554
819 329 228436899
591 741 662672029
88 65 933369804
581 770 49707641
303 574 136927284
610 701 854562855
948 61 549261698
502 953 755611104
50 109 414411809
100 636 71057907
204 624 44050883
664 176 965051768
43 915 40978501
657 474 982520663
372 602 148149560
497 690 496950877
870 182 365410250
266 345 108298445
66 159 86218842
651 727 737337696
163 574 97220694
41 807 962081258
180 321 661941051
164 31 924420246
437 973 39994555
656 586 831090956
548 28 15604853
335 231 648528283
347 413 158760975
218 35 752863270
498 301 188550092
363 63 116868555
861 997 319643851
367 895 428214972
746 853 175027937
905 155 423316859
680 451 514973418
94 414 962465993
55 254 141536139
659 626 916548950
135 506 712191105
286 222 867072059
951 131 569142445
977 414 305705342
960 486 17388595
46 842 562641549
611 153 210784092
903 36 141315551
64 536 835554443
484 618 439536978
403 443 401700727
342 376 876623096
762 64 131215538
156 201 663654989
687 439 223452933
804 514 614019201
332 765 753310930
789 758 979149840
47 836 585066558
191 795 946442580
886 97 216205339
209 510 871827093
146 716 508202971
803 812 658414221
451 650 601138675
45 528 994910578
169 594 879942751
586 491 685448861
513 69 697228563
152 74 769695616
943 904 296611288
612 572 193325530
546 781 975247654
290 43 863398366
786 530 625869391
568 450 164115593
567 112 990982994
285 507 517937744
163 687 563132338
481 561 729050416
995 746 151851264
930 912 533968478
759 749 737772626
273 21 429479776
951 129 847024220
872 541 296603257
494 519 222749104
957 467 897242236
558 344 233595216
831 204 346440115
482 219 629699840
794 247 404098651
412 674 196813280
274 763 736779509
216 957 316148679
272 300 717021018
324 323 421786768
246 689 589738962
961 40 64650947
928 56 952917893
104 826 793677548
743 248 725644657
111 926 973430896
398 542 228242818
75 347 957046556
462 876 586317584
831 609 351625002
318 735 419730431
981 458 909905768
36 654 632787798
398 167 35612807
605 740 54561680
469 384 944365185
257 514 441801923
603 116 909261308
792 190 389690112
638 385 321306179
965 937 736399120
52 979 567653994
649 237 314490223
206 1 101410708
225 543 317461637
179 586 787709743
525 268 464229078
956 446 181828268
688 859 123150519
112 482 684988650
191 410 224413421
806 786 596244850
387 911 568894191
433 694 884667031
164 882 631145090
531 652 453825219
130 52 270154920
588 276 678713165
96 383 118324752
377 633 546697687
206 468 19656768
51 364 618695147
85 892 588370150
374 714 228173540
162 874 715649773
565 621 165316041
613 35 793621885
430 814 797615609
856 822 795187487
901 925 136302598
520 916 30386000
744 823 741271469
559 493 407700757
650 417 231619612
211 101 284289526
453 288 662580412
817 692 191852060
157 267 9949443
15 702 81639407
589 202 799383145
368 178 166756367
697 388 227163979
9 712 35018051
746 5 186983760
90 641 795808270
777 372 191039360
404 14 895760163
325 463 413134167
174 522 429147940
710 597 50605647
706 787 218471793
43 675 503709495
704 920 598730147
29 78 169612496
194 209 59982729
638 461 692543965
396 369 397930148
567 944 885843658
304 125 497839450
608 50 918776760
865 196 918643797
260 51 329804153
453 612 868227118
997 630 575704059
841 501 71255236
652 476 693859431
625 607 919093395
170 520 975779255
106 313 403910212
805 583 522330202
733 183 139584020
20 685 40673363
862 784 994437871
775 604 104488810
226 628 359498817
677 501 573976446
454 314 810023813
271 715 407724485
135 37 350546703
3 336 621710356
380 893 344529649
57 84 559333297
436 740 240815637
629 867 689162834
584 724 883499463
567 30 231671160
483 861 783745847
775 365 353192090
268 720 192620810
362 989 453151212
196 661 939623746
333 906 449508153
808 508 114346701
959 490 673382716
824 830 54594429
288 442 279951502
730 740 999793128
477 730 438251025
562 946 637716289
305 972 692296692
642 402 89871606
809 19 882816431
71 137 367969790
140 95 146132111
74 323 908530987
306 418 909299744
529 437 725345124
871 951 572720913
214 407 124541116
986 636 777150150
580 671 875577933
843 92 929153425
691 873 949727999
937 935 625870623
223 591 396510888
400 987 874570168
165 61 642240780
460 117 184692684
449 113 544999492
85 424 432926668
649 596 209304385
338 317 285798425
353 901 520406914
291 981 252735082
60 580 759286208
704 940 286638470
531 245 769930367
952 332 36473561
653 454 987392753
153 886 279175246
444 445 762801819
159 863 199674445
778 1 488950577
646 208 812339716
358 571 211240136
312 279 284134639
207 620 375827646
419 708 512595753
132 481 58533588
490 682 158440102
273 921 767895980
641 33 357629487
155 932 88201074
632 885 910308691
340 24 625139132
125 769 909049279
527 788 369313684
210 29 453204724
895 226 784067238
404 673 667559965
974 294 144667582
775 327 239500366
929 971 146811900
691 1000 852256929
813 742 584472163
308 106 917196531
597 877 952988060
375 892 591559022
341 487 533391176
52 76 236887427
547 769 636848850
394 147 608986082
644 558 489929596
65 576 210468684
169 527 440824740
739 660 432832996
931 663 974201226
622 492 183159555
909 630 660221651
992 85 141820522
173 479 873085608
411 663 887044969
164 834 3665370
344 154 719560992
172 632 725825380
247 781 887494272
205 158 807004003
260 648 916317049
972 473 431028585
22 968 232408399
822 286 855076934
862 587 68966014
639 309 617032665
406 408 885361968
625 46 57223075
713 109 704680155
427 331 20733518
391 513 49635199
879 696 180648402
738 482 558368773
767 923 182376505
811 582 396298309
962 151 408117594
731 11 402073621
523 36 708641853
785 509 528781348
599 810 388171786
646 832 382723565
148 128 90937294
849 33 968088786
827 845 392023582
554 815 55995713
651 148 789756526
331 797 39536322
553 285 109094102
371 561 284122913
8 526 928467060
170 431 691026574
316 388 849385845
409 835 91086967
295 369 497266279
614 709 376478663
236 843 597960409
178 42 129567656
533 136 431220450
105 253 222613197
216 194 704546943
255 109 419843541
328 2 625780686
338 722 489485504
672 662 568175056
532 616 976927914
615 484 902982080
186 619 6654932
423 969 164458122
68 941 731584098
50 818 988863347
656 346 888859505
170 550 400019294
123 997 161102238
847 817 795775977
815 936 716554814
307 82 493831584
709 452 745168172
915 185 852721762
693 802 444689508
631 703 279705568
607 421 663345274
28 623 266499010
862 545 812216846
639 526 707871371
850 707 37945631
795 230 497563419
576 534 530243233
842 512 220702374
115 294 504946265
72 888 832462265
940 868 495352491
259 79 796647778
213 334 845378655
570 34 269299879
634 611 163597729
188 189 616877281
504 252 694330784
432 815 733483334
593 907 976397489
232 476 195434494
869 785 200652881
59 807 727806344
425 779 913266046
324 160 619652248
811 516 193244840
401 231 719476387
338 139 143320965
491 896 669345324
233 54 178671199
56 670 978843163
589 220 853940847
23 248 867180780
812 430 173716138
650 670 555137235
83 823 755522068
81 428 598025135
166 993 105937922
585 193 518421649
866 729 988980008
381 194 892309863
70 530 447848949
21 335 280212127
234 790 516289081
268 361 671992847
431 771 290903533
634 192 104676060
235 497 243191003
445 958 274650493
327 942 1208005
360 697 455134756
656 764 951462265
661 613 670360246
351 555 897384803
66 593 535673358
335 242 493260102
771 630 934923029
849 103 990918032
438 895 382407325
39 967 482506265
620 81 930493538
614 312 370367209
138 541 816347721
832 529 457643400
490 577 997516671
406 549 939299623
63 307 305295858
604 96 120605744
545 671 438168364
465 764 55389533
421 126 639970561
900 896 852290145
10 645 59507194
164 168 545258823
143 282 635314405
385 343 211822342
863 717 145766946
760 141 994141509
390 528 82380466
270 382 851663620
60 27 620807043
573 289 580714589
563 902 2680921
447 607 34392127
44 48 37173844
435 402 804295824
254 101 786572699
793 527 669078272
668 984 53098167
752 181 780324821
817 834 195223643
643 365 72646680
814 824 725525701
229 880 323299193
429 339 266911114
303 104 711172871
874 62 354881618
422 317 738474210
299 195 7310326
198 426 431122527
379 992 736142594
999 923 66638967
480 724 858357559
681 568 365534468
73 400 993550216
203 826 190472452
837 917 917228623
847 631 200476222
481 25 308966592
256 268 809086188
968 78 170940699
963 735 44822496
233 852 725502607
94 275 226696848
924 700 967418978
954 474 899184020
561 934 260865194
773 256 141883918
283 396 828093261
801 9 481641173
702 552 299476950
772 461 716060590
167 45 478056615
299 107 867795106
350 565 830730686
187 994 49117700
438 890 699479585
392 192 899761955
427 557 963346962
738 82 133007828
81 964 53133666
71 507 229277736
820 349 791161660
821 643 270713609
187 786 91607925
945 725 255820813
33 434 378191856
753 553 246643305
302 459 368875722
211 386 842937172
157 331 652142006
931 887 429433242
167 351 298338939
847 378 397206367
119 560 579784932
239 54 558462047
993 471 295774750
680 173 189843855
265 223 24313154
695 466 540443929
923 211 688177228
249 73 151126943
224 946 579663988
766 935 371208696
998 854 18890579
151 931 98051803
118 294 41883384
177 932 710091320
782 536 210129602
98 679 670983900
222 776 440891543
408 190 323196914
551 87 488724394
75 195 654421270
529 354 267951211
308 175 288372408
452 843 97149058
899 795 791872256
32 540 326500105
326 790 498347061
558 474 670900655
510 569 771022290
683 216 57835988
989 69 23169191
981 484 761204565
852 698 226579394
173 673 218853036
333 564 916212914
676 875 449856002
838 927 684316345
93 701 23119118
117 856 881173987
999 30 762088356
110 519 826762835
641 879 167270750
421 174 277235930
532 203 384205454
891 77 172519197
262 293 246280913
512 96 85689285
560 339 710536050
517 951 420238661
1000 132 46762062
897 548 539845596
232 878 846076763
243 245 312315817
921 722 867315053
633 318 303481927
359 777 450841702
549 161 215331445
334 846 170519106
922 653 431208480
726 392 753368617
416 967 310627975
115 461 790575629
910 546 759577697
902 642 550329096
953 949 327393509
685 640 439860705
519 864 584103783
119 116 980445774
880 554 538386242
751 103 182924978
458 723 993289356
742 467 833405247
108 265 666563078
18 239 716157387
669 500 422253798
552 89 825823392
770 885 315848589
958 764 972074575
156 695 24659743
415 330 124901326
743 991 146240251
749 600 41509458
581 838 675959035
128 833 11955924
309 762 364186368
343 291 937855660
938 841 59352021
473 813 39765509
466 133 815105838
825 759 101426100
725 248 392023301
283 990 600653928
941 669 275619497
796 483 37427136
973 800 811002809
584 753 457691000
134 409 372993083
876 570 661367283
553 403 13107826
465 848 989982597
979 665 375009911
960 713 381911882
658 322 479600459
16 405 759348339
802 917 398132411
413 464 562618102
647 14 337093134
149 373 61977122
854 380 571111071
564 754 715208264
964 507 27307168
306 66 132410080
589 198 27284400
140 727 653307678
200 433 97879966
343 588 465070512
263 4 440497313
582 939 711379535
182 107 78641841
145 783 304943135
881 215 852623530
714 204 830922914
791 419 514866644
694 688 130786368
213 49 760928403
571 657 874809196
18 79 693392730
105 595 638287197
101 244 219436375
310 38 126937049
237 88 746132379
929 14 180007979
598 925 985273666
913 146 620095179
99 468 761655876
250 302 681291808
538 868 778182762
731 113 755161056
197 367 501765901
475 559 241031531
865 752 590624516
900 493 129217017
637 950 596807444
975 527 749082763
737 585 733581513
612 858 207463847
282 813 105729524
363 466 487072974
716 502 4949991
756 914 320378204
455 568 725416103
136 270 228899501
769 669 721221113
138 241 499811322
124 188 77986874
918 780 422025971
860 132 446141322
514 478 430042510
793 440 588245449
56 548 992915166
666 322 460834024
35 147 945870062
41 758 208168383
521 978 556260240
67 541 464096150
308 355 764608421
728 594 522184275
231 499 71079692
488 711 155167238
151 142 621091152
198 919 453746435
145 375 408472992
516 197 934575801
24 747 993208087
757 546 123931091
370 7 792693957
522 457 423180846
453 798 696334367
40 532 476744105
579 597 109406078
684 768 204876395
535 520 696824517
357 485 907201861
916 578 750745489
17 510 733185989
760 504 13872182
575 303 87803090
266 401 861389515
505 940 249076665
457 684 194340373
668 587 62439112
422 293 304724346
359 947 581689899
356 217 858430549
918 314 615217174
625 407 575295091
227 756 157537157
906 967 949489429
492 767 103196319
236 988 294734359
872 591 652180040
215 150 559443902
464 659 643965750
456 41 913196498
511 820 978413135
816 467 99113015
494 610 560863748
356 826 833571707
513 248 297726535
341 105 464030790
724 205 175152782
720 287 451370638
82 258 709617481
706 239 529784712
70 654 192314641
94 965 664924087
311 172 736685135
61 472 454368364
804 12 213748684
723 144 778302336
190 249 480132286
7 624 696227118
779 803 350049345
23 296 755797677
911 270 76634771
825 415 710636942
418 517 257658024
349 819 827589067
376 425 945882979
169 108 404818392
486 120 332806855
681 213 871466504
441 734 185895454
639 996 6243224
212 978 284205375
37 985 109948056
611 587 756599236
801 998 792238392
963 898 34055198
973 506 192108213
405 645 25915256
489 446 830241058
734 733 242839566
544 829 777230848
336 983 872732799
415 664 610397575
678 412 87987324
761 588 207602431
657 640 543887919
399 16 466640094
861 298 349327688
4 956 5751494
420 879 370586297
455 540 836429118
136 13 376625302
766 22 790362220
515 327 536025308
924 631 19206093
393 66 673990329
149 224 673157499
222 414 964146924
361 77 160972633
935 566 94264817
318 246 320269940
975 857 741874640
399 182 908690256
266 720 254615829
770 839 317433713
350 22 621934829
823 497 298860717
278 419 207032500
102 676 403381821
791 510 286140880
171 343 20965374
36 337 521836167
928 606 79469676
851 926 228954659
647 966 307733316
61 721 9346769
207 545 736957103
423 846 223259355
89 150 974615382
952 494 788010993
53 441 348298580
805 252 460703120
560 948 241798554
337 442 691272950
13 269 653889365
648 626 156277524
175 296 724828554
341 850 542101346
734 43 837079417
645 193 637934086
908 222 454595410
330 76 378959427
666 747 341653937
557 612 901451985
180 911 517652
650 771 78255637
776 327 144604600
519 96 395406717
505 737 148106462
557 259 748812942
713 744 493907687
275 456 848972800
924 356 872142208
657 928 410024703
162 601 844924849
729 134 48296147
114 232 39127827
674 791 295506611
938 366 92809271
351 149 296447048
149 983 527283522
166 339 61946998
956 87 204666318
561 642 818866643
780 853 436848443
325 438 544413447
728 342 474319715
129 411 648142166
640 435 876534465
103 554 248721294
139 478 615522892
443 298 891307256
481 176 149297967
127 435 105349791
150 290 114641000
819 892 259862003
898 830 98533764
60 453 691113536
16 339 664633070
10 822 953365784
361 531 750520421
917 755 78880074
979 727 757164733
363 207 646399192
132 31 897395710
854 992 735343631
130 802 439191951
813 756 261211940
453 680 902794809
575 591 155786860
400 379 659993706
630 718 322988028
855 170 743278084
330 761 318192735
141 654 238148167
809 811 294336929
23 417 181078811
777 283 748145791
500 94 422589289
486 760 799719282
522 100 660814620
335 766 38665335
476 961 554892875
602 72 192468059
439 27 437032088
283 814 490265983
288 163 757773307
396 711 62470518
691 46 293761413
302 187 788013564
564 690 928945699
717 187 419902691
275 20 351003608
45 862 273125364
76 887 964374133
698 342 838135595
894 605 977811614
855 989 965009347
796 29 431534230
66 460 770796026
650 703 119053347
661 245 928604603
773 727 217228751
449 486 483624754
210 896 843328559
723 988 686892221
498 376 318367494
769 291 656008589
296 663 594038055
364 77 467078807
217 406 575204893
148 352 606452537
321 300 741543496
118 151 362811681
603 616 173536107
136 217 627899031
17 788 774895262
82 231 254506603
179 605 593280133
279 380 168596240
634 163 183989230
918 406 774484129
774 498 719097777
401 740 344092974
130 543 955046204
35 388 815865039
994 836 90076387
776 73 162125773
473 430 846414703
382 368 126863296
957 121 74667215
925 655 765706655
362 775 170148676
961 150 625912502
352 298 73411760
154 796 978023136
345 203 571539644
866 164 531667044
758 46 651815725
750 896 667554823
915 865 303594440
190 169 109988156
873 994 544317183
182 960 878831599
451 457 227473302
401 676 520750539
44 885 619275470
430 260 282029561
610 393 673817751
672 674 999265206
623 742 713556595
278 250 625621248
973 436 776491995
157 497 503306011
985 807 791317409
856 367 621032861
936 759 260113079
746 523 665156558
186 646 642942435
763 93 815319982
165 271 714730550
811 648 870380567
350 624 469819541
904 687 228478433
998 979 347291417
510 133 326389180
390 70 397442792
895 316 193664348
133 572 947216884
955 948 227109265
559 15 291702436
464 932 635070649
242 821 110220444
900 256 249508850
615 9 763723992
653 803 975194907
347 912 94496658
679 223 481745998
789 911 494206450
322 787 596980250
697 998 365881213
808 43 576147193
397 92 711127842
46 468 795994373
768 937 456653142
437 847 57338259
379 618 455711455
352 137 979982153
815 894 902251797
13 959 394406919
346 884 568244727
578 954 965184577
855 67 196496319
222 707 788752977
62 284 769395721
574 547 34781542
568 582 459460231
340 741 529418312
11 432 430269453
714 147 381517564
757 208 446629025
726 149 57944780
290 206 247258421
343 636 354589632
237 651 267517559
874 364 798611818
649 652 269978975
256 82 755140892
461 640 314198705
658 111 497974483
845 224 198393610
191 59 557774793
563 242 626307846
305 724 823311006
502 150 899326670
980 488 86792400
305 414 337238769
662 475 650858834
113 990 167615477
762 632 161087405
732 677 622158259
663 962 458914425
969 586 998254970
268 477 395332009
243 907 768695462
763 606 231268701
349 630 713227019
77 919 330800039
678 814 183025389
793 919 271382377
320 540 314431588
808 334 792632521
145 380 734455402
974 474 75333312
42 354 550532337
573 128 713203472
132 545 932960587
30 121 539083454
108 489 513555260
599 983 794962144
90 289 526611288
949 798 35196093
332 636 645344723
495 279 83176630
844 418 478847390
427 216 733138079
691 385 893542683
371 775 64788673
678 185 443089997
128 50 433025386
167 912 236932306
142 127 702017531
403 886 918384031
891 258 776329878
646 175 384174
360 312 723843242
765 850 698189463
754 853 275073459
104 14 405742438
337 702 42984650
193 310 724400690
945 332 532758895
210 560 626417015
662 629 808525455
779 979 536846087
566 258 65971794
89 9 975163837
225 51 763156296
454 129 278073058
266 678 320818131
726 307 27221127
731 637 410530190
214 71 826783418
566 99 7553678
166 636 131508539
619 274 120105711
643 589 475242488
61 491 601115015
195 870 496993427
721 483 264665335
582 973 704657163
161 876 325646251
294 943 94106713
976 101 91467162
818 671 454863716
933 287 282400668
429 70 548942275
682 289 599965076
651 758 237384777
96 978 378234447
188 613 688650315
243 792 971093342
65 639 403551177
175 171 509446269
217 829 632818606
441 835 535296951
642 897 124915546
947 617 196246154
377 137 491610349
227 129 870359316
88 623 875290770
33 407 854805948
565 389 594849211
106 722 569486831
474 709 508771226
338 292 267373461
1000 927 24619733
124 615 571024854
531 97 21403551
422 829 227381966
111 376 874407815
458 903 916987556
601 755 301291687
370 792 297045322
11 706 677829735
210 712 171850565
949 487 336408737
71 899 888361635
743 843 650299336
19 189 824827693
36 22 342531990
864 796 816450105
28 85 979306590
173 989 566617908
710 746 548034268
561 988 159044774
264 791 608414221
213 15 698077807
490 747 463979148
538 381 536276423
498 764 650148018
715 722 77265136
586 827 524173558
914 843 354799707
893 805 465937616
530 649 977558623
831 520 764493225
536 59 553245733
27 424 482909517
37 367 136270318
289 957 186205690
202 239 82775694
930 122 533700244
177 28 383892095
184 820 298099582
441 572 253531015
624 506 738241273
306 363 364452178
567 241 457053140
604 319 183439335
313 18 841835951
219 833 152185713
155 946 996802129
620 935 29940705
929 471 765909348
530 864 738555583
123 56 534220008
80 780 134109511
196 523 465858287
271 45 950475024
401 286 630642504
826 319 849065722
110 849 83875234
425 515 38288313
677 228 276711976
212 662 290968336
552 114 271900828
749 662 139049464
330 601 146480337
929 372 114046102
8 381 304006111
442 513 629936311
92 420 550043768
375 683 528645135
848 824 11028075
833 273 983765516
40 67 696689223
326 808 560677409
392 878 944056710
269 616 572388744
206 923 783805689
138 595 560075473
322 916 653872330
265 903 280107883
903 851 648934047
464 199 686416034
58 87 857805578
187 19 93500190
176 360 366313428
452 342 395077438
14 1 808509435
403 12 627113377
459 773 292708330
762 823 982424293
257 272 638420853
680 926 477160039
463 826 238135856
529 878 825911794
454 243 393149701
919 673 431836144
94 202 299420708
504 807 995108878
266 261 981936547
869 937 580166050
569 735 633025589
978 258 665275261
997 542 383630088
516 957 221315214
335 470 554482023
492 597 242990720
920 414 573355389
580 765 943000037
131 521 200714127
468 518 617011389
519 507 831137246
318 929 720445562
631 124 698017207
996 127 405900005
247 701 99106115
603 643 397466509
580 801 753360285
2 558 908120181
906 165 556162794
972 603 817701603
938 465 980817323
433 936 691993665
883 781 8979298
508 404 774500864
280 148 257776195
908 664 180905547
324 963 30705895
438 964 649811016
294 156 939048390
806 103 572142532
374 534 571108153
876 402 92123733
693 825 594415629
5 189 880203879
525 522 339724878
620 412 168560306
745 409 422948334
254 558 57852495
345 31 391668373
36 795 221833934
798 287 651418372
147 701 139414925
167 756 821228946
971 196 836979922
780 888 28089865
861 788 72251749
205 743 442282137
353 966 256209996
643 485 84018609
285 55 138437849
288 532 367087414
816 533 73235419
1000 807 127769794
109 494 986350626
841 834 137817318
106 576 600621386
31 818 777727444
656 35 473106011
921 156 571847060
824 901 746209929
860 432 449389448
321 194 993745053
739 347 969037267
875 16 504751991
280 868 634240324
12 416 710072997
375 421 309018039
593 86 321868215
131 88 357019711
752 681 246462722
457 954 404977750
488 178 868634464
4 635 988985217
717 239 990724312
389 527 871058649
459 981 574581164
425 125 448160702
195 456 285637775
670 674 550825546
139 267 677016387
625 803 415550610
988 883 299597850
472 779 316593577
879 374 533792270
287 119 709204351
958 378 89971905
671 277 262843722
804 984 77547984
782 768 307499520
30 556 820495516
984 535 266976201
858 614 273130473
652 514 904931492
827 322 346800127
7 699 416475512
664 153 690594826
526 10 720100751
569 311 891877666
734 374 940128175
760 666 181879688
221 183 281378035
9 914 800970024
747 820 702470594
189 193 390734176
583 770 755976638
785 40 576556646
443 225 247450756
621 52 498541418
679 387 801764553
53 462 393926597
78 822 762804477
411 159 696781169
419 11 959079662
986 966 450974919
571 952 84111605
576 465 3083908
873 734 276866472
934 43 86125313
812 177 491167039
244 493 182164303
501 471 333044546
95 486 44298756
580 218 246740271
482 214 261061166
953 763 508259327
371 294 606367747
688 164 862645174
151 389 762424233
126 249 140417811
903 965 335002048
272 801 839942758
511 757 452015065
830 226 109674310
369 466 398434233
135 913 500414139
902 318 817115202
273 178 567579312
38 608 583965830
203 928 448869332
34 623 845274933
422 939 41503381
667 939 116744990
263 940 406330352
571 311 631107040
499 420 148590863
592 628 913069918
72 65 835234748
856 655 292488472
707 585 886795735
62 417 408424975
857 157 263347330
867 770 732269274
561 684 280508297
226 696 943710622
526 455 683318914
55 763 837499064
696 110 400858673
632 584 361792629
617 324 499265627
48 667 789826409
825 593 568043143
523 559 743503564
13 669 528615608
136 562 857949780
552 379 979762219
860 344 134843438
439 482 37039280
430 315 50729657
915 172 675367059
118 543 515791462
195 778 914349777
554 139 299543084
624 173 20068808
441 276 949642573
241 587 635234497
192 884 731816781
563 942 745021112
57 566 647754700
644 838 468104079
368 772 404599160
259 883 449628460
518 647 34988512
646 416 485096360
186 250 491644401
281 854 636657020
338 507 445968033
975 329 596942853
74 501 167583914
138 105 490655453
236 803 393762106
75 537 769251943
347 692 39611935
672 871 583824121
740 995 970073674
970 234 648186419
700 956 143810737
269 153 688939992
551 447 819187994
108 520 732402822
917 613 742697872
620 775 58509846
983 123 747009403
364 574 291110920
326 695 191629776
83 222 828456164
187 24 891927494
931 539 885952034
189 418 790669910
4 515 766703673
86 728 721878838
731 358 299853106
941 30 782680366
999 786 550855689
390 131 254827746
357 814 780478264
854 716 122008284
431 239 870678322
746 859 724133459
834 524 370989500
67 494 338349164
198 423 264225443
309 501 416073575
211 802 97566666
76 229 942540689
922 175 817534193
825 712 818000791
179 373 305500035
962 368 870958469
47 84 256458089
208 136 433203937
499 392 989917878
772 653 14047272
369 571 29316238
459 992 755789403
216 161 360538782
865 881 296956840
178 719 947105307
335 107 138351236
168 576 157753346
119 514 384172587
910 862 63690937
628 626 597012786
609 347 90015789
689 876 798485614
260 497 558882830
651 600 224501387
340 736 750978366
474 233 122991866
50 538 224002932
116 595 848425082
81 478 749835359
42 543 96635178
614 479 694249538
748 759 999565485
399 300 443858793
172 477 283038295
938 711 685269904
730 856 186360375
295 355 63426843
61 78 25724068
69 245 612724613
694 361 245274575
58 320 368946357
482 681 335117084
155 687 560742910
513 464 61598374
744 415 966798491
383 91 33652142
633 661 801063971
474 568 839347238
661 84 817048066
983 331 188502891
960 126 4579155
528 487 25370670
38 522 1121774
328 296 655266456
810 878 524089639
538 496 316506989
447 916 13828591
685 316 654367744
967 861 923363482
284 997 367055833
47 659 685727305
544 755 888552900
986 536 371312875
277 609 519889863
444 521 612645468
391 505 371180426
641 149 809434971
32 597 321913643
284 54 152736381
514 295 800575325
964 167 433522260
282 874 305821863
865 440 379875521
110 314 855331601
558 41 822069773
999 894 442972409
597 608 924054264
336 909 691625644
325 32 719912767
410 797 344775829
387 182 12479387
871 637 214272080
356 109 528718738
831 356 198475245
443 528 93950718
630 809 610027660
266 481 873979980
826 475 742843050
864 882 500103481
794 817 701793429
506 34 951152808
884 880 707932195
610 415 604544076
408 787 42386063
710 720 625945202
872 423 404108730
582 621 446428449
699 32 151033911
540 852 335962922
813 36 295819072
686 517 414939804
728 160 899490034
83 221 920829015
908 766 521126947
842 409 232876010
2 768 507597253
66 304 956512569
152 890 29060297
26 590 61215329
230 798 660160003
21 535 468938148
811 341 809857569
14 931 220229611
252 969 856143312
224 262 622045355
607 238 623786686
559 215 756640031
297 899 368971250
588 985 404066719
255 611 561845974
519 49 289851635
935 25 277100540
59 231 346350502
476 445 736548518
115 588 501802477
476 105 854549443
877 724 708588612
583 235 421790408
555 587 549516720
299 511 434286176
937 303 627418858
186 819 148898854
41 401 259116200
512 60 336832048
315 533 71343699
764 934 337163703
627 65 468698475
383 363 209750049
950 740 2758504
359 709 678785917
102 517 803253411
183 940 694325272
778 323 782460418
598 142 36823771
714 816 310753274
26 407 928349645
567 122 869511445
455 541 169935788
332 579 931645692
623 434 1192000
848 534 715674737
229 418 748425622
427 479 54009095
405 402 835737925
525 123 122443530
638 219 241093703
480 68 636772775
638 519 28465255
429 222 185141100
570 598 132680651
230 889 342983963
413 731 473688910
180 328 539001311
188 134 505049976
977 348 184466022
725 977 880816502
200 806 237108092
901 141 654916698
915 753 209297594
253 165 709563587
675 72 3452432
55 244 862495590
326 993 200153142
900 380 921968286
329 629 176030893
199 488 340553674
698 713 217389834
882 892 355228486
659 627 348856021
437 90 421747908
668 104 125092739
450 768 749189207
950 456 636871258
923 527 534199864
866 370 824633862
622 835 934337149
982 590 661766235
265 737 782741913
667 73 305748122
125 574 153529578
268 10 269206511
467 4 620026446
365 790 1791461
681 564 697201249
57 781 68433298
877 505 721484800
291 355 175415637
248 839 130749755
337 906 873157233
382 550 252662297
604 698 667001321
587 631 242816831
553 982 315044895
144 82 622761824
164 251 343565172
981 240 287844456
502 6 351448630
563 647 454391905
665 947 30012338
483 836 171328425
913 938 267952688
788 114 494410864
540 299 966664361
905 595 805172501
62 60 310162111
337 820 987018675
288 8 727129485
626 946 290294971
281 297 537414045
704 923 697285357
294 958 550636675
759 213 814346308
336 815 813533878
113 420 89514477
212 194 130780314
227 970 231833600
830 968 380465203
858 917 352045858
800 227 252271961
98 277 886821786
686 369 672240257
838 491 266022399
866 37 284637778
991 981 869735318
133 776 38910489
640 73 820393411
45 112 707569654
862 549 748003387
280 537 124137213
932 839 933039414
384 592 548773551
751 44 396753715
577 823 896430918
503 340 989245103
822 428 13710862
849 270 735773568
594 884 337150954
810 403 260892972
333 909 443725306
39 524 845753357
402 143 706437778
618 639 796989749
745 460 362533837
596 955 114444095
281 705 4330800
340 720 261162673
304 333 617396716
464 545 145783877
204 905 798230761
177 47 299748042
79 556 535501207
263 586 600966189
120 106 177433159
535 591 174146706
927 885 374183114
190 715 992771917
344 410 887874284
308 265 583639753
394 733 617475721
497 348 411091928
631 462 450369509
846 596 318637640
39 909 280488390
445 645 939655093
68 385 312385624
553 790 654525163
825 828 569952801
838 910 982811986
632 588 503188843
201 719 995668619
987 437 869041135
423 660 85937530
732 497 910626706
670 867 261117297
126 205 250503070
784 311 697897841
921 146 908633660
35 93 471137201
51 703 76345812
546 217 543780009
575 433 250887296
399 893 207208149
509 843 833578760
708 548 237678912
346 495 14393110
316 975 778473163
984 550 716623000
383 458 378533019
832 551 916430946
879 44 1375941
596 560 471758076
179 249 221163484
706 806 364686851
986 301 640039248
386 925 202468714
944 957 127705764
18 440 991383543
635 202 755527371
35 405 893297033
792 421 243792890
63 554 370161317
392 619 359433968
665 52 913035514
3 191 365338027
176 395 764204248
181 107 80083460
569 685 546574126
301 176 733180140
398 898 244833031
520 309 782186686
802 537 526688231
27 694 357779258
564 372 260468370
64 412 828185557
426 317 390363280
959 95 778780854
400 976 153185770
74 446 96883330
268 837 75244245
254 317 383585883
192 824 214009415
267 204 695949112
74 548 366441634
951 799 424306985
270 293 937139299
118 140 294233902
480 666 700963514
823 567 933752094
875 117 464465740
565 469 934698217
220 748 876152040
617 731 684518008
816 539 653574064
581 680 962385640
595 394 455316003
538 228 517669655
190 890 708920505
956 448 862341033
711 349 228691398
246 744 531624028
255 968 217600772
581 919 297545708
173 783 108430907
197 517 707480695
407 990 602746873
174 772 59380444
252 715 382384420
158 592 931700035
738 611 30945573
875 562 117066885
921 180 804276491
270 835 460538365
233 410 391871575
767 30 783775598
684 686 249770082
607 502 345986115
954 17 576032719
794 61 201183779
198 542 582726456
209 120 505031388
503 351 159212353
303 633 530770375
799 143 892366127
234 998 897201103
357 780 82569326
373 863 227935811
791 244 702926602
33 987 499670745
326 470 865530074
954 25 997411492
398 841 978295247
224 872 975620620
257 20 124174085
892 484 976871488
440 306 452331706
532 111 456346228
941 948 475327468
925 853 930066609
414 765 209840708
224 700 857419061
384 410 310031405
655 840 477555914
404 668 347234760
242 485 567330390
