1000
840 749 982269766
459 140 797996535
39 647 475732687
121 167 275327364
161 881 675939112
166 515 945852613
789 168 25615305
89 369 45868049
622 484 449970380
527 404 172025495
702 567 560255098
851 926 288014244
586 223 415326612
925 770 572790659
260 844 998443841
933 364 585805764
34 645 58237005
812 787 826798391
618 193 230886471
635 780 730047111
514 131 734624055
693 447 429177833
647 379 862212320
857 656 855956818
572 805 904053423
689 388 4755483
708 203 250508550
373 688 461857420
856 903 49781269
997 809 784222484
984 943 883926334
522 804 797435422
418 807 204538416
88 745 923368671
365 306 253798154
705 954 952604708
160 455 195111102
763 184 81773673
269 349 893698468
601 485 265486025
72 78 762085860
948 80 27706487
320 744 297401232
906 432 99553725
198 202 466359875
844 555 711654069
930 29 788346595
91 968 615300153
927 500 489598147
409 907 541200073
720 514 558241872
337 375 857769258
265 815 846331848
605 11 421903176
523 702 994900298
590 49 481163312
95 953 150287665
401 846 862234809
772 580 876322736
593 172 405584817
576 397 970532488
845 762 96250333
983 252 321698289
535 494 991315510
396 936 17697547
184 641 5186823
544 67 976611197
434 859 742023811
526 529 704813919
603 298 849386914
259 489 641103751
756 550 535686465
720 789 456177937
637 348 627033746
471 929 916081592
669 390 945305733
319 111 34154274
887 852 756841860
810 964 95552648
493 44 394484517
316 454 818842203
929 679 749303828
25 255 2103628
880 191 515702560
853 800 64929866
877 302 9226217
139 739 905338385
869 438 709909437
747 208 310454046
919 514 560014197
897 414 530166471
864 944 262656221
592 833 840194072
84 527 442879886
118 867 307809877
665 830 805066015
511 687 356685293
941 670 361760150
757 210 440566776
454 873 24819147
186 719 526083542
338 732 748935522
953 472 130897704
470 64 496257464
521 228 12041693
269 798 481185755
942 39 7896618
913 823 537501285
460 577 420662010
274 634 398799075
613 594 894409768
351 729 144914089
478 37 859232778
139 926 710989403
289 343 282000984
569 185 891090349
548 240 726902956
253 708 878460685
529 278 316408548
53 931 3439949
73 990 543456781
730 4 949088501
653 974 734507190
374 409 391450889
675 714 620513309
786 335 949349208
113 24 445588672
426 753 223645732
77 355 327014727
880 995 593146618
34 201 982595429
466 666 187650670
155 480 558462978
857 709 32100700
860 821 776494531
360 559 285425129
455 253 25672176
296 811 542761160
476 204 764287925
368 667 808482211
602 156 529130844
773 843 817312294
559 452 121435184
110 225 746802925
732 245 738925017
560 978 760909600
743 172 775370703
853 47 705374008
578 648 830363041
450 215 49125287
135 235 40722789
781 575 13316642
965 837 939623187
949 342 195639604
487 946 260212544
209 617 950753627
654 251 439096504
871 6 676618978
242 378 157600804
266 433 825292549
24 954 92965720
752 474 165503038
644 830 530211653
392 138 361968319
991 993 225805806
236 171 336181532
119 410 97569134
5 511 615765345
327 467 39077096
735 143 887375562
776 766 727821173
69 431 884363144
114 328 855331601
378 99 127543834
356 769 698491427
129 914 988510387
826 168 857309137
971 220 389963389
20 551 851477816
150 977 316912916
965 249 442800476
625 564 519125978
675 274 508001445
792 175 410813319
35 60 256305530
917 523 276654268
839 826 714426555
510 889 613496551
901 358 928742087
25 564 190763775
694 817 193947803
936 47 140840802
178 594 140594693
102 666 325272304
411 292 594987871
620 844 321324268
384 942 530554870
736 958 949364206
259 900 144742167
21 577 293410123
150 7 649031203
658 13 97671325
386 699 878306424
678 545 997686694
815 604 352976538
497 325 257881289
281 480 648385548
293 334 546833753
134 549 128742604
267 867 317866723
64 128 906734155
144 394 251028513
403 960 352053941
651 217 748764225
243 995 342913016
116 473 298600216
776 905 358870320
73 825 923573514
983 380 434470342
331 590 787931582
335 43 137125734
352 258 182542483
430 423 495827374
271 586 882241314
341 652 407757249
424 227 899162471
715 287 150936452
235 68 784543659
884 311 496820345
581 95 88166723
659 208 552589256
319 765 318119147
287 170 1207290
126 959 486338060
583 940 842818508
754 410 121939521
961 986 32164260
694 591 575924753
686 475 245070968
938 283 200568121
718 30 370978855
346 909 826963136
228 567 508027180
455 176 936685126
537 805 318528521
470 789 248383240
273 492 843413434
486 304 446438748
46 66 995343653
107 922 611040042
469 563 800919559
504 398 612391038
363 408 634003701
255 18 843883099
518 923 501443658
499 748 649519267
561 580 826728623
529 610 834034064
922 829 873531678
860 700 747228956
653 667 51226157
923 989 312887095
588 162 992557102
130 10 226685294
549 390 532144040
158 720 446241903
671 643 932977748
331 276 154409115
554 749 588175782
970 736 745585552
129 698 618870723
107 269 677532451
944 870 366400044
212 192 734556776
590 367 601403619
652 347 924450093
399 175 284776777
447 616 447367227
527 685 726196438
918 822 973749453
355 226 659845797
655 248 77480366
445 940 600666309
87 819 932325565
633 76 217309083
879 916 552662608
5 42 342745169
78 332 339496528
40 895 150970115
343 151 58936138
20 690 478587839
877 368 893599623
803 974 597989318
326 740 42026006
570 152 964443240
583 229 727915673
764 962 638204681
775 597 196585904
860 340 255635483
849 370 244149856
137 385 684775564
832 786 296110292
316 1 493761087
200 868 106654640
478 840 966913417
796 384 961343995
481 956 782853280
420 758 113070985
199 26 650131286
607 86 124190844
796 608 172188486
265 855 343440541
799 533 396402991
750 788 875352112
28 122 147127099
876 471 416588923
481 369 381268297
244 112 883740502
75 335 257603228
50 416 112353834
98 816 437719347
900 238 413928725
240 80 918615287
409 361 710523882
252 692 960549042
736 575 339021467
227 498 987328459
328 739 923037472
582 497 470860832
721 241 193962390
90 37 491065602
970 672 103926468
226 708 714624712
894 337 764075903
157 474 978641525
996 501 27539632
249 141 171257977
138 979 476149210
382 530 685096678
751 512 561950761
777 186 952021165
179 504 328276194
428 807 914450791
412 985 566655864
690 110 579181975
13 568 253235397
754 419 123882490
624 439 563589705
950 657 471632865
543 3 235059118
854 250 288042983
295 787 527910201
345 785 952366955
699 340 22873714
918 352 143437109
482 63 326533547
35 133 477431702
275 869 310659127
764 211 618592112
741 427 604073130
599 341 239465404
412 552 69473242
375 521 780558599
730 460 25215420
96 281 846242419
106 488 255495619
262 624 548019395
807 871 19518071
538 969 414900994
424 952 551830334
27 629 698568058
808 764 209748765
334 24 225642825
205 247 648887306
951 549 41302832
81 492 178370642
805 780 905439488
723 703 206785292
766 115 215416895
120 571 422493039
377 474 340361682
327 219 392504375
927 379 631939257
482 422 966768615
680 841 797053783
518 517 629767989
503 718 787990088
348 168 415269561
439 194 882688980
234 919 759623877
263 501 628635893
547 52 380354038
349 629 766188205
935 814 366585060
890 507 353216439
385 735 598796896
631 510 198741383
587 811 247179866
638 312 561071643
122 717 404601138
801 254 587338136
801 474 317078506
432 381 279629285
557 466 90802228
308 528 866515409
891 928 760691036
558 791 856159866
617 856 849625332
559 686 414470919
123 468 328626952
195 656 866578380
628 406 793658123
350 971 260885683
772 927 744667513
910 459 591958853
709 46 511218453
681 881 825789231
763 899 466769390
913 297 834775358
251 617 29955279
236 213 335237624
154 855 956889490
431 828 49030147
963 473 464493006
544 98 196374033
924 3 363117614
516 121 4262671
711 403 512892888
10 496 359922969
98 773 72931807
854 951 750202494
71 274 421288567
544 310 495811948
372 588 667683733
315 144 409977085
271 898 25145440
759 830 840858582
780 649 984528801
721 291 618070810
103 93 212563657
41 795 194290556
607 150 952926355
102 232 313375942
538 696 261115336
69 206 852896096
68 981 131691156
847 680 941569371
761 694 881247245
998 21 254601563
663 152 497043826
601 270 805246622
601 779 732773309
301 608 931219864
535 532 776579224
202 365 953637358
317 177 48371668
787 875 416907955
700 323 672274251
794 155 493692676
415 791 254106947
509 937 53554464
163 123 538817834
903 671 54319308
63 591 541519512
345 279 978874621
520 53 455346986
968 126 387529928
21 70 388783271
359 906 415505517
463 534 744321301
295 483 282009233
429 177 906707545
465 558 851050077
137 885 926877508
597 97 385379611
405 750 649762676
357 664 255895403
6 592 395474571
5 648 487759624
306 348 704355640
315 816 836383265
501 623 552083916
507 430 152646737
148 441 462791809
61 205 297310369
870 583 635399731
218 509 805811740
636 536 649764591
267 370 266555691
173 597 568272601
233 792 12144303
644 970 389350045
338 868 402412821
712 717 79090223
311 296 796693150
950 965 110305719
646 845 319416342
540 511 556874097
329 505 542561115
644 838 499815830
519 659 80201679
445 59 722425160
799 748 679012801
853 41 861624290
402 928 542549066
366 920 99583936
412 443 224034326
294 781 896055423
652 874 860470271
399 166 723973366
847 660 111709174
529 774 222403511
133 595 943985615
61 248 238442653
733 118 426873509
136 325 1373023
33 218 850325184
921 292 178413447
673 992 940210139
377 167 584556173
66 378 559942961
726 562 386259486
215 137 79389083
485 860 822405110
417 506 289195361
999 636 498584919
318 86 227981922
712 614 964601513
256 566 193073000
879 568 74741860
266 892 351748674
364 673 841291379
710 351 960418475
537 246 979933408
391 704 633756830
706 729 537586969
369 221 756096777
626 221 656566502
849 934 54121785
491 486 56596270
310 850 737434594
851 997 545890026
102 180 695151630
784 533 347000811
615 713 351201401
847 662 796787636
443 453 419327822
488 862 654551395
836 421 736835102
125 247 475243540
177 917 852332890
2 925 266236817
276 313 540457719
430 193 499828803
767 326 29100114
824 532 645010126
195 605 469903182
976 42 474727495
791 848 525103297
502 367 542952690
661 981 207275267
823 770 226967280
692 176 974280820
975 16 930825631
608 734 73715948
908 681 354035334
397 648 890277607
206 324 935645048
829 738 532449739
790 472 590879054
998 746 249495131
664 427 262232854
240 912 791538049
746 489 519708113
972 79 745871632
888 286 287297590
833 442 415603289
322 124 683585160
942 621 654445171
892 650 378057864
731 220 769599186
878 972 156662902
458 762 319070693
812 674 987813494
913 722 102584245
436 940 596120370
904 721 396050101
753 893 125812663
268 343 795370038
437 692 72771723
755 248 528973954
752 699 135447026
213 797 873616404
38 117 486499041
197 643 807923455
9 708 143348030
911 594 243407471
117 192 84426593
555 354 677287976
29 407 534043983
581 147 88459045
275 627 552486053
728 731 316652535
537 312 87261654
59 892 158940843
528 846 405592442
355 373 693788083
713 661 34191354
996 27 29579487
118 197 855918299
984 873 404799136
652 464 717600988
104 422 44018716
756 556 803985056
885 93 574345519
473 769 258726460
933 932 899380667
196 225 464514920
23 255 879021150
85 596 440865727
798 103 367542744
479 28 282716569
207 802 147567021
701 635 511999005
469 169 393713263
161 147 319417863
232 272 577374472
649 400 226495471
958 33 512776099
855 446 497753251
414 426 967876840
508 833 20695800
291 678 161500261
584 365 694258047
758 264 21476842
366 565 338685056
486 909 956206094
499 406 488792345
753 793 344440481
677 614 28235459
379 987 52856879
469 230 928646590
775 162 175730647
339 894 397735683
405 363 778442929
640 441 166014670
360 693 497901157
906 771 761344727
163 105 151228670
174 411 760989373
231 61 795399854
6 44 84956469
424 754 737932787
760 632 914408418
272 800 860602991
12 615 264347055
19 725 276384996
537 244 675036623
917 165 551608520
82 457 135087565
1 623 549852267
791 741 740463932
827 814 940419087
522 435 519160768
531 426 728417595
382 357 988049504
999 54 523163347
778 433 612402946
59 957 654482373
688 802 845722235
600 153 17546167
683 296 844283405
977 116 537522084
852 515 135535609
972 129 665893474
95 185 340134015
229 633 916783851
596 111 158307961
566 414 637001768
8 398 965155335
545 854 833425029
120 74 809390571
461 876 277801717
287 602 703076659
896 58 121170234
992 72 72161100
178 453 31538535
731 562 856772224
768 863 946543076
82 361 796848076
140 311 699069981
292 606 664922662
448 243 41722594
843 391 253712722
539 598 723248020
79 961 945226703
358 182 7286409
619 611 924289927
644 224 664100393
84 463 747660559
828 65 553909703
490 993 800782040
684 135 733671850
237 333 866033361
172 510 427974210
902 116 530405484
208 910 976878566
56 568 187171919
994 115 479338429
449 495 87283796
585 589 378409181
170 459 882250939
321 822 54004812
256 690 479172348
751 914 194108820
321 1 115941744
492 707 565194182
550 177 379669799
145 472 646263307
322 32 584576741
283 828 402587302
581 100 842862584
971 591 625177304
468 216 412520326
499 117 120979932
282 182 978857872
413 345 403778246
536 764 774547692
966 769 147922785
993 866 227645302
195 991 517827992
154 878 497215250
626 737 675541931
896 620 871024362
513 541 302814406
657 227 17983581
629 50 870752468
268 920 667495211
546 179 676843293
407 959 967704776
53 262 177296752
109 785 326089297
462 189 381295280
144 319 897403314
524 247 400811651
264 101 61243256
560 739 295146219
984 420 795214693
481 945 979608358
506 127 327474444
665 60 681155061
574 757 492937241
245 705 461552827
557 83 764710590
608 901 501011228
51 344 842330509
803 831 472875930
742 503 528656283
153 351 208807042
376 238 661817118
389 55 491041567
695 180 601476028
819 25 286957635
178 724 872023260
895 422 84574315
978 689 303906113
639 627 297455268
126 735 866875287
565 299 16752963
57 339 486300047
15 995 477245247
651 94 295296909
861 274 433929294
96 58 751039668
214 477 952941892
551 142 559381406
663 115 165911722
90 939 376151742
223 303 451152219
87 276 645471816
908 526 279527741
261 112 405113248
687 655 159764885
279 277 857201437
746 960 222837799
290 772 985135786
619 615 605711615
51 159 228121471
524 716 443865253
31 728 795407065
336 46 14519777
660 192 418763165
573 858 480743227
380 865 271445023
92 17 27058211
190 126 978289363
240 48 808827012
265 305 156341570
579 899 373983310
221 55 561654285
353 187 682760268
973 221 65499632
497 925 699844541
495 174 899450525
219 458 90331716
477 989 686836141
579 658 153684868
307 148 334509195
181 946 756076684
250 353 627050342
542 142 33369367
815 962 668215257
622 163 663258913
483 249 230631162
330 241 721422432
571 806 364523931
630 561 673305317
284 332 414388255
899 824 525111501
225 788 131176729
243 94 714280734
535 949 150264884
642 355 924460572
82 740 121814237
81 465 972298164
173 432 729627388
490 435 947054850
300 395 986439632
32 331 110509061
75 105 368509728
637 818 298868329
797 16 964199255
880 668 597580265
534 926 343466739
106 709 237405641
642 632 115032658
272 476 443898504
809 676 820335917
28 814 429962090
766 112 248793509
876 645 915555924
91 204 696467987
909 584 12692524
119 362 450474931
886 580 482476981
488 654 179379507
388 840 439851232
921 740 964515718
722 52 485995910
812 74 31601277
1000 45 893613661
181 47 906147919
734 387 546488334
303 561 928104751
982 904 366724149
371 58 44285259
651 618 357523808
546 418 43105671
693 383 306527225
88 252 991152696
530 395 613616447
864 825 408449968
421 436 443317706
635 525 17050401
659 452 439872962
539 290 499846626
598 967 126271083
51 136 994974112
956 430 646425409
979 912 442275234
1000 148 711981913
179 842 361012417
360 36 827121058
596 919 699795244
804 609 152970978
921 108 70253387
565 820 443203494
195 691 724507189
792 717 354648524
196 743 842182776
517 314 973759990
639 491 759657615
393 11 449465314
132 519 612668134
725 607 565922741
506 382 37484657
988 125 929003543
810 270 232085367
676 833 650421632
732 380 80141383
314 461 993997955
869 718 724924550
967 309 923975262
80 599 381081332
464 662 369440821
934 768 835074429
425 990 925164907
402 113 83775071
310 293 701286600
90 783 617826891
257 586 908456972
136 716 812677309
238 294 920863235
985 782 801238855
947 138 974531997
188 811 273988322
670 813 848844765
879 374 7563268
199 299 500010482
288 297 737447017
778 11 527656112
71 78 781072590
631 744 3027973
60 14 423946919
222 987 561139365
330 133 882703187
359 670 669297862
888 618 246074559
782 802 271841998
149 570 549396034
368 594 421535488
258 401 306066260
443 164 75015842
166 372 469182129
926 980 192098023
390 610 458027522
400 329 741254900
576 827 510667498
832 626 511841504
748 277 8704248
994 697 42692815
3 658 868341766
267 586 932987317
111 882 942333428
239 335 299414796
96 726 565491894
146 478 643500119
553 727 919238613
710 725 780149494
541 994 87408453
874 858 932851981
189 771 492088664
504 565 549936888
22 367 483344033
966 189 579553108
723 174 536005920
617 883 517473581
468 460 185242380
932 333 247913025
693 429 623010590
990 285 21415670
969 777 231004787
667 955 102602602
521 201 256133272
585 365 300049014
619 777 156165289
727 879 744834283
183 399 688497752
915 944 499115751
440 259 796636304
970 682 843920583
742 992 517538969
719 989 440519623
194 104 965504302
68 456 53298838
76 603 989648720
362 753 997317536
762 496 628201371
392 999 418917991
451 982 195938211
612 410 254055343
545 444 534227695
191 324 916290530
130 206 909226321
985 872 198896786
254 834 448274591
502 298 759648866
387 810 763186338
574 26 375929353
564 280 501311556
127 121 246141720
329 949 480014997
260 413 402630597
835 415 909874265
441 939 495567359
62 873 393759612
236 631 356775954
188 297 662537967
16 307 687095497
723 262 46106118
600 81 707132534
169 248 761265793
74 280 979972222
181 289 827467429
541 861 328197255
528 79 26364530
145 302 183365850
111 859 671245596
92 194 959219059
542 957 109181728
143 45 718052483
889 256 838070141
42 667 905688221
451 443 91012402
447 581 464254065
731 93 561415848
278 920 449585174
594 564 91590341
116 814 896852108
412 632 916376077
823 199 648124949
846 356 66428375
621 893 531857523
817 12 112779247
54 806 236813258
898 404 943776310
994 901 467470393
834 406 448198850
761 966 280731232
133 188 978717719
744 334 460426399
955 693 955477969
538 98 640518907
989 497 843898177
537 903 145343810
508 986 482569894
170 61 688940502
902 703 87349914
969 71 233247039
545 116 952578769
362 131 572030467
169 630 621306939
341 701 291244121
148 947 453680201
808 338 754654290
575 392 876612083
936 430 551646911
167 34 81380225
35 23 282400168
629 720 148667613
206 689 523302720
366 929 363867798
789 476 160684755
716 700 252488625
466 639 224850456
272 299 560232165
904 861 167450615
419 374 896051035
247 546 887038310
639 725 593864233
420 140 101863262
809 875 293289229
947 930 383246147
682 259 118056501
869 309 657167392
546 330 452401168
871 974 692645176
892 258 29183312
179 592 225406519
622 670 411337304
721 137 568849264
758 339 697930770
191 525 304720
839 112 626327107
562 924 414962421
24 419 790097782
879 667 727295586
378 647 307524124
802 456 983833946
762 219 173353804
461 460 221253794
741 747 905887104
41 791 660173696
436 71 384045520
931 820 801510743
512 62 179831727
364 920 539397183
834 296 601876054
271 885 181293473
301 910 117187862
992 265 124644420
249 705 202627327
651 687 676786001
182 110 146469324
319 452 67978043
886 146 113073946
356 317 893727262
654 449 155363772
650 925 61280354
964 960 165928170
986 837 71554686
317 83 999717655
347 420 807257198
894 349 141864421
345 322 834642105
770 552 133241784
664 34 480197481
742 386 546436380
90 629 120008258
398 145 664913945
300 51 69890741
786 611 446522339
493 490 850977417
419 843 656032676
186 254 316954310
958 666 472560581
261 22 918666106
536 671 546410586
610 602 320106812
452 643 600013007
676 686 174326883
101 604 720817720
230 416 570699759
411 47 971896502
116 212 56836460
108 854 935904035
978 823 845219013
860 756 56354886
239 375 115293754
489 30 546300470
104 793 216289565
26 334 789465819
246 576 373631334
973 788 581385621
92 698 537326521
626 773 329497580
453 14 285776735
860 571 306616644
337 214 168324993
501 821 89150554
831 152 718458130
712 5 218487267
272 539 826792359
278 704 796516290
525 443 925373144
519 608 168052368
909 413 445082793
237 390 38400635
967 856 393967785
104 309 178322695
567 701 832145134
385 89 581518877
544 221 662045262
568 437 35393617
926 49 511854722
853 917 773618500
36 551 957595728
370 992 741794096
710 304 58035436
841 448 117927630
295 692 560619028
414 407 772038953
209 301 342795164
68 67 370331360
712 866 810378670
637 605 331765328
122 795 791553634
825 404 830960987
197 728 571588037
635 323 674418159
369 190 151941783
393 454 286936687
939 83 263704476
866 46 961667764
602 393 766035033
827 102 823680678
428 74 728792457
546 367 355895539
432 33 646493892
497 614 762509517
681 90 890712339
450 745 321293573
769 923 427731414
601 955 978680351
927 827 210989692
884 431 366432606
809 189 786199233
678 549 344988725
918 625 735251942
98 210 390475080
560 427 26823382
135 951 137686000
40 872 694334789
766 353 613057325
32 631 243466938
628 768 244176725
257 601 750670524
649 784 269039499
710 782 446400471
565 483 422247074
488 131 404355964
86 340 6619985
940 915 265618856
309 587 533978451
58 704 179193806
534 559 863936699
277 715 599222433
883 677 332403377
472 853 336899687
707 22 114335513
483 265 192616854
913 785 763795385
715 636 473435999
754 548 330391438
31 610 261840317
174 528 820215760
107 151 99309119
840 713 253426972
141 279 625352906
461 416 982420753
257 11 793036062
243 755 177822985
70 953 442672166
121 749 304282673
905 496 767088420
152 409 63622811
734 184 32640642
341 899 701025285
523 227 262605270
495 500 799285649
627 838 825443124
326 541 291146536
56 456 115838729
782 47 701466652
213 747 276558886
410 391 826695639
968 746 480030707
217 388 578303106
399 653 436530718
50 260 66737734
235 987 577171068
997 144 896490693
379 458 280987311
357 2 436773599
390 308 502617117
215 817 83186111
816 743 88913929
921 955 340365090
317 494 797696032
915 971 817902433
459 836 280497454
537 563 380941381
392 223 741713366
317 200 93040977
481 819 189032918
89 640 466962583
705 839 417419416
869 701 868642998
946 642 788748113
159 554 917678008
380 735 896883178
255 873 486553768
822 919 593412592
75 65 757014174
82 75 543911166
321 675 207900125
201 57 586253096
7 331 597025588
749 711 777784875
760 952 447239365
367 965 702796783
948 938 692205365
353 583 387399367
285 699 673067896
668 440 469758675
848 945 69840507
922 305 312662124
94 287 231054855
307 687 563825848
729 838 340490017
28 132 77164825
27 578 285328685
79 263 348752179
582 41 875029697
455 346 732877010
790 907 198364215
989 486 597145627
850 264 675987269
335 248 30915839
656 433 450814639
672 126 865329149
693 128 7096207
835 361 186823926
154 115 277182989
583 956 325619378
813 714 702907625
999 719 767107926
187 878 224617443
753 793 317914903
851 204 411872160
400 449 873781535
194 732 351528177
609 974 113951513
289 379 283031440
384 805 22197295
445 554 789935427
854 232 932318632
953 801 22907501
111 168 202793596
240 903 912198990
671 272 563421797
781 788 799253416
191 302 374361028
84 177 322507412
302 885 245854266
179 61 261978876
51 647 103552780
914 488 225692962
590 303 110568233
20 336 756358356
70 235 4603755
766 985 389080836
909 682 430022227
734 426 137587680
375 812 42805999
348 338 270614014
105 902 788743338
327 163 622560273
542 644 838243050
620 723 819490047
211 399 706208273
830 606 695072862
84 111 470228312
792 29 140455128
455 759 816242198
991 110 286117686
896 289 630466475
160 880 914063123
433 697 728869484
149 657 21449292
174 401 805967563
328 507 274479147
95 779 425550091
199 222 60042910
389 891 927610867
186 907 819781963
148 652 694705611
657 401 855975326
3 767 608256185
429 326 970355128
961 355 46783440
472 158 121043824
778 997 823095492
335 746 56844361
245 67 268630351
181 680 551097978
993 154 813261364
585 69 912941952
162 435 469299729
145 771 192634225
177 337 898070498
767 995 906668566
221 874 986970144
165 934 625617924
768 310 477318097
907 343 656192854
225 847 420157624
945 958 475745060
661 976 355607308
546 521 47706747
112 357 624645795
55 351 836684051
518 314 989587678
916 810 749077665
616 315 643216293
855 881 130335635
678 427 903028532
344 205 849855431
948 976 124806394
39 438 789593956
447 864 281567705
402 1 150257119
526 153 699243331
49 653 659348137
683 161 972370039
619 699 2388833
355 224 498042676
307 965 342548682
737 543 586182769
864 510 470211149
855 11 488414988
74 487 997873912
674 74 7093984
57 583 498251108
275 798 509945319
618 153 782270992
180 413 319702448
717 384 952782738
372 468 665040900
423 361 65668342
501 68 922791446
683 230 627190917
421 810 188648732
94 63 529601807
816 94 898822865
45 578 399894484
66 942 506196497
22 17 655506876
287 306 519174405
323 603 364061592
857 312 778150626
189 881 653378042
731 902 642761165
960 685 315073508
622 515 788453818
724 275 415202882
804 56 3260112
25 417 955943396
803 208 996147825
855 286 505263079
1000 241 55153248
244 677 721462577
445 837 762330106
92 739 320688106
365 758 126829559
73 735 922958747
841 299 470365173
78 874 352092831
243 101 33982084
109 65 924289793
763 60 500527184
403 740 288190844
680 591 297357874
167 263 85387573
890 282 365929167
129 771 758931414
914 597 486717135
242 287 228041427
46 269 289394944
609 347 240637639
493 665 530413103
568 634 966879080
19 587 542694722
119 416 893043991
321 314 737523919
459 164 2093453
481 446 83558727
545 848 154323771
512 268 383422139
760 745 366856669
461 627 56242638
394 486 321429598
699 610 657442743
922 166 758648150
470 932 326688281
282 366 140366320
49 326 771250380
514 157 908249296
946 654 268274954
478 662 593924974
588 484 225472063
770 617 467189723
983 511 142461249
325 714 231772557
466 716 362451963
127 324 717026444
655 228 900389493
927 626 606377634
150 389 980255118
332 165 299254612
318 915 250841973
190 169 4657300
469 673 454763137
120 878 722647425
859 280 206304948
832 354 456579334
550 495 949190515
598 621 628713431
391 100 319666414
134 64 288699652
216 171 524711442
292 935 552372769
807 580 538525139
284 134 340432050
713 811 267110686
48 338 371794284
21 37 768925028
1 832 369750212
397 870 484389549
976 297 493366834
559 330 384580840
750 896 918677253
547 411 942370350
749 273 415782803
12 896 102253120
215 208 352325586
513 72 997222581
426 984 158783223
650 798 439814705
204 519 4343078
727 802 703466473
117 1000 631499763
384 669 87215528
216 806 613865906
325 444 934830502
783 218 827065145
820 162 428457508
119 507 411226237
485 854 878292875
108 694 439942086
231 798 412677586
428 267 412345276
998 276 797987134
517 655 615027730
877 80 344227217
822 388 549648682
55 679 585211328
405 688 856238676
537 804 942276272
398 994 64861211
628 940 655061523
897 163 958594830
942 621 183321614
947 360 873808676
328 139 395187873
349 877 911906646
178 612 273991325
805 542 422951899
658 571 594355645
959 475 606895150
654 206 925880979
462 144 489662388
949 27 670565224
588 464 809813864
573 408 594477670
251 941 106835323
294 739 848996096
336 912 579497610
6 707 914592117
158 868 548200683
155 304 353238622
504 499 124129840
558 360 877818029
452 629 717202281
954 999 195474067
127 530 91063004
203 111 723318010
211 193 391547157
467 727 527292865
157 213 567794586
538 281 101492585
115 754 254812046
828 841 70338168
641 769 52992666
200 808 653069957
523 260 800944039
4 227 445296316
718 311 554093343
974 491 839396191
596 634 270842924
733 662 539063315
994 173 683037749
202 643 494039777
320 758 441139645
865 375 65444578
844 800 857897307
898 658 821661998
43 833 964016067
368 250 928459683
745 342 892056086
439 102 568027659
15 431 592863972
715 172 438992631
966 710 192439867
357 631 175572078
30 271 777386401
764 856 314562386
644 687 437903987
271 553 717994336
974 122 334650320
458 763 427254256
614 599 529029697
214 258 885319962
824 172 447628050
376 501 226179561
823 812 285155389
354 555 294491646
772 458 923562917
430 383 249234061
128 377 550201091
643 789 518008541
3 637 629158872
183 373 688189321
873 887 999587502
600 711 230116973
413 980 506398139
285 762 233036223
548 89 44425980
555 857 953164285
924 10 279004243
586 752 247849464
109 533 50738438
844 311 562241863
572 9 396341337
664 799 234580687
407 368 57320302
296 109 425177410
528 166 492201802
669 797 916526416
733 774 712604833
66 854 836413803
362 727 602955109
613 185 291001975
799 831 306494328
789 351 286423881
471 339 990500516
432 615 58712149
499 226 830769368
516 373 175178938
784 607 281789566
378 124 271309559
37 123 943173258
322 507 915011688
628 573 539951554
316 65 620153123
54 859 715600185
692 987 517876010
645 165 817083987
557 936 607437052
754 110 926373287
383 239 692921311
906 195 209937662
553 20 963903894
846 205 193184829
700 774 138369904
477 738 407115466
7 333 221402201
574 7 303450785
133 777 946858690
404 959 53661378
600 439 893143716
252 233 619324633
931 18 598253688
455 436 961873360
581 598 502356981
816 243 910754255
952 706 479350846
613 380 145967837
888 971 80926738
488 534 190535052
292 770 35871655
141 482 363784403
741 933 200914428
632 954 872826004
510 959 584556330
186 733 574230622
691 436 644979517
681 570 875354661
888 944 143535220
901 8 99082188
93 867 584234406
605 443 318062732
288 442 757025471
751 619 251875390
787 492 347856747
511 895 908057394
556 544 198253915
136 699 211967366
612 675 324703377
190 138 618754202
776 251 94551256
819 305 681470881
428 422 158517437
232 17 36060827
813 138 550463975
960 840 864143940
900 630 151376856
297 98 611891072
659 862 772270786
868 547 160867217
579 692 936411138
43 198 571326635
88 631 307168747
679 567 157057835
724 928 228707631
846 346 920619435
121 829 178465891
660 571 235892911
133 891 737266773
589 245 345236162
900 672 241467346
25 586 969185974
990 929 500529471
253 142 538428659
864 815 440420412
496 156 159010158
638 303 335263652
901 100 524636268
379 594 158790098
896 863 915874930
176 424 343387635
656 181 886189912
800 509 212450481
996 103 3249469
244 38 600128601
980 118 757537159
126 850 357026586
255 681 686007436
336 574 862797556
907 818 148986383
687 505 934658654
531 498 450680995
832 780 749714131
268 315 198521215
836 992 733308547
812 192 698595263
87 555 230206183
327 449 409585995
911 688 801018204
86 691 325178796
561 489 975670869
417 40 480267988
857 612 873468227
747 636 275421735
861 223 22314546
826 434 224588178
703 732 383758024
234 502 2934679
336 503 351491064
121 224 557542158
782 29 325571223
708 751 764305332
797 858 395198078
454 129 169589816
343 766 944523826
437 623 865801777
151 605 834431384
453 779 72995759
978 266 147898774
562 103 244833899
576 729 346122503
954 523 450534787
550 447 974941441
721 517 755547840
800 176 623671110
418 239 180215856
268 911 886079893
435 340 431432271
709 438 588492265
730 187 493081499
928 995 996228349
618 843 193500621
237 103 746542926
463 315 89539033
648 74 105939197
83 962 180084674
269 35 955954706
689 814 672412583
222 120 621765377
102 532 170651224
525 988 191600601
520 193 617933323
905 889 907696847
415 571 2291129
477 281 44860871
535 593 431560234
255 405 229430106
981 270 337663085
6 58 1430888
352 159 464546041
930 437 810829165
581 951 255530916
444 817 595510321
193 434 472453104
410 941 430341803
702 296 816984984
646 747 108646371
839 221 828047120
27 275 494958377
725 292 67784345
596 744 510884077
99 90 4079464
182 365 780953546
329 957 770608899
822 279 47196054
183 407 98810543
235 425 534449828
52 300 17607365
428 470 182851442
155 674 916169837
391 883 650017120
536 403 838063085
224 78 135765114
696 925 295793571
722 314 891278981
403 442 53531843
879 60 385795398
595 492 428922207
134 187 526614926
524 719 313585471
468 936 175638684
573 522 984238802
176 977 250996706
670 96 384752337
757 65 576808458
64 943 395327391
220 397 590102857
363 431 273873301
72 676 968331939
709 918 893307118
241 132 282328390
209 842 751753853
9 479 411181023
363 723 69877269
745 738 36172197
474 435 854368192
359 192 66622907
262 559 22135649
16 279 743904125
47 175 903066178
565 535 739817320
708 908 14494220
146 780 472517521
803 670 754955657
420 746 647485443
989 256 404878051
877 558 190214736
160 55 254689873
668 651 432466802
93 48 219104809
228 982 500423027
106 623 978018728
125 502 991226539
903 339 763362588
219 821 679912167
970 284 845662667
474 170 769186405
329 845 115188623
837 788 777034645
577 288 6676807
130 490 216290875
695 627 962479052
462 149 716694437
707 582 790510828
306 513 497920080
502 849 195721451
39 742 911536563
434 250 367731186
879 656 41668912
929 858 392457902
79 769 331209171
529 767 861882198
796 851 809138352
593 785 642158235
63 847 866830368
350 85 165559187
33 904 529709387
44 182 215111404
828 964 168906389
993 726 638557909
106 950 352601208
685 4 573566694
295 852 702752981
981 912 316181009
381 689 124198206
902 608 230472005
917 241 127314684
799 572 968050023
661 438 709346204
919 536 990343415
395 277 635267204
436 207 414748377
900 963 656360102
130 64 109222422
473 201 525558016
212 43 578526974
510 457 558902896
311 376 228878327
777 13 570455185
882 26 289268212
633 924 971530225
183 147 724221335
19 551 247273863
38 15 913001082
526 23 285931390
861 95 752653881
875 937 514690566
465 915 258514173
218 444 894069928
127 895 986064554
201 246 371241993
918 400 839667497
706 204 849567585
77 268 133514406
334 833 696121610
18 184 162721293
876 409 704636042
635 395 48442160
291 786 353952161
15 979 350687079
753 294 593466209
999 852 121084933
91 122 592319272
52 264 244792434
132 925 450822490
624 493 628063986
290 295 453688702
906 4 398227487
283 971 434607804
196 639 431474119
532 603 855538405
293 279 103387836
778 228 699086347
237 967 471875463
432 16 274166006
842 282 388682412
164 725 937675953
645 802 343606553
113 51 871546038
349 595 237678839
396 547 448666837
13 406 917075878
968 936 564935428
470 480 91756780
913 453 994915061
399 531 9380687
752 695 891835402
457 737 629872010
859 565 94390560
518 540 855537504
10 518 574368920
499 58 993798433
748 34 669563314
932 101 525959303
613 684 46678266
313 591 700244751
274 256 291607401
464 673 188757309
247 298 880695331
137 59 237937807
324 660 191428550
981 631 603220124
948 506 785866699
252 313 558667852
397 892 30782239
142 585 558057790
62 421 909577388
590 786 389708292
490 385 22132617
583 236 496838147
187 125 317605968
328 374 688867251
972 977 401911081
376 441 386487215
835 142 961387857
85 579 651023077
700 998 786285674
315 953 324344203
229 282 77480885
527 684 483849851
313 283 912095675
504 933 271806271
91 133 378846068
728 765 410618572
522 377 882972230
534 794 809732469
394 673 311659720
387 267 74754297
663 857 708904681
155 975 589771898
225 508 897293426
862 176 173501827
402 81 579123909
588 185 268482425
527 526 607140868
889 352 323079757
767 238 21918021
118 990 64696599
128 53 89523051
693 584 391875498
423 152 242680430
75 569 268394348
659 209 776218222
856 875 17551535
647 144 69961677
352 566 82867938
321 382 776285012
37 706 483578664
830 969 753387652
835 358 331999120
82 402 618390786
40 97 628913730
177 303 129720848
678 167 804043681
963 649 445705216
589 114 902713358
775 160 561143112
371 893 659937284
580 828 255084311
763 765 841401722
653 736 739899854
590 426 78089330
678 429 732325202
76 675 182052833
690 598 583990563
305 595 436806593
870 127 28960513
147 36 431474502
