24 29
11001111010111011111100111011
11111011111011011111011001010
11001011011010111111011111111
11011111011111111111101111101
11001011111111111111010111111
11111110111111111111111111111
11110111101110111111111111111
11111111111111101111011111111
11101011111110111111101011111
10111111011101111011111111011
01110011010111110110111110111
11101111110111111111111111111
10011111111111111100111111111
11111101011111111101011111111
11011111101101111101111111100
11111111101111111101111111101
11111111111111111111110111111
11110110101111101111101111111
11101111011110011111111111111
01111111111110111100101111001
11011111111111111111111100111
11111110111110011111111111111
11110111011111111100101101110
11111110111111111110111111110
