283 176
00001000000000001001000001001000000100001000100000000000100000001000010000101000000000001000000000101000000000110000000000000000000000000000000110100001100000001001010000101000
00000100100100100011101101000000000000010000111010010011000000000000000000000010000000000000010000001001000001100000000000010000100001100001100101000000010000000000011101000000
00100000000000001101000000000010010000000000000010010100010001100001000100100000001000000000100010000110001000000000010000000110010010000000000001000000010001101000000010110001
00001100010000000010000000000100000000000100000000100000000001111000000000001000010001000000111000000001000000001000000000000000010000010100000000000000000000000000010100000000
10000100000100000000000101010010011000000000000100000001000000000000000000000001000000000000000000000100000010000000001000000000000001000000110000010000000000000000000000100000
00000000000000001010000100001010000011101000000000000010001000000000000100010010001000110010101000000000101000001000101100100000000110000000000000000000010000100000000101000001
00011000000001000000000000001001100000000000000001000000100000001000100001110000000000100001000000000110000000000000011010000000000000000000000001010000000000000001010100000000
00000010000000001000000000000001000000110000010010000000010000010010110001000001000010000010000000001100001000000100000010001010010101000000000000010010000000000000000010000010
01101100000000000100000101001010101000000000001000101001001100000110000000000000000010000000000000000000100000000001001010010001000000000000010000000000010000000001001100000000
10000000000101000000000011011010001000110000010000000010100010000100000000001000001000000000000000001000000000000000000000100000001000010000001001001000010000111010001001000000
00010001000000000000000000010010001000100000000000000100000000001000000110100000000010000100010000000000000000000010001101001100001000000000001000110000001110001010000000101000
00000000000000001000011000000000010010100000010000100000000000010010001110000001001000000000000000001000000000110000010010000000000101000000000001000000100011000000000000001010
00001000010000000000000000000100010000001000110000000000000010010100000001000000000000000000000000000100000010000000000001001000001100000000000100000100010000000010000000001000
11000000101000001011010000000000000001000000000000000000000000000000010100100000000001100000001000000000010001000000001100000011000000010000000000001000000100000000000010000000
00000000000011110011000001100001000000101000000100000000100000000000010000000100000000101100000000000100100000110001000000000000000000000010000000001000010000000000001000000001
00010000000000100000001000010000010011000100000000000000011101000010000000000000000000010000001000100000000001010000101000100010010000000000000000010000000101000000000000000000
01101010110000000010000010011001001001000000000000010000010100110110001010100000000010110000000000000000000000111000000000000000000000000000000000010001000010000100000100100000
11000000000000000000000010000000000100000000000000001000100000000000001100001000100000000000000000000000100101110000010000011010000110000010000100000010000001010000000000000010
00000000000010001000001000000000110000101000101000010000110000011000100000110010100000000000000010000000000000000101000000100000000000101011001000000000111010000000000001000101
00001000000110001000101010000110000000000000000000001000100000000000000000000000100100000000100010000100000100000000100100000000000000100000000000000000010000100000000001000001
10000000000000001000000100010000000000010010000010010000010000111000010100100000100000000000000010111000000100110001000001000011000000001000000000000000100000100000000001000101
10100000010100010100000000010000011000010000000000000010000010010000000001000000000000000001000000000010000000000001100001010000100100010000000000000100001010010000000010010000
01000000000100010000000001000001000001000000010001110000000000100000010000011000100000000000000000000101101100001000000001100011001010000000000000000001000101010010100000010000
01000000000000100000000001001000000000000000010100000100000000000000100010000100000010000010001000000000000000000010000100000000100100000000000000000001001001101010010100100000
00001000010000000000000000000000000010000000000010000000001010011000010000001000000000000010000011001101000000010000001010110100010000000000000000000010000010000010000000000000
10000000101000000001001101000000000000000000000100000000000000000100000010010000001001000000000000000000101010100100100000000000000010001100000011000011000000000001000000000000
11000000011000100011010010000010100000100100010100000000000000000001100000001000011000000000000000000000000100010000010011000000001000000000001000010000010000111010000100000010
00001000010100000010100010000000000000110000000100001000000000000000000000001000001000000000000101000110000000000000000000011110000100010000000010000000000000010010000001000100
00000000101100001000101100011000100101000000100000001000000000001000001000000000010001000101000000000100000000000001010000000100000001100010000000000000100000100100000001000001
00000000000010000110001000000010100000001000000000100000000000010000010000100000110000000000000001100100100000000000000000001010000000000000000000000001001010010000100010110001
00001000001001000000000010000100001100100000011000000000001010001101101001000000000000001100100010001100000010000000000010000000000000000100000100110000100010000100000000000100
00100000001100010100000000000000000001011010110000010000000000001001000001000000001010000000000010000000000000000000000000000100001001000000100000000110000011100000010001001000
00100000000000000010100000000010010000110000010000000010010000000100001011000000100000000000000111000010000001100010000000000000000101000000110000000000000001000000001000000000
00000000000000100000001000000000100100000000000000001000010000000000000000001101001001010000010000000000000000000001000000001000000000000010011010000010000001100000000000000010
00000000000000000101000000000001000001000000100100001001100000001000100001011101101000000000000000010000000100000000000000001000000001000000000000000000000001000000001000110000
00000000000010000000000000000100000000001000010000000100000000000000001111001000000000000010001000000100000000000100000000000000001011001000111001101000100000000001011010010100
00100000000000000001101000001000000000000010010010110000010000001000000100000000000010011000000000000011000001000010001010010000010000000000010000000010000010010000000000010011
00000000010000010100001001101000000000000100000000000010000100001010110000010100000001011000000011010100010001000010010001001000000000000101000000001000010011000000011000000000
00010000000110001000000001010010000010000000000000000000000000000000000000001000000100100000000000010001000100100000110010000000011000000011000000100000000010010010001000000000
00000000000101001000000000000000000000000010010001000001001000000100000000010000000001000000000000110000010000000100000010001001000000100000000001001001000010000110001000001001
00000010000000000000000001100000011000001001000000000010000000001000000010000000010000100000100000000000100000011000000000000000100000000000000000000001000001000000000000000001
01000000101000000010001001001001100100000100100000000000010001010000100000000000001000000000001100010010001000000000000000110010000000000000000001000100000001011100000000000000
00001010000110100010100000000011000010001000010000000000000000001100001001000001000000000000000000000100000000010001000000100000001000000000000000010000101100000001001100001000
00000010000001100000000011000100000000001100000000000100000000101100110000001010000100101000010000000000000100000000000000001010000000001010100000000000010000000000000100001000
01100100001000000100000000000001000010010100100000000000000010001000000010100000001101010100000100000100000000100100010000000000100000000100010000100000000000100000010011000100
01000000000010000110000010000000001000011010111001000001000000000100000000001000010000000000000010101001000000010010010010100011001000000000010001000000010000001000000011100000
00000100001010000000000000001010110001000010000010001000000100000000000000010000000000000001000000000010100100000000010010000000001000001000001000000000011001001000110000001100
11000000110000000001000010100000000000000000010010000000000001000000010010010000100000001000000000100010001000001001010000000000001000010000111101100000000000000000001000011000
00000000000001110100000000010000010000100000010000000000000001100011010001001000000000000000000000000000010001000000000001000010000000101000100010000000010000001000000000000000
00010000000001001000000001001010000001001000000001010010000100010000000000001000000001100000101000000000000100000000000000000011000100010000000000000010000100001001000000010101
00000110000110000100010001000000010110000100000000000000111010010000000010000011000000000001000000100000000010000000010000100000000000110000001001001010001000010010000001000011
00010000000001000000000100000010100010000001100000100000100001000100001000000001000000100000000010000101000000101000000100001000000000010010010101000000000101010000001000000000
00000000000000000010000010010000100010000000011000000000000000100000001100001000010110000000001000000000000000100000000000000010000100001010100000000101110000000000100000000000
00000000000000000000010010000000000000001101001000000000000000010000000000000000010100000100000100000001000000001100000010001101000000000000000001000000101100000001000010001100
00000100100000100100010000010000000100000010000100001010000000100000000100100001000100000001000010000000000001101000000011010101000000101010100000000000000000000000000000001000
00010001111000010001000000000100000010010000010000000001001000110000000000000011000000000000000010000100000001101000001001011000100000001010001111011000000000000000000101000000
00010000100110001000000001100001000000000000010000000010000000000000000000101101000000000001010010000111110000000000001000000101000000000000100000100100000001000000100000000010
00000010010000000000001000001000001100000000011110000000000000010001000000000000000000111000000001000001000000001010000000010000000100000000000000100000010000000100000001000000
10001000001000000000001001000000000000000000001100000001001000001000001110000010000010000100100000111001000000010000000000001000011000010100011101100000000100100100000000000000
00000000010000000000000001011000000000100011100000000000001000000000011000010000000000000101100011000001000000001000000000000001000000000010001000100000000000010000000000010110
01010011000000001000000100010000111000000100010000000100100000000100111010000010001000000000000100100010000110001000001000000000000010011110110000100000001000100000000000100010
00010110100100000000001000000000001110001000000000000000100101001001011000010010011000100000001000000000111000000001000000000011000010010000100000100000001001001000000000001000
00000000000000010100000001000000000000000000100000000100000000000010011000001100000001001000000101001000000011000000000000101000000000001000000000000001010000010000000000010100
00000001000001000000000000000001010000000000000100110000000100110010000000000010100000011000000000000100001011001001010010000011000110011000000000100100100010001000000000001000
01000000010000100000000000000000000000010111000000100001100000100001000011010000001100000010000100001000001000101010010000000001000000000000100000010001000000000000011000000000
00100000000100100000000100001000110000000000000000000000000001011000000000001000000000000000001000011001100000100010110000000000001000000000001100010100000000000010000000000000
01000000100000110000000011000000001000000000010100000000000000011000101000100000000010001000100000000000000010010000000000000011000001010011000000000100000000000101011000000000
00000010100000000000000000100000000000010000010001001000000100000010100000000000000000001100000010000000010100010000010001000010000010000000000000000000000010001010000000000000
00100100001000000000000000000000000000000100101000010000001000000010010010010000000000001001000001000100011000001000100001000101100000010000000010000001000001000010000000001100
00000000000000000001010000000000100000000100000000101000000000000011010000000010000100000100000000000100000100000011010100100000100000000110001110000000001000001010000000100000
00100110000000000000010010001000000001000010000110000001010010001011011010001101000001000000000110000001001100100010010101000001001000000010001100010000100000000010000000000000
10001001000000000000000001100000001000100101000000110000000000100000000100100000000001000000100001011000000000011000100001000010010100000000000000001000000001000100010110010100
00000010110000000000101000000000000000000001011000101001000000000000000100000110000000000000000000110000000100010000000010010101000000000000000100001000100001100010100000000000
00000000001010000000000000010001010000000000011000000000000000000000100001010101010000010000000000100000000001001000000000011011100010000001110000011001001000000000001000001000
00001000000000000110000010000000000000010000110010001000000100001010101110000000100101000000000001000000000001001000010000000001100000000100100010001100001000001000000000000000
01000100000000000010001000110000001000010000000000011000000100000010000010000000000000000001000000000000010000100000000000000000001000000001010010000010010000000000000000010000
00000000100000000000100010010000001100000000000000000000100000000000101000000000000000001000001100001011000000100100010100000000000000000000011000000000000010001100010010100001
01010000001001000000100000000011000000000011000000000000010100100000001000100001000001000000010000000010000000000000000000000000001000000001110000000100000000001100100110001000
00000001001000100001000010000010000000000000001000000010110110000010000000100000000000000000001000010000000100000100010000000100001000010000000100000000001000000010000000100000
10100000000000000001000010000001010000000010000001010010000000001000000110000000001011000110000000000001011000010000000000000000000010000000000010100100000010000001000000000000
10000010001000000000001100000011000000010001001001000000000000000000000001100110001100110000000001000000000100100110010000000000100100000010000000010000000000101000000001000000
01010010010100010010000000000000011011000000101000000001000000000001000000011101011000010000100000101100000000001100010000000001100000001000000100010000000000000000000010100001
00010100000000010001000000010101000010000000001000000110100001000111100000000010000000000000000000000000000000000111001100000010010000000000100011000000001000001000000001000000
11000101000000000010000000000010000101000000001000000000001010000000000000010001110000000000000000000010000000000010000010001100000000001000000000000000001001001000000010000000
00000000100000011000110000000000100000000100100010001001000000010000010100011110001001000000000000000100100000001000000100000000000000000000000000000000001000001010000000101000
00000000000000101011000000000001001000100001010000010000000001000100000001000010011000000001000011000010000000001000101100000001000100000001000000010100000000000010010000000010
00100010100000100000000000000000001000000000000000010000000000000110000001100000000000010001000000000001100110001000000000000010100010111000100000001000010100001100000010000000
00000000110000000011001010010010000000000100000001000000000010010001000110000000000000000000001100000000110010010000000001000000000100010100000010110100000000000010100000110000
00001000100100000000000100000001100100000000100000001010000001000000100000000000100000010000000100100000001000001000100000000000000000000000000001000001100000000000000010000001
00100010001000000000000100000000110000010001000001000001010001000001100011001000000000010001000000100000100000000000000000000000100000000000000010000000000001000010000010000000
00100001101000011000000000000001100000010000000000000000100011000100001000000101000010000001000001000000000000000000000001101000000000000001110100000110000010011000001001000010
00000001100000000001000011100000000100000110001100000000000010000000000000010000000010000010010010000010000100000001000000000101000001001000000000100000000000001000000000000100
01000000000000100100001000011000100000001000000010000000000000000000000100000000100000010000000101100000000000000001010001000001010110000000101000001000011001000001000000000100
00000100000001001000000101010000000000000001000000000000010000000000100000000100000100000010100001101000110000000010001001010010001000101000101110000001000100001000000010000001
00000000010111000000000000000100010011000000000110010000000110000000010000001000000000000000000000000101011000000000010000000000000000010000000001110000000010000000000100000100
00010001000010000010010000000000100000100000010010000000000001000100000010000000000001000000000000000010101010100000001000001000000000000001001000100000000000000000000000000000
01010000110000010000010100000000101000000000000000000000000100000000000000011010000001100101000000011000000000001010010100010001010000100001001000000000000010000010000000000000
10100000010000000000000000000011000000000000000000000010000100010100000000001101000100000000000000000000000100000100000010001001100000000001000011011000000000000000000000000010
00000000011001001000000000000000100000000000101000101000000000110100010000000000000001000000100000000001000010101000000011011101001100000100000101000000000000000000100000100010
10000000100011000000010000001000010000010110010010010000000100010010001011010000000001100000000000000000100001100001000000101000000000011010000000000101001010100010001000000001
00001010010000000000001000100000000000010000100000001010001000000000001100000000000000010001100001100101000110000000101100000010000010001000101100000000000010000000001000010010
00000001000100000010000000000000000000000011011000110100100000010000000000110000000100000010000000100000010000000000110000000000000000100000000000000100001000000000000000001001
00000000000001000000001000001000000000001000000000101000000100000011010001000001000100000000000001001000000010000001000000100000100000001010000001100000000010000001000000010100
00000100000000100000000000000100000011000000010000100100100011000000100000010111000001100100000000000000000100000000000111000000000010010000000000000000100000010000000000000100
10000000011100100011000100010001100000000000001010000100000000000000000000000000010100000000001001001011000010000001000000000000001010001100000010010001100000000000110010010000
00001010001010100100100000010010000010000000000000000001000000000000100010101100000000000001010001010000001110000000000000000110001000001000100000000000000010000001000100100000
00000000000000110000000001000000000000100100001010000010100000001000000000011000000100000000010000000000011000000100000000000100010101100010011001100100101010010000010000100010
00000010000001000001000001000010011000000000000000000001100100100000000010000000000000000011000011000000000000001011000010000010000010101000000100100000100000101100000000000000
00000000010000001000010000001001000010000000010000000000000000001000001000000000110000010010000000000010000000000000000101000001011100100110100100000001000001000100000000000100
11000001110010000000000001000000001000000000000000000000000000010000000000001000001000000011010001010000001001000001000001001100001000000000000100000000100000000000000010100000
00000000100001000010010000001000100001001000000100000100100001000000001011000100000000000001000000000100000101000000100000001000010000000000010000000000101100000000000000000000
00000000000000100100101000011010000001010101000001010010001010000100000010000000110001000000001100000001000100000000000100000010101110100010100000000011100000000001010000000000
00000000100110000001100000000000000000000100100000000001001101000000000010000000000000000010010000000110000000000110000011000001010001010001000000100000101101000001010000010000
00010100000001100010000100000000000101000000000000000000010001000101000010000000000000000000000110000000100000000000000000000010010000000000000010010000100000000111100110001100
01001001000000000000000000000000000000001100101110101001000000010101000010011000000000000000000000000100001000000000000000100100000000010100000101001000000101000100001000000010
00010000100000001000010100000000000111010000100010000000100000010100010000000101010000000010100100000100000000000100000000000000100000000000000000000110000010000000001000000000
01000010010101100000010101000110000001110000001010000000000000000000000000000000000000100000000000100000101000000100000010100000001000000000001000010000010001000000100000001110
10001000010100001000000000000000000001000000000000010000110000000100000000001000000000000000010000101000000000001001000000010000100000000000000000100010011000000000000000001001
00000100000100000001100000010100000000000000000000000000000011000100000100100000100110011000000100001000001100100110100000000100001010010111000000000000000100000000000000000000
00001100100000000000000000000111000000110000000000100001100000000000001010100001000010100000010000001000000001000000001000100000000010000000010100000000001000001000000000010100
00000000000100000000000000100000000100110100100111000000010000000000011001000101000000000000000100001000000010000000000010000000010101100000000010000000100111100000000100000000
10000000100000001101001000000000101010000000000000000000010000001000000000000001100001010001000000000000000000000000000000010100010100000000000000000010000000000000000010000000
10100000010001000000011000000000000001001000100000000100101100001001100000000000000001100010000000000010011101000000000010000000000000000000001001001010110010000000011010000001
10001000100000000011100000100001000000000000001000000000000000010001000100000000000001000000000101000100000000001010001010000000001000010000010001000000101000001001000000000000
00001001000000000000010000100000000010001000000000000000000000001000010001001100000000100000000000000000000000000100011000010000000001000010000001000000000010000100000001000010
00100000000001000000000100000000000010000001000000000000000000000001000000000000000000101000001100000000100100010000000100001000000100010000010000000000101000100100000000001000
10000001000001000000000001010000001000000000000000000000000000000000010000000010000001000000000000010000010000000101010010001100000100000001000000000000000101100001000000000000
01000000000001000000110000100100000000000000000000000000000011000001000000001000100000000000000010001011000001000000100000000010000100000000000010000000000000010000000000001000
00010100001000010000000110101000000000000000000100010001100100000100000000000001001001001000000100000000100100000000000100000000000100000000000000100000101000000000010010000000
00000000000000000100000000000100000001000000100001010100001000000000000000000100010000000100000000100000000100011010000000000001001011000000000001000011000010000000000000000010
00000010001001100001000001110000000001100000100000000001000000000001010001000001000010000000000001000000100000100000000001000000000001100001100110000000101000000000100010000000
10000111001000000000001000000000001001000000000100000000000110001000100000000110000000100101100000001000000000010100000000000100000100001000000001000000010000000000000001010010
01000010000000001100000000000001000100000000000010110000010000000000000000000000010001101000000000000100000000000000100100010000000011000000110000001000001000000001100000000010
00111010000000100010000000000000000000101000000000010001100000101001001000000100100000011000000000000000000000000000000011010000100000110001000000010000000010000110001000110111
01010000000000000010000011000000000000000010000000000010110010001000000100010000000000001000000110000001000001000000000010000000000000000000000001000000100000101000101100000000
00010000000000101000001010000000000000000000000000000000000000111000010000000010000000010000011000000000010100100000000000100000000000000000000000001000010011000100000011001010
00110000000100000000001000000001000010000000000000100000100000001101001001101000100010000000100101000000110000000001000110000000100000000000001011000000100011000101000100000010
10100100000000001000011000000000010000100000000000100000100000001000010000100001000000010101000100100010000100000000100000010000001000000100000001000010001000000010100000000000
00000100001001001000000001000000000000000000000010000000001010101000000001000001000001000010010000000010000000011000000000000000010100000111010000000001000100000000001000000000
10101000000100000000100000010000010000000001000010001001000000000010000000000000000000000000000101000000000001000011101000101101010000001000000100000000010000000000000000010001
00000000000010000000010100100001100000000000000110000000110011000001000000000010100000001000000000100000010000001000100010000000000100000100101000000000000100100010101000100000
00010000000000000010100101000000000000011010001100000001000000110000000000000011000000000001000000000010000000000000100000001000000101000000111000000100000010000101000000000001
00000001000100100010100000000000000000110000001000010010100000000000000000000000000011001001100100000000110000010100000001000100000000000001001000000000001000010100000001000000
00100000101000000000001001000000100000000010001100000000000000000000000100001000100000100010000010000001000000000000000100000100010001010001000000000100100000000010110100000000
01110000000000010000000001100000100100010010001011000000000000010101100000001011000100000000000010000000000000011000000001110000100010000000000000011000000000000011010000000000
00100011001001100100011000001010000000101010100000000001000000000000000001001011000000001000000000000011000000100000001000110000010000000100000100000010100000000000000000000000
00100000000000000001001000000001010000010001000000000110000001100001000000001000100101000000010101100100000000101000000000001100000000000000100100100000000000000000000000101001
00000000000010000000000000000000100000000000100100000100010001000000000000000001000000001100000000000000000000000000000000000000000000110000000001010000100000000000000000010100
00110001000000000000000010000000001000000010010000000100100100000000011001000000000000010001010000110000100000000001000000110000001000000011000001000010000000000000010010100010
00000001001000010000100000000010000001101000000000110111000000000000000100100000000000000000000001000001000010000010000000000000000000000110000011000000111000000110000111110000
00000001001000000101000000110000010000000100011001000000000000000001000100100000000000000010000001100001010000000000010010000000100001000000010000000100010000000000000001000011
00000100000010000000100000100101000000010000010100010011010000100000000000000001100101000100100000001000000010000000010000000000011100100011000000000000010110000010000000000100
00000000000010010100000100000101000000000000000000001000100001000100000000100000011000100100000001000010000000010000000000000000000000000000000001011001101000000110000001000000
00000010000001000000000000000001000001000000000110000000000000010001000110000000000000110001000010011101100000000000000100000000010000000001010010000000001010011000000000001100
00001110000000000000010000010000011000110010000100000000110101000001000000000000000000000001000000010110000100000000000000110000001000000000001001100000001000000010000000000010
10000000100011000000000000010000000000000000000010000000000010100000100011000000000000100100001000010000000010000000000000000000000001100001001100000000000001000000000010000000
00000000000000000100011000000010001100100001000000000000011010000010000000000110010010001001000000000000101000001000100000100001101000001000000000000100000000000110100010000000
10100000011000010000000000000000000011100110100101000001001001010010000010000101000000001001000000100000001000100000000000100000000000000100010000100100100000000000000110000000
00100010000000000001000010000000101001000000010000000001010010100010000000000000100000000010000001110100000100000000010000010110000000001001100001011000001001010000110100000000
10110111010010000101010000000010000000001001000000001100001100000100000000010110100000000001010000000101000011010000100010000010100010010001000000001000000001001001000000001000
00000010000000000000010011100000000000001001110100100000001000000100001000100000000010100001000000001000000000010111000110000000100000000100010000001111100100000000000100001011
00000001000100001000100000010000000000100000001001010101000000100100100110001100000000000010010010000101000000111001100000010000000010101000000000000010001001000001110001000000
00000010100010000000000000000100000000100010000000000111100010010000010000011000001010010000100110000000000001000001000000011100100000000110000010100100000100010001000001000000
00010100000000000000001100010000000001011000000010000000000001000001000000010100000001010000000000100001000000000000000000001000000001000001001101000100000000111000100000001000
00000000000000001000000000000001000100000001001000001101000000001000000000000001000000000000000000000100010000001010010101100000100011110000000000100000000000000011000100000000
00000000100100001001100000000000010000011000000010001010000000100010000100000101000000000000000001100100001000000000011000000000100000001000000000000000000110010000000010001010
00110100000000000000000100100000001110100000000000000000001000001000001000101000100000100000000000001100000000010000000010000000010001000000000010010000001000010000100100010000
00101001000100000000001001000001000001000001000001001101000100000001000000000000000111000000000001110001100000100000000000011000000000001000000000010010000000001100000001011000
10100010000010000010000000000001100000000110000000010000110100010100000100000000010100000000010000000100001000010001010100010000010000001010010100000010010000000001001000100010
00000000000000000010000000000001000000000010110000000100010000010101000001010010000000000100000001001001000000000000000101001010100000100100000101010000100000000100010001000100
00001001100001000000000000000000000000001000000000100010010001000001010000100010000000000000010000010000100010010110101000000111101100000000000011100001100000011001101000011000
00000000100001000000000000000000000000000010000000000100010000000100000000001000000000000010010101000010010000000000001000000000000001110000100000000000100010000000000000000000
01100111100000001010010000000010000000000000100010000000000011000000000110000000000000100000000000000000100000001000000000100001000000010000010011010100010000000000001000100001
00000100000000001000000001000001010001000000100100011000010000000000101000000010000000001010000011000000100001000010100111001000001100010000000100000010001000010010001100001000
01000000000010000000110001000100000100010000000001000000001000000010000000000010000000000000100010010000000000001000100101000000001010001000000000000010101000000010000101000000
00000000001000100000001000000000000000000000001000000001100000000000000000000000001010000001100000010000000100010110010100000000000000001100100100111000000000000010000000000100
00000000000000011001000000000000000100010000000000000000000000000000010000011000000010000000000000001000000010000100010000000010000000000010000000100000000000100100000100000000
00010001001010000100000100000100000100000000000110000000000001000100000001001000000000000010100000010000000000000000000100010101110000100000000000001000000000000101100000000100
00000000001010010000000000000100000000000010010000101000100000010000000001000000000001000010000010001000000011010000000001000000110011000000000000001000100000100000000000000100
00010001000100000100001000010000000100000001000000000000000000000110100010000000000010000011000000001000010100000000000001000000000100011000110100000000101100001001011011000110
10011000001010010010000000001000000001001000000000000000000000001011000000101011000100010001000000010100000100001000000110100000010001000001010000000000000011000011011001000010
00000101000000000000001001100000000010000010000000100000010001000000100011000000000010011000000100000000001000101000000100000000000000010001010100011001110100001000000001000000
00000000000000000000000100100000010000001000100000000010000000000000000000010000000000001001011000000000000000000010000000101000000011010000100010000000000000000000000100001000
00000000000000000011000010100010000000100000000000001101000110010000000110011001000000011000000000000100010000000000100010000010000000000001000100000001000000000000000010000000
00010000100000000000000100100001000000011000010000000000000110000100000100000000000100000000000000000010000100011000011011000010000000001000000000000000010100000000000100100000
00000000100000000000100010010001001000000000010000000011000000101001000000000000100000010000000001000010000001000010000000000000100000000000000000001000000000100100100000010000
10000010000000000010001000000010010000000000010001000000010100100100011010011000000010000000101000000000010000010000011000010100000000000001000000000100001000000000100000010000
00100101000000100000100000000000100000001010000000000000000010000001101110100000100010000000010010000100000000100100001000101010000000011000000100100000000010011000000100100000
10010000000000100000000010000110000010000000000000000010000011000011000000000000001000011000100000100000010000000101001000000000000000000000010010000100000010010001000010010101
00000000010000000001000000000000001100010001000100000000000000000011001000000110000000000100001000010010000010100000000001110000100100000000000000010000000011000000001010011100
11000000010000000001000000010010010000000100011000000010111000000000001000100000000000001000000101000000000010010101000010000000000000010100000001010000100001000000100000000000
10000001000000000100010000000010100001000100001000101000100000000000000000110000000000000100001100000000000000000000000010000001100000000000100010010010000010000000000000001000
00000000100000001001000100001100110000010000100000010000001000000011000000000000000000100000000000010010000110000001010000000010000000000000010011000001000101000000001001010011
00000010000000100001010010011101010000000010000000100000000000100000110000001010000010000101100001000000000010111000000000000000000000100111101000100001010101000100001000110000
01000000000000111001000010000000000001010100000000001000101000000010010001010010001001000000000000000000011010110000001100000001000000000001000000000100000000000001000000000000
00000100000001000000000000000010000000000000011001000000000100001000100000000000000000011000000000000001000000000001000000010001000010001000000100000100000000000000100000000000
00100000000010001010000100010000000000000000100000010000110000000000000000001000000000100100001000000010000000001000000010000100010000000000000111001010110000000000000000000111
00010010000100000100010000000000001000100000000001100000000100000000001011000000000000000000000000000111000000100000100001001000000000000000010000000001000000011100000111000100
00000000000000000000100100000101000111001001000001001000000000000000011100000000000010100000100000000000000010000000000010101000000000000000000000000000101000001010000000000000
00000000000000100000000000000000000000000000010000000010001000000000000011000000100000000000000000110001010000000010000000000000010100000100000000000010001000000000000010000000
00000000000001010100010000100001010001001010100000010010000000000000000000000010001000000000001100010000000001100000000000000000010000000001010000001000000000001000001001001000
10000000010000000000000001000000100100010000000000001100000000000100010100001000010100000000000000000001010001010010000000000100001011100000100010100100000100000000000010010000
00000010100000010000000101000000000001010010101000010001101000000000010000010010000000000010001000000001000000000000010000001000000000000000000000000100000010000000000000000000
00100010010000000110000000000000000000000000000000000001010001100011100000000000000110101000000010010010000010011000000000000000001001001000110000000000000000101001010110100100
10100000001000000000001100000001100000000000000000000000000000010000010100000100000000000000010110000000000000000000001010000100000010111000001100000010110010000100000010000000
10000000000010000001000100000000000001000000000100001000101010000000000000001000010010000110000000000000101000000010001010000100001100000000000000000100010000110001000000000001
00000000011001000000000000000000000000000000000000000101000000000000100000000000100000001000000110010000011000000100010000000000010010000000100010000000010100001010000100000100
00001000000100000001000000000001000000001111000000111001000001010001000001000010100000000000000000010100000000000000000000000000010000000100010100000000000001000000100000100000
00000000010000100000000010000000000010000000100000000000001000000000000000010001000010000100001000000001010000001001100001000000000100000000000000000001000000000000000000001000
00110000001000000000011100100010000000000000000111100000001000110000010000001100011001000000001000100010110101000000000000000001000010101010000100001001000000001000000100010000
00000000000000000000001000000100001000000000000101000000010001000100000000000100100000000000010000000000000100000110000000000010000000000000000001000000000000100101010000000000
00000110010000010010000000000101100001000000010111000000000010000001000001000010010000000000000000101000000000000000100000100100000010000100000100000000100000010000000001010011
00001011000000001000000000000000010100000011000001100000000000010001010000001000000001000100000001001011010000000000100001000001010000000001011000000000000000000110000000000100
10000000011000000000000001000000001000000000000000000110000000000100100100010000000010110000000001000011010001100100000000000001100001000000000000101000000000000001000101000001
10100010000001000100000000000000100000000000100001000000100000100000000100000100100000000100000000000000111001000000000000000000100000100100100000000001001000100100000010000000
10111001000000000010011000000000000000000000000000100000110010001000000000000000000000000000000000011001000100000000010000000000001011100000000101000000000100000100000100000000
00000010000000000000000001111000011010000001000001000001010000010000000000000000101001000100010000000010010000100000001100000000001100000000000000000000000000100000010000000000
10000000010001000010000000001000000000000100000000000000001100000000010010000000110000000100000000000001000101100000000000000100000010100000000000001001111000000010000000000110
00010000000000010000001010000111000000010001100000100000001000000000110000010000000001010000100001000000000000101100000100000100100001000000000100100001010000100000000010000000
00000000000000000010101000000000000101000000000000000000000001010001000001000100000000000010011000001100100000000100001001000001000000010010001000100101000010000000000100000000
00000000001000001100000000000100010010000011001000010000010011000000000000000010010010000100011000000000001100010000101010001011000000000000000000000010000000010000000000000000
00100000000000011000000000000000110000000000000000000000000000000010000010000000000100000000100000000000000000000000000000100001001001000001000011001000101001010000000000100010
00001000001100010000001000110001000000000010000100110101000000000000001000000010000000000000100000000000100000101000001000000000010000100011010000001001000100000000100000000000
00010010100010001000010001010010000001000010000000000000010000001110101001010100010010000000000000000000010000000000000000100000000000000000010000010000100000000001000011000000
10000000001000000000000111100000001010000000001010100000000000000010110000000000000001000000000000010000010001000100100000100000010000100001000010000000000000100000000100100010
00001000000000011001000010011000000000000000000000001001100000010000001001101100000100100011000000000000101001000000000001010000000001000010101001001010000001010000000010000000
00000000000001000100100000010000000100000001010001000101010001010001100000000010000001000000000000000000010000000000000000100000000000110001000001000000000000110000000101000000
00000000101010100000100101001101010001000000000111010010000010010010100000000000000100000010000000101110000100000010001000010000000000100000100010100000000000100000100010001000
10000000000000000000000010000100000000000000010001000100000000000010100000000001000110000000100000100000000000010010000000000000100000001000000000100101100111100000001000000010
00000000000000000010000000001111000010000000010001000000000000010011001100010110000000000000000001000000001000000101000000000100000001000001000000100000010001000000100000100000
00000000001000010010100000001000000000011010000000000001001001000001000000000011000000011100100000010010100000000000000000000000000000000100000000000001000000001000000000101000
10000000000010100000100000000000101000010110000010100010101000000000000101100000000000000000000000100000000100000000000010000010000000000001000000001000000000010010000000010000
00000100000000000000000000000101000001010000000110010000100000010000010000001100000000010010001011000000000010000000000000000000001000100010000000000000010100000100000100000010
10010000000000000000000000000010000000000000000000100000000000000001000000000010000000000000100000010000010000010010000000000100001100001100000000001000000010101000000000000000
10000000000000000100000101000000111000001000100101100010100100100000001100000010000010000000000010100010000100000001000000000000010010000000010101000000100000000100000001000010
00000000000000000000000000000000001000000000000001000000000010000000000000001010011001100100001010000000010000000000000000100010100000001010000101000100000001000101000100000000
00001001000100010010000000110101100101000000000010000001001000000001000000011111010001010000000010000010000000000010001000100000000101100010100100100000110000100000100000010100
11010001000000000000000100000000010010010110100000000000000000100100000100000000000010010000000100100010000001001000010000100000000000010000100000000000110000000000001000000000
00000001100000000010001010001001000100010000001100100011000000000000000000000001000010100001100000001100110000110010000010000000000000000010100000000001000000000001000000000001
01000000000100000110000000000000100000100000000000000000010001010000000000010000010010010001010000100000010000010000000000010000000000001000000000000001001000000001000001001000
10000000010010000000000000000100000000010001000001000100000000000000001010000000000001000100010010101010100000000000000100000001000000100010000010001010000000000010001000010000
00000110000010000010000000000000000010010011000110000011000000000000000101000100000000100000000101000001010100000100000100000000010010000000000000000011110000001010001000010000
10000000100000001100000001000010000001010001001000010110000000000111000010101000101000000001000001000001000010100000000000000000000000000000100000000000000000000000000000010001
10001000100100000000000000010000100100000000000000000010100100100010000000000000000001000000000100100001001000000001000000100011010100000000000000000100000000000100000000010100
00100110001000000000000000000000001000000000000001000100101100000000100000000100100000001101010001100000000000000000000000010010000001011000000000000010000010000001100100001100
00000000000100000000000100100000000110000000001010010000000000001100100011001000100010110000000000000000100000010000000000000101000000000100000100100000000000000000100010001000
01000000101100010100001000000000000000000010000000010001000000000100000000010001000000000000000000000000010000010001000000010000011000000000011010000100000000001000000100000001
00000010000000001000101000000100001000100000000010000000001000000100001000000100000000000101000110000000001000100110000000000000000000010000001000100100000100010000000001001100
00000000010010000010000000010010000101100000001000000000000000001000010000000011000001001000000000000000100010100000011110010001011000000100100000000000010010000000000000000101
00001000100000100101001000000000000000100001000000000000001010000000000000111010000100000001000000001000010000000101010000100010000000001001010000000100001000000000100100000000
00001000000100010000000010100000001010000111001000001100100000000000000001000000000000000000000000001110000001000000000000000000000101000000000000000010000100000001000000011010
00100000010101001001000001000001000000010100001000100001000000010000010000000010000000011110001010011000000000100000000000000000100000000000001000000100010000000010000100000010
10001000000000011000100010000000000000000010010000011000000000100000000000100000100000000000000000000000000000101000100100000000000000010000011000100000001010100001010000001000
10000000000010000010000001000001000000010100000000000000100000000010010100110010100000000101010100000000000000000001110100000000000010001000000001000000000000001000000000000001
00000010011000000100001000000000000000010000000010000010010000000001010000000100000010010001001000001000000000000000100001001000000010010010000001110000000000001000010000101001
00000001000000000000011001000000000010000010000001000010000010001001000001000010001100000000000000010000100100000000000000000000000000000000000010001000010000000010000000101100
00000001000010000000000011000000000000000000011100000000000001001100100011000100001000000000000000100000000100000000000000000000000001000000000001100000010001000000000000111000
00000000000000000000010000000010000000001100001001000010000001101000001001100000000000000010001000000001000000000100100000000001000000000011000000000100000110000111000000001000
00000000000000000000000100000110000011010111010100001000000000100000000000000000000000000011000000000100010000100100001000000001010000101000000111100000000000000000000000101010
00000000000110000010000000001011000000000000000010000010000000000000000000000000001000000010000110001010100000000100000001010000000000000100000001010001000000000000100000000000
00000000000000000010110001101000101000010000000010000000000001110000000001000000100000000000000000000001010100000000010010000110000000100100001011000010001000010100001010001000
00000001001100000011001010000000000000000100000010000000100100000000010000000010000001000010010000000000000001000010100010000000000000000000001000000001110010000100001010010100
10000001000100000000000000101000001001000000000001001000000010000100010001000010100001000000010000010000000001000000001001000010000000000001000111000000000010000000000000000100
00000100100000000001000001111000001000000000000000100000000001000011001000000000100000000010001000000000001000010100000000001000010000001100000000000000000011001010010001001001
10000010000000100000001000000001001001000100000000001000001001000100000000000000000100000000000000000101001001000000110001000000000000000010000000000000100000000001010010000000
00010000010000000001001101001100000010110001001011001101000010000100000100010000100001001000001000000010010000000001100000100000000100010000000000000100010100000010001001100100
10000010010100010000001100001100000000000011011010011000000000000000100000100010000000000000000000000011000100000000000001100000000000000000000000000000000000000011000100100000
01010000000000001000000100000100001010000000000001000000000001000000010100000100000000000100011100000010100001011011000000000010001000000000001001000010100100000001000100000000
00000000011010000001000000000000001000000001001110000000001000100000100010000100000001000001000010000000000011000010010000000000000000000000000000000000011001100010100000000000
01100000011100000000000010100000000000000001001010010011000000000000000000000000000000100010010000000000000000001001100000001000000110101011000000001000011000000001000100010000
10000000100010000000011000001000000000000001000000000000000011100010001001100001000001100000000010100000000010000100100000010100100011000000000100000011100000000000101100000000
00001001000000100100000000000010000000101000000000000000000000000000100000000100000000000000000100100000000000001010000000000010100100000100000000010010000000000000000000000110
01001101000100000000000000010100010000000000000000000000000000000011010001110000001010000100000000100010010001000010101100000000000000100000101000000100000000000100100000000000
10000010000110000000100010001000000000110001000100000000000000100000000100000001100101000101010000000000000000010000000000000100100001000010000100000001000010000000000000000000
00000011000001000100000000100001110010000010000000001000000000001000001010000000000001000000000011000001000100000001000000011110100010000010100100100000000000000000100100011000
00000010000001100100100000000000000000100010000100000101100110001001001000100100000000001000101000000001010100101000110000000000000000000000001010000100010000000100000000100100
10000000100001000000000000000110000000100000010000000000010000000000000000100000000000000000000000111000000000001000100000001000000000001100001000000000000000000000000010000000
00100000000000010010000000110111111000000110000000001100011000000000001001000000000100000100000100000000000001000001000000000010000000001001001010000000100000000100000000000000
01000000000000000000001010000001000010001000000100000000101111001000011000000010000001000000110000010010000000100000000000100100000000000100000010000000000100000010000000001100
01100100010000011100000000000001001011000000001100000010000000000000100000000010000000001001000010000000000101011100000000000100110100010000100000000011000010000010000000111001
00111000010000000001010001101011000000000000010001000000000000000000000000010000101000000001000010000000000100000000000000000000000000000001001000011000100000000010000010000000
00000100000000010000000000000010010001010011010100101000010001000000000001000000100000000100000000000010001000010110010010010000100010010000001001000001010000001000100001000000
01000000000000000000100000010001000000100000001000000000000010000001010000000000010000001000000000100000001000010000000100000100000000000000010001100000000000100000000000000000
