21 30
111111111011110110111111011111
110011001111111100110110111111
011011111010101111111111101111
111111111110111011101111111111
100010111001101101111110111110
111111100011111111101110110111
101011111111111010001111111011
001111111100111111101111111011
111010111100001111111011110001
011011111011111111110111101110
101100111001111110011111101111
111111100111101111011011011111
101111111111111101110111011111
010001101111111111111111101111
111111111110011110011111111111
111111111011111111101110111111
111010001011001011110101011110
111011111111011011111101111111
111111011101111110111111111101
100101111111111111101111111011
100110101111101011111111111111
