101 13
0000000000011
0100000001111
1110001011111
1111111111111
1111111111100
1110000111110
1111111111111
1111111111111
1111111111111
1111111111111
1111111111111
1111111111111
1111111111111
1111111111111
1111111111111
1111111111111
1111111111111
1111111111111
1111111111111
1111111111111
1111111111111
1111111111101
0111111111111
1111111111111
1111111111111
1111111111110
1111111111110
1111111111111
1111111111100
1111111111100
1111111111100
1111111111100
1111111111100
1111100110001
0110011010111
0110011001111
0010011111111
0000111111111
0000110111111
0001110111111
0000111111111
0100111111111
1111111111111
1111111111111
1111111101111
1111111101111
1111111111111
1111111111111
1111111111111
1111111111111
1111111111110
1111111111110
1111111111110
1111111111111
1111111111111
1111111111111
1111111111111
1111111111111
1111111111111
1111111111111
1111111101111
1111111100111
1111111100111
1111111111111
1111111111001
0000010111000
0000010000000
0000010000000
0000000000000
0000000000000
0000000000000
0000000000000
0000000000000
0000000000000
0000000000000
0000000000000
0000000000000
0000000000000
0000000000000
0000000000000
0000000000000
0000000000000
0000000000000
0000000000000
0000000000000
0000000000000
0000000000000
0000000000000
0000000000000
0000000000000
0000000000000
0000000000000
0000000000000
0000000000000
0000000000000
0000000000000
0000000000000
0000000000000
0000000000000
0000000000000
0000000000000
