51 216
000000000000000100000010100000000000000000100000000100100000000000000000000011000100000111100000100000100000100000001110100100000001110010100000000011000000000000000000000100010000000100010000000010000000000000000000
000000000000000000010010000011000100100000001100010010000000100000000100001001000000001000001010000000010100000000000000000000000000000000000000000000000000000000010000000000000101101000000000000001100000000001010000
101011001000000001000000000101000000001000101010000100000001100000001100100000100010000000000000000000010000000000101010100100001000010010010000010000100000000010010000000000000000000100000100000000000000000110000000
100000000000000001000000000000001100001000000001000010000101001000000000000000000000000010000000000000010100000001000000000000000101100000010001000101000000010100000000000000000100000100000000001100000000000100000000
110000000001000010000000000000000010010000000000000000110100011000000000001000000000000100000000100000000000000110000000000001000000000000000001100000001000000001000000000001001100000010000000000010010001000100000000
100010000000100000100000000010001100011000000000000100000000000000100010010000000000000000000000000000000010001000000000010000000000100000000010001000100000000000000000000000000000000000000000010001000010000100001000
000001000000001100000011010001100000001000000000000000000000110001000000010000000000000000000001000000000001000000010000000010000100000000000001110000000000010000000000010000000100001001010000010001001000010000000000
000010000000000000000100010000000000000000100100001000000000000000000010000000100001000100000001010011000110100000000000010000000111000000000010000001001000000010000000000000000000000000000000000001100000000001000000
010100001000000100100000000000101100000000000010000001000100000000100000000000010000000000000000000100000110001000000000010010000001000001000010000100100001000000000000101000000000010000110000101101011010010000001010
000010000010101001000010000000000000000000000101000101000000000001000000000000000000000010000000000000000000110101000000100100000110001000000000000000000010000000100001000000000010000000010000000000000001010010000000
000000000001000000000000101000001010100000000001000100010001000000000000000000000000000100000100000000000010010100000001100000000000100000000000101000000000000000000001110000000010000010101000100011101001000000000000
000000100000010001000000000001100000000000000000000110000001100000010000001101000000100000000001000000010010000100000000000000000010000100100000000000010000000010000000000100000100010010000000111101101001010000010010
100010000000010000001000000000010001000011000000000000000100001001000011000010100000000001100100010001010100010110000000000001000000000000000100010101001100000100000010000000000000010100101100000100000001000001000001
000000000000001000010011000000000000100010000000110000000100000000001000010000000001000000001000000010000000000000001000010011000000010000000000000000100000010000010000001000000000000001010001000010000000010000001010
001000000000000000000000010000000010001001000000000000000000001100000000010001001000110100010000000001000000110011000000101000000000011110001000100000000100001100010010010000000000000100000000100001000000000000000000
000010110000100000000001100010000010000001000010000000000000100000010000000000001000100100000010000000000100010000010000010000010010000000000010000000000000011000000100000100000000000100000100100000000000000100001000
100010001100000001010000000000000100010000010010001100000000000000000100000000010000100000010100100011000010011000100100000001000100010000001000000100010000010100010000000100000010000010001000001000000000010000001000
010010001001010000100100000100000000100011010010101110000000000100110001001000000000000110010000001000000000000000000000000000000000010000000000001010000000000100000100001000000110010000000000010010100001000000100000
100000000001000001000000000000000000000000001000000000000010000000000000000000000000000000010010010000000000001100100000000001000000000000000000000100000000000000000000000000000000100000000000010000000010001011001000
100000000010000010000000000010100000001000000000001000000101000000100010000000000000000000000100100100001001000000100000000001001000100000000000101000001000000000110100001100010000101000011101000010010000000000001000
100000001010000000011000100000000000000000010001001000010010001000000000001100100011010010000000010000000000000000001001000010001000000000011000000000000000000100100100000000000010100000000010100000000100100000001001
000000100001000011000000000000000100000000001000001010101010001001000101010000101000010001100100000000000000000000000000000000000100001000000000100000100000000000000000010001010100000000001010000000101000100000000010
010000100011010001000000000000001000000000000000100000010000100001000000001000101001000100100000101000010100000100100001000000001000000000100000000000000001100010000010000001010001000000000100000000100000000100000000
010000000000100000000100000100000000000001010001010000100100110000000000010111010000000000100000100000000000000010000000000011000010000000000110000100000100000001000000000001000011000010111001000000000000000010000000
001000000000000001001100100110100001000000100000000000000000000000100000000000000000000010000100000000100000000000001001000001000000000000001100000001101000000100000110001000000101000000110000000001010010010000000000
000000011101000100000000000000100100000000110001000001100000010000000000000000000100000010100001001000100000100000000000010001000000000010001100001000000100100101001000000000100110000000100100000100000000000100000000
010000000011000001000100000000000001110000000100100001001011000000100010000001000010000001101000000000000010001001000000010001000100001000000000010100000000000000000001000001000110000000000000010000000000000100000000
111000110000100100000000000000100010001000000000000101000000000010000011000010000000000010100000010001000000000000111100000000001001100000100110001000000000000000010010000000000100001000000010000000000000111100000000
000010000000011000000000000011000000001100000000000100001010000010000000000100000000001000000000010000000000011001000000000101000000001001010000000101000000001101000100010000001000001001000010000000000100100001000000
001000001011000000000000010000000000111000000000000000000000000000000001101100000000001000000000000000000000110000100000000010010000001000000100100010100000000010000000000000000000010000110000000000000110000000000000
000010000011000000000000010100100000010001001000000010010010110000000000000100000010001000000000100001000010000010110000100000010100000000000000010000000000100000010010000000000111000000000000011000001000101001010011
001000000000010000000000000010000000010000011000100000000001000100000000000010100000000011011000000000001000000001001010001100000001000100000000011001000000000000000100001000000000000000000000111000001010000011000100
000000000000100000100000000000010000000100000000000000100000000010001100100000010100001000000000000000000000000010010001010010000000111000000000000100001010000001000000000010000100000000000110000000000000000001001001
000000000001100000001000000000000100111010000000000000111010000000010000000000010010110000110010000100000100010000000010000000100010010000100000000010100000001000100000000000010000000010000100000000101000010000010000
100011000001101010011010000000001000000000101000000110000000010001000001000010010000010001111001000101000011000000000000000110000000010000000110000000000001000000000001000100000001100100000010000001000000000001000000
011010000110000101100000000010000100000000001000010000100010000000000010000000000000100100100001010000000000100000100001001010001000000000001101000000000010000000000000000000100001101010001000000000100100000001100000
000000000000000010000000011000000000100000000100000000010000000100000000010100000010000001001000000000000000000010000000000000100001000000000000000000010000000100000000000100000001000000110000000000000000000000100010
000000000101001000110000000010001000010001001010000000000000010100110000110110000100000000010000000000000000000000000100000000000010010010001010011000001000001010000010000000000000000100010000000000110000000100000100
000000000100000000000000001100101000010000000000000000001001000000000010000000000001001000000000000000000101000010110000000000001000000000001000001101010000000010000000000000000010000001000001000100100000100011000001
000000001000000110000001100000000100010000000001100001001001010001000000000001100010010110000101000000000010010100000001010011100001000000100000000100000100000100000000000000010100000000000010000010110010000000000000
101000010001000001011100010000000100000000000011000000000000000000000001000000011100000000001000110000001010000000001000001100000000101000000000000011000001000110001110010000000000000000110000000100000101000010000000
000000010100000101100000000000000001001000000001100010000010010000001011000100000000000000001000100000000000111000100100010100001100000000000000000000000000000000101010000010000010000000010000010000100001000000000000
110100010000100000000000001000000000000000000110000000000000000100000000000000000000110001100010010010100000100000000000000010100000000000010000001101000100000000010000000000000000010000000001100000000001000000000000
000000000100100000001010000010000000001000001010000010100000001000100000000011101000000000000010000101000100000000000000000001000100000000000011000000100000000010000010100000010000000001100011100100000010101100000000
001110000010001000100010000010000000010000000000000101011000000000010001010000000000000000000110010000001000000111000000000000010000000000001000010010000000110000010010000000010000000000000000100010101000000100000000
000000100000100000000000000000010100000000110100000000010000000000010000000010000000000001000000100101010001000000000001000100100000000100001010010011000000000100000010000000000000000000100000000010000001000000000001
001010001001000000000100010011100011010000010000100101000000000000000100000000000001000000101000000000000000000100010010000011100000101000000000000000000010000100100001010110000001000000100000101010000110000000110010
000000100010000010000000000110000000000000000001100001001000101000000000010010100000100000000000000010010000001000100011000000001100000010000010001000100000000000100000000000010100000000100100011000001010001000000001
000000000000100001100010000000000000000000010000000000000000100000000001001000000000001000000100000001010001010000010000000010100111000001000000000001100000000000001000000001000000001000000100000000000000110010000001
000000000110101000000000000001000100010000000100000100000000000010000100100101000001100000010000100000000000000100000101000100000000000000000000000110001100000000001000000010000000000000001000000100000000000100000000
001000100110100000010000000010011000000000010000000001000000000000000000001000000000100010000000000000001000001010001000000010011010000001000000000000000000001001000000100000001000100000001010000000010100000000100100
