234 414
111111111110001111000000000000000000001110000000000111111111111111111111111111111100101110111111111111111011110011011000000000000000000000000000000000000000000000000000000000000000000000000000011100111000000000000000000000000000000000000000000000000000000000011111111110000111111101011111111111001111111100111111110000001111111111110000000000000000000000000000000000000000000000011111111100111111110001111001110000
111111111111111101000001100000000000001111100000000011111111111111111111111111110111111111111111111111111111110011111000000000000000000000000000000000000000000000000000000000000000000000000000001111111000000000000000000000000000000000000000001000000000000000001111111100000011111111111111111111111111111100011111111100111101111111111100000000000000000000000000000000000000000000011111111111111111111011111111111111
111111111111111111100011000000000000011111100000000011111111111111111111111111111111111011111111111111111101111110011000000000000000000000000000000000000000000000000000000000000000000000000000001111111000000000000000000000000000000000000000011100000000000000000011111110000011111111111111111111001111111000011111111100111101011111111100000000000000000000000000000000000000000000011111111111111111111111111111111101
111111111111111111110011000000000010011111111100000011111111111111111111111111111111111111111111111111111101111111111000000000000000000000000000000000000000000000000000000000000000000000000000001111111000000000000000000000000000000000000000001111100000000000000000011111000011110111111111111111101111111011111111100111111111111111111110000000000000000000000000000000000000000001111111111111111111111111111111111111
111111111111111111111011000000000011111111111100000111111111111111111111111111111111111111111111111111111111111111111100111100000000000010000000000011100000000011111100000000000000000000000000000011111000001100000000000000000000000000000000111111110000000000000001111111110001111111111111111111111111111110111111111100011011111111111110000000000000000000000000000000000000111111111111001111111111111111111111111111
111111111111111111111111000000000011111111111110011111111111111111111111111111111111110111111111111100011111111111111111111110000000001110100000000111100000000011101100000000000000000000000000000011111100011110000000000010000000000001100000011111100000000000000001111101111111111111111111111111111111111111111111111100011111111111111110000000000000000000000000000000000001110000111111001111101111111111111111111111
111111111111111111111111000000000101111110111110011110111111111111111111111111111111111111111111111110001111111111001111110110000000001111111000000111001100000011001100000000000000000000000000000111111100111000000000110111000000000011110000111111100000000000000111111101111111111111101111111111111111111101111111111111111111111111100110000000000000000000000000000000000000111000011110001111111111111111111111111111
111111111111111111111110000000000111111111111111111111111111111111111111111111111111111111111111111111101111111111111111111111101000111111111011111111101111000011110110110000000000000000000000001100101111011000100000111111110000000011111111111111100000000001111101111111111111111111111111111111111111111111111111111111111001111111111100000000000000000001000000000000000000010000000011111111111111111111111111111111
111111111111111111100010000000011111111111111111111111111111111111111111111111111111111111111111111111111111111111111111111111101000011111111111101111101111000000100111111000000000000000000000000111111101111001111101111111111000000011111111111111100000000001011001111111111111111111111101111111111111111111111111011111100001111111111100000000111100000001110000000000001010110000000001111111111111111111111111111100
111111111111111111100111000000011111111111111111111111111111111111111111111111111111111111111111111111111111111111110111111111111110111111111111111111111111001111111111111100000000000000000000000011111111110111111111111111111100000011110000111111100000001111000011111111111111111111111111111111111111111111111111111111100001111111111111011111111100000111111000000000001111100000000001111111111111111111111111111111
111111111111111111101111000000111111111111111111111111111111111111111111111111111111110011111111111111111111111111111111111111011110111111111111111111111011111111111111111100000000000000000000000001111111110111111111111111111100000001111111111111110000001111111001111111111111111111111111111111111111111111111111111111000001111111111111111101111000001100111000000000111111000000000111111111111111111111111111111110
111101111111111111000111000000111111111111111111111111111111111111111111111111111111110011111111111111111111111111111111111111010111111111111100100111111010111011111111111000000000000000000000000001111111111111001001111111111100001111111111000011110011001110111111111111111111111111111111111111111111111111111111111111100000111111111111111111111100001111100000000001111111100000111111110111111111111111111111111110
111111111111111111111111000000110111111111111111111111111111111111111111111111111111110001111111111111111111111111110111111011011111111111111100000111110000011111001111111110000000000000000000000000111111111111001011111111111111011001100000000011111011111101111111111111111111111111111111111111111111111111111111111111100000111111111111111111110101001110000011100011111111100110101101101111111111111111111111111111
111111111111111111111111100011111111111011111111111111111111111111111111111111111111110001111111111111011111111111110011111111011111111111111000001111111000010000001111111111000000000000000000000000011111111111001111111110001100010011100000000001101111110001101001111111111111111110011111111111111111111111111111111111101100111111111111111111110111001111000011111111111111111111101111111111111111111110101111111111
111110111111110000110001110111111111110011111111111111111111111111111111111111111111111111111011111111111011111111111000001110011111100110001000000111111000000000000001111111111000000000000000000000010111111111011111111100001111010001100000000001100111111001111111111111111111111111011111111111111111111111111100000111111101111111111111111111110111001111100011111111111111111111111111111111111111111111100011111111
111111111100001000000001111111111111111111111111111111111111111111111111111111111111101111111100111111101111111111101110111100011100101110000000000101111000000000000001111000101100000000000000000000010011111111111111111000111111110000100000000000001111111111111111101111111111111111011111111111111011100111111100000111111111111111111111111111111110001011111111100011111111111111111111101111111111111111111011111111
011111111111011000000000111111111111111111011111111111111111111111111111111111111111111111111111111111100111111111000011111001111100001110000000000100011001111110001100000000000110000000000100000000010111001100110110001000001111100000000000000000011111111111111111011111111111111011111101100011111111111111111110000111111111111111111111111111111110001110101111100000011111111111111111110111111111111111111001111111
111111111111111111100000111111111111111111111111111111111111111111111111111111111111111111110111111010000001111111000110100001111001111011110000000000011001000110011100000000000011000000000111100000011101001111111100000000000000000000000000000000001111111111111111111111111111111111111100100001111111111111111111000011111111111111111111111111001011100001111111100000011011111111111111111111111111111111111111111111
111111111111111011100011111111111111111111111111111111101111111111111111111111111111111111111111111111100011111111000010111111111001111111111000000000111111111111111110000000000001000000001110000001000111001111100000000000000000000000000000000000000000111111111111111111111111111111000100000011111111111111111111001110111111111111111111111011001111100111111111100000001011111111111110111111011111101111011101111111
111111111111111111111111111111111111111111111111111111111111111111111111111111111111111111111111111111100011111111100011111111111001111111110000000000010011111111111100000000000011000111111111000001111100000110000000000000000000000000000000000000000000111111111111111111111111111110000110001111111111111111111111111111111111111111111111000001111100000111111111000000001011111111111111011111011110000000111111111111
110101111111111110111111111111111111111111111111111111111111111111111111111111111111111111111111111111101111111111111111111111111111111111110000000000000000111100111100000000000011111111111111110011111100000110000000000000000000000000000000000000000000111111111111111111111111111111100010001111111111111111101100011111111111111110011000011011111100000011111111000111001111111111111111111111001110000000001111111111
010001110111111110111011111111111111111110011111111111111111111111111111111111111111111111111111111111111111111101111111111110111100001100000000000000000000111100100000000000000110011111111110111111111000000000000000000000000000000000000000000000000000010011111111111111111111111111111111111111111111111111111100011010111111111101111000111001101111001111111111001101000111111111111111111111111110000000000111111111
011001111111111111010010111111111111111111111111111111111111111111111111111111111111111111111111111111111111111101101111111111110100000000000000000000111000001111000000000000000110011000001111111111111000000000000000000000000000000000000000000000000000010011111111111111111111111111011001101111111111111111111110001110111111111111101111111111101111110111111111011111000011111111111111111111101111000000001111111111
111111111111011111110110111111111111111111111111111111111111111111111111111111111111111111111111111111111111110000011111111010010000000000000000001111101111111001000000000000000100111100000111111111110000000000000000000000000000000000000000000000000000011111111111111111111111111111100001001111011111111111111000000111111111111111011111111111111111111001111111111100000011111111111111111111111111100111111111111111
111111111111001111111000011111111011111111111111111111111111111111111111111111111111111111111111111111111111111111011111111000010000000000000000011111001111110001000100000000000000111000000011111111111000000000000000000000000000000000000000000000000000111111111111111111111111111110100111111111110111111111111000000000011000001101111111101111111101111111111111110000001111111111111111111111111101100011101111111111
011111110101000011111110001111111000100111111111111111111111111111111111111111111111111111111111111111111111111110011111100000110000000000000000011111001111110001001110000010000000000000000111111111111000000000000000000000000000000000000000000000000000111111111111111111111111111111100111111111011111111111111100000000000000000011111111101111111111111111111111100001101111111111111111111111111111111011100111111111
111110110111111111111111001111111001100111110111111111111111111111111111111111111111111111111111111111111111011100001111011110101110100000000000011100000011110001111110000111100000000000000111111111111000000000000000000000000000000000000000000000000000011111111111011111111111111111111111111111111111101111111110000000000000000011111111111111111111111011111111111111111111111111111111111011111111100111100111111111
110111111111100111111001011111111001000011111101111111111111111111111111111111111111111111111111111111111111011000001111111111101111100000000000010000000001111111111110000111111100000000000011111111111111000000000000000000000000000000000000000000000000011111111111111111111111111111111000111011111110111111111111000000000000000011111101100111111111111111111111101111111111111111101111111011111111100111101111111111
011111111111100000000001111111111001100001100001111111111111111111111111111111111111111111111111111111111111111100111110011111111111100000000000111011100000000010011110000010111100000000000011111111111111110100000000000000000000000000000000000000000000111111111111111111111111111111110000100000101100110111111111000000000000000000111111111011111111111111111111111111111111111111111111101000011111001111111111111111
011111111111100001110001111111111111100000000001111111111111111111111111111111111111111111111111111111111111111011110110011111101111110000000000111011100000011110001111100111111000000000000011111111001111011100000000000000000000000000000000000000000000011111111111111111001111111111111110111111111100001111111111000000000000000000111111111111110111111111111111111111111111111111111111110000111111111101111111111110
011111111111111101111011111111011110111000000001111111111111111111111111111111111111111111111111111111111111111111111110011111001111101000000111110110110000010111111111111111101000000000001111111111000001000111000000000000000000000000000000000000000000000011111111111111000001111111111111111011011000011111111110000000000000000000111111111111111111111111100011111111111111111111111111100000111111100001111111111110
011111111111111111110011011101110111101000000011101111111111111111111111111111111111111111111111111111111111111111111111011111111111101100001111111111010000110101011111001111101000000000011111111111000000000001111110000000000000000000000000000000000000000000111111111111000111111101111111100111110000001111011100000000000000000001111111111111111111110000111111111111111111111111111111111000111111110001111111111110
111111111111111111100011111000000011111100000011100011111111111111111111111111111111111111111111111111111111111111111111111111111111111101011111111101110011100111111111111111111000000000001111111111000000000011111111100000000000000000000000000000000000000001111111111111101111111111110011111110000000000111001100000000000000000011111111111111111110110000100111111111111111111111111111110000111111100001111111111110
111111111111111111110001010000000000111100000001100001111111111111111111111111111111111111111111111111111111111111111111111111111111111111111111111001110011111111111111110111111000000000000111100110000000001111111111000000000000000000000000000000000000000011111111111111101111111111111011011110000111011111000000000000000000000011111111111111011110000000000111111111111111011110111111110000111111111011111100111111
111111111111110110110000011000000000011100000001110111111111101111111111111111111111111111111111111111111111111111011111100111111111111111111111111001100001111111000111111111100000000000000111111110000000111111111111100000000000000000000000000000000000011111111111111111111111101111111111111110111111111110000000000000000000000011111111111111111110000000001111000111111111111001101111111111111111111111111111111111
111111111111111111110000001000110011111100000111111111111111111111111111111111111111111111111111111111111111111111111111111110110111111111111111111000000001111111011011111111110000000000000011111110000011110111111111100000000000000000000000000000000000000011111111111111111111111111111111110111111111111110000000000000000000000001011111111111101100000000001111100011111111110011100000100111111111111111111111111111
111111111111111011111111001110111010111101111111111111111111111111111101111111111111111111111111111111111111111111111111111111100111111111111111111000000001111001111111000000110000000000000001111111000001110111111111110000000000000000000000000000000000000001111111111111111111111110111111111111001111111100000000000000000000000001111111111111110100000000011111111000111111110000100000000111101101111111111111111111
111111111111110111111101111111111111111111000011111101111111111111111111111111111111111111111111111111111111111111111111111111111111111111111111111100000001111101111111000000000000000000000000110001111111111111111111110000000000000000000000000000000000000001111111111111111111111111111111111111000111100000000000000000000000000000010111111111111000000000011111111111111111000011100010001100011111111111111111111111
111111111111111111111111100111111111111111000111111111110111111111111111111111111111111111111111111111111111111111111111111111111111111111111111111100000011111111111111000000000000000000000000000000000111011111111110000000000000000000000000000000000000000001000010111100011111111111111111111111100111110000000000000000000000000000011111111111111000000001111111110001111100000001100010111000011111111111111111111111
111111111110111111111001100111111111011111111111111111111111111111111111111111111111111111111111111111111111111111111111111111111111111111111111111100000011111111110111000000000000000000000000000000001111111111111100000000000000000000000000000000000000000011000000111110010111111111111111111111111111100000000000000000000000000000000011111111110100100001011000000001111100111000100011100000111111111111111111111111
111111111111111111110001111110111111111111111111111111111111111111111111111111111111111111111111111111111111111111111111111111111110111101111111100000001111010001111110000000000000000000000000000000001110111111111110000000000000000000000000000000000000000011110000110100000101111111111111111011111111110000000000000000000000000000000000001111111111100001001100000001111111100000111111001111111111111111111111111111
111111111111111111111111111111111111111111111111110011111111111111111111111111111111111111111111111111111111111111111111111111111111111101110010000110011100010000011100000000000000000000000000000000000000000111111000000000000000000000000000000000000000000010110011101111100111111111111111111111100011110000000000000000000000000000000000001111111111110001000100000011111110000000000111111111111111111111111111111111
111111111111111111111111111110111111111111111111011111111111111111111111111111111111111111111111111111111111111111111111111111111111111000000011100110001100011010110000000000000000000000000000000000000000000111100000000000000000000000000000000000000000000000110011001111111111111111111111111111000111111100100100000000000000000000000000011110111111100101000110001111111110000000000000111111111111111111111111111111
111111111111111111111111111111111111111111111111111110111111111111111111111111111111111111001111111111111111111111111111111111111110100000011011100110001111111111100000000000000000000000000000000000000000000011110000000000000000000000000000000000000000000000111011011111111111111111111111111100001111011111111100000000000000000000000000001111111110100111100011111111111110000000000000001111110111111111111111111111
111111101111111111111111111111111111111011111111111111111111111111011111111111111111111111111111111111111111111111111111111111111111100000011111101110000011111111000000000000000000000000000000000000000000000000000000000000000000000000000000000000000000000000111111111111111011111111111111111100011111011111011111000000000000000000000000000111111110100110000000111111101110000000000000001111110101111111111111111111
101111111111111111111111111111111111111011111111111111111111101111111111111111111111111111111111111111111111111111111111111111111111100000011011101111100000011110000000000000000000000000000000000000000000000000000000000000000000000000000000000000000000000000100011000111111111111111111111111000011111111110001100000000000000000000000011111111111111100100000000010110001100000000000000000111101111111111111111111111
111111111111111111111111111111111111111111111111101111111111111111111111111111111111111111111111111111111111111111111111111111111111100000010010111111100000000000000000000000000000000000000000000000000000000000000000000000000000000000000000000000000000000000000000011011111111111111111111111000001111110111111111000000000000000000000011111111111111001100000000000000000000000000000000111111100111111111111111111111
111111111111111111111111111111111111111111111111100111111111111111111111111111111111111111111111111111111111111111111111111111111111100000010010011111111110000000000000000000000000000000000000000000000000000000000000000000000000000000000000000000000000000000000011011110001111111111111111111111101111110001100111000000000000000000000001111111110000001110000000000000000000000000000001111111110111111111111111111111
111111111111111111111111111111111111111111111111100110111111111111111111111111111111111111111111111111111111111111111111111111011111111100011000011111111110000000000000000000000000000000000000000000000000000000000000000000000000000000000000000000000000000000000011111100000111111111001111111111101111000000110111111000000000000000000001111111110000001110000000000000000000000000000000101001110011111111111111111111
100111111111111111111111011111111111111111111111011111111111111110111111111111111111111111111111111111111111111111111111111111111111111100001000011111111100000000000000000000000000000000000000000000000000000000000000000000000000000000000000000000000000000000001111111100000000111111111111111111111110000000011000111000000000000000000111111111111000101111000000000000000000000000000011111111111111111111110111111111
000111000111111111111111111111111111111011111111111011111111111111111111111111111111111111111111111111111111111111111111111101100011111000001000001110000000000000000000000000000000000000000000000000000000000000000000000000000000000000000000000000000000000000111111111000000001111110111111111111111111000000001111110000000000000000001101111111110111111111000000000000000000000000010011110001100111111111110111111111
001110000011111111111111111111111111111111100011111111111111111111111111111111111111111111111111111111111111111111111111111101111111110001101100001110000000000000000000000000000000000000000000000000000000000000000000000000000000000000000000000000000000000000111111111000000001111111111101111111111111100000001000010000000000000000000111111111110111111111000000000000000000000000011111100000011111111111111111111111
001111000011111111111111011111111111111111111011100001111111100111111111111111111111111111111111111111111111111111111111111111111111111111110100000110000000000000000000000000000000000000000000000000000000000000000000000000000000000000000000000000000000000000111111100000000011111111111111111111111111100000000000011000000000000000000000111111111111111110000000000000000000000000001001100000011111111111111111111110
000100000011110011111101011111111111011111101111100000001111100001111111111111111111111111111111111111111111111111111111111111001111111111111100001111100000000000000000000000000000000000000000000000000000000000000000000000000000000000000000000000000000000000010111000000000011111011111111110010111111100000000000001000000000000000000000011111111111001111000000000000000000000000000000000000011101111110111110111100
000100001111111001111110111111111111110000001100100000001110000000111111111111111111111111111111111111111111111111111111111111111011111111101100001111110000000000000000000000000000000000000000000000000000000000000000000000000000000000000000000000000000000001110111001000000011111011111111000000111111100000000000001110000000000000000000001000000010001000000000000000000000000000000000000001011111111110011111110100
001110001111100000101110111111111111000000000100000000011100000000111111111111111111110111111111111111111111111111111111111111111111111111100000000111100000000000000000000000000000000000000000000000000000000000000000000000000000000000000000000000000000000011110111111100000011111111111111101100011010000000000000000011000000000000000000111000000011111000000000000000000000000000000000000011111111110111000110110000
011100001111000000111111111111111111000000000000000000011111110000111111111111111111110111111111111111111111111111101111111111111111111111000000011111110000000000000000000000000000000000000000000000000000000000000000000000000000000000000000000000000000000001110111111111100011001111111111011100110010000000000000000111000000000111000000100000000000000000000000000000000000000000000000000001111110100001101110000000
111111011000000111111110111111111111000000000000000000001111110001111111111111111111111111111111111111111111111111111111111011111111111111100000111111100000000000000000000000000000000000000000000000000000000000000000000000000000000000000000000000000000000001110011100001100011101111111111111111110000000000000000000111000001100101000111100000000000000000000000000000000000000000000000000000011110000011111100000000
111101110000001111111111111111111110000000000000000000011010111111111111111111111111101111111101111111111111111110111111100011111111111111100001111111100000000000000000000000000000000000000000000000000000000000000000000000000000000000000000000000000000000111010110000001100111100001111011110011110000000000000000000011000011111111000110000000000000000000000000000000000000000000000000000000111110000000101100000000
111100000000001111111111110011111110000000000000000000011111111111001111111111111111111110011111111111111111111111111111111101111101111111100011000011100000000000000000000000000000000000000000000000000000000000000000000000000000000000000000000000000011011111111110000000111111100000111011110011111000000000000000000111000011110011000110000011100000000000000000000000000000000000000000000000111100000000111100000000
111100000000001111111011100111111111000000000000000000011111111111000111111111111111011110111111111111111111111110010101111101111111111111100011000000000000000000000000000000000000000000000000000000000000000000000000000000000000000000000000000000000011111111111110000000000011000000111111101111111000000000000000000011000001000111100100000011110000000000000000000000000000000000000000000000011000000000111000000000
101100000000001111111111000111111111000000000000000000001111111111111111111111111110011111111111110111111111111111110001111111111111111111110111000000000000000000000000000000000000000000000000000000000000000000000000000000000000000000000000000000001111111111111111000000000000000000000011001111111111100000000000000001000011000001101100000111100000000000000000000000000000000000000000000000000000000000111000000000
000000000000001011111110001111111111100000000000000000001111111111011111111111111110011111111101111111111111111110000111111111111111111111100111000000000000000000000000000000000000000000000000000000000000000000000000000000000000000000000000000000011111111111111111000000000000000000000000000111111011100000000000000011000011110001110111100111000100000000000000000000000000000000000000000000000000000000111000000000
000000000000000111111110001101111111110000000000000000000011111111111111111111111000011111111111111111111111111110000111111111111111111111110111100000000000000000000000000000000000000000000000000000000000000000000000000000000000000000000000000000000111111111111100000000000000000000000000000111111011110000000000000111100011010000100111101111111110000000000000000000000000000000000000000000000000000000010100000000
000000000000000111100000001101000111110000000000000000001011111111111101111111111111111111111111111111111111111110110111111111111111111111111111110000000000000000000000000000000000000000000000000000000000000000000000000000000000000000000000000000000011111111111110000000000000000000000000000111111011100000000000000011111101010000111111111111111100000000000000000000000000000000000000000000000000000000011100000000
000000000000000001000000000000000111100000000000000000001001111111111111111111111111111111111111111111111101110111111111111111111111111111111101011111000000000000000000000000000000000000000000000000000000000000000000000000000000000000000000000000000000111111111111100000000000000000000000000001111111000000000000000011111111110000000000011111111110000000000000000000000000000000000000000000000000000000001100000000
000000000000000000000000000000000011100000000000000000001111111101111111111111111111111111111111111111111111111111111111111111111111111001111111111111000000000000000000000000000000000000000000000000000000000000000000000000000000000000000000000000000011111111111111100000000000000000000000000001111100000000000000000011101000000000000000011111111111000000000000000000000000000000000000000000000000000000011100000000
000000000000000000000000000000000001100000000000000000011111111111111111111111111111111111111111111111111111111111111111111111111111111111111111111110000000000000000000000000001111010000000000000000000000000000000000000000000000000000000000000000000111111111111111100000000000000000000000000001111100000000000000000010001000000000000000011111111111000000000000000000000000000000000000000000000000000000011100000000
000000000000000000000000000000000001000000000000000000001111111111111111111111111111111011111111111111101111111111101111111111111111111000011111111110000000000000000000000000001111111111000000000000000000000000000000000000000000000000000000000000000011111111111111100000000000000000000000000000011110000000000000000000000000000000000000011111111111110011110000000000000000000000000000000000000000000000011100000000
000000000000000000000000000000000000000000000000000000011111111111111111111111110111111011111101111110111111111111111111111111111111110000000111111100000000000000000000000000001101111111111000000000000000000000000000000000000000000000000000000000000011111111111111100000000000000000000000000000001111000000000000000000000000000000000000001111111111110011110000000000000000000000000000000000000000001100011000000000
000000000000000000000000000000000000000000000000000000011111111111111111111111111111111111111111111111111011011111111111111111111111110000001101111000000000000000000000000000001001111111011110000000000000000000000000000000000000000000000000000000000011111111111111000000000000000000000000000000000011100000000000000000000000000000000000001111111111111111111110000000000000000000000000000000000000011101111000000000
000000000000000000000000000000000000000000000000000000011111111111111111111111111111111111111111111111001000011111111111111111111111100000000101111000000000000000000000000000001010111011111111000000000000000000000000000000000000000000000000000000000011111111111111100000000000000000000000000000000000000000000000000000000000000000000000000111111111010011101110000000000000000000000000000000000001111111001000000000
000000000000000000000000000000000000000000000000000000000111011101111111111111111111111111111111111111001000101111111111111111111111000000000111111000000000000000000000000000011111111111111101100000000000000000000000000000000000000000000000000000000000011111111111000000000000000000000000000000000000000000000000000000000000000000000000000000010111000001101110000000000000000000000000000000000001111110000000000000
000000000000000000000000000000000000000000000000000000000011011111111111111111111111111111111111111011111110111111111111111111110001100000000001111000000000110000000000101100011111111111111111100000000000000000000000000000000000000000000000000000000000000001101111000000000000000000000000000000000000000000000000000000000000000000000000000000011101100011101111100000000000000000000000000000000000111000000000000000
000000000000000000000000000000000000000000000000000000000000000011111111111111111111111111111111100011111111111111111111111111111111100000000000011000000001110000000111111110011111111111111111100000000000000000000000000000000000000000000000000000000000000000111000000000000000000000000000000000000000000000000000000000000000000000000000000000011111110111111111111000011100000000000000000000000001111100000000000000
000000000000000000000000000000000000000000000000000000000000000011111111111111111111111111111110111111111111111111111111111111111111111100000000000000000001111000001111111111011111111111111111000000000000000000000000000000000000000000000000000000000000000000001000000000000000000000000000000000000000000000000000000000000000000000000000000000011111111111000011111111111100000000000000000000000001101110000000000000
000000000000000000000000000000000000000000000000000000000000000011111111111111111111111111111111011111111111111111111111111111111111100000000011000000000001110000000111111111111111111111111111000000000000000000000000000000000000000000000000000000000000000000000000000000000000000000000000000000000000000000000000000000000000000000000000000000000111111110001110111000011111000000000000000000000000111110000000000000
000000000000000000000000000000000000000000000000000000000000000001111111111111111111111111111111111111111111111111111111111111110011110000100011000000000001111100111111111111111111111111111110000000000000000000000000000000000000000000000000000000000000000000000000000000000000000000000000000000000000000000000000000000000000000000000000000000000101111100001111101101111110000000000000000000000000011100000000000000
000000000000000000000000000000000000000000000000000000000000000001111111111111111111111111111111111111001111111111111111111111101111110111101111000000000000011111111111111111111111111111111110000000000000000000000000000000000000000000000000000000000000000000000000000000000000000000000000000000000000000000000000000000000000000000000000000000000000011100001111110011111110000000000000000000000000001100000000000000
000000000000000000000000000000000000000000000000000000000000000001111111111111111111011111111111111111111111111111111111111110111111111111111011000000000010011110011111111111111111111111111111110000000000000000000000000000000000000000000000000000000000000000000000000000000000000000000000000000000000000000000000000000000000000000000000000000000000001000001111011111111110000000000000000000000000000100000000000000
000000000000000000000000000000000000000000000000000000000000000000011111111111101111111111111110011111111111111111111110011111111111111111111011000000011111111110001111111111111111111111111111110000000000000000000000000000000000000000000000000000000000000000000000000000000000000000000000000000000000000000000000000000000000000000000000000000000000000000001111001100011100000000000000000000000000000100000000000000
000000000000000000000000000000000000000000000000000000000000000000111111111111001011110111111111110111111111111111111110111101111111111011111111000000011111111100011111111111111111111111111111110000000000000000000000000000000000000000000000000000000000000000000000000000000000000000000000000000000000000000000000000000000000000000000000000000000000000000001110001110011100000000000000000000000000000100000000000000
000000000000000000000000000000000000000000000000000000000000000000000111111011111011110000110111111111111111111111111110111111111111111111110110000000011111111111111111111111111111111111111111111110000000000000000000000000000000000000000000000000000000000000000000000000000000000000000000000000000000000000000000000000000000000000000000000000000000000000000100001000111110000000000000000000000000000100000000000000
000000000000000000000000000000000000000000000000000000000000000011100111111111111111111000011111111111111111111111111111111111111111111111111111000000000001011111111111111111111111111111111011111110000000000000000000000000000000000000000000000000000000000000000000000000000000000000000000000000000000000000000000000000000000000000000000000000000000000000000000000000111110000000000000000000000000000110000000000000
000000000000000000000000000000000000000000000000000000000000000111111101111111111111111001111111111111111111111111111111111111111111111111111011100000000000111111110111111111111111011111111000111100000000000000000000000000000000000000000000000000000000000000000000000000000000000000000000000000000000000000000000000000000000000000000000000000000000000000000000000000100110000000000000000000000000000011000000000000
000000000000000000000000000000000000000000000000000000000000000111111101111111111111111001111110111111111111111110111111111111111111111111111001000000000011111111111111111111111111011111110000000000000000000000000000000000000000000000000000000000000000000000000000000000000000000000000000000000000000000000000000000000000000000000000000000000000000000000000000000000000000000000000000000000000000000001100000000000
000000000000000000000000000000000000000000000000000000000000000111011101011111111111111001111111111111111111111111111011111111111111111111110011000000011011111111111111111111111111111111000000000000000000000000000000000000000000000000000000000000000000000000000000000000000000000000000000000000000000000000000000000000000000000000000000000000000000000000000000000000000000000000000000000000000000000110100000000000
000000000000000000000000000000000000000000000000000000000000000000011011111111100111111000001111111111111110111111111111111111111111111111000110000000111111111101111111111111111111111111111000001001000000000000000000000000000000000000000000000000000000000000000000000000000000000000000000000000000000000000000000000000000000000000000000000000000000000000000000000000000000000000000000000000000000000111110000000000
000000000000000000000000000000000000000000000000000000000000000000011010011111100001101011111111111110111110111111111111111111111111111111000011000000110111101111111111111111111111111111111000111111000000000000000000000000000000000000000000000000000000000000000000000000000000000000000000000000000000000000000000000000000000000000000000000000000000000000000000000000000000000000000000000000000000000111100000000000
000000000000000000000000000000000000000000000000000000000000000000001110000111100101001111111011111111111110111111111111111111111111111111100011100000110111111111111111111111111111111111111111111111100000000000000000000000000000000000000000000000000000000000000000000000000000000000000000000000000000000000000000000000000000000000000000000000000000000000000000000000000000000000000000000000000000001110000000000000
000000000000000000000000000000000000000000000000000000000000000000000000000111111100001111111111111111111110111001111111111111111111111111111111100001111101111111111111111111111111111111111111111111111000000000000000000000000000000000000000000000000000000000000000000000000000000000000000000000000000000000000000000000000000000000000000000000000000000000000000000000000000000000000000000000000000000111100000000000
000000000000000000000000000000000000000000000000000000000000000000000000000001111000000111111111111111111110011101111111101111111111111111111111110001111110111111111111111111111111111111111111111111111000000000000000000000000000000000000000000000000000000000000000000000000000000000000000000000000000000000000000000000000000000000000000000000000000000000000000000000000000000000000000000000000000000111110000000000
000000000000000000000000000000000000000000000000000000000000000000000000001111010000110111111111111111111000000111111111111111111111111111111111100001101111111111111111111111111111111101011111111111111100000000000000000000000000000000000000000000000000000000000000000000000000000000000000000000000000000000000000000000000000000000000000000000000000000000000000000000000000000000000000000000000000000100011000000000
000000000000000000000000000000000000000000000000000000000000000000000000001000000000111111111111111111111100111111111111111111111111111111111111100111101111111111111111111111111111111011111111111100111000000000000000000000000000000000000000000000000000000000000000000000000000000000000000000000000000000000000000000000000000000000000000000000000000000000000000000000000000000000000000000000000000000100011000000000
000000000000000000000000000000000000000000000000000000000000000000000000001100000000111111111111111111000111111111111011111111111111111111111110111110000111101111111111111111111111111111111110111110010000000000000000000000000000000000000000000000000000000000000000000000000000000000000000000000000000000000000000000000000000000000000000000000000000000000000000000000000000000000000000000000000000000000011000000000
000000000000000000000000000000000000000000000000000000000000000000000000000100000000001111111111111111100111110111111111011111111110010111111111000000000111111111111111101111111111111111111100111111110000000000000000000000000000000000000000000000000000000000000000000000000000000000000000000000000000000000000000000000000000000000000000000000000000000000000000000000000000000000000000000000000000000010111000000000
000000000000000000000000000000000000000000000000000000000000000000000000011100000000011111111111111111000110111111111111111111110111011111111111100000011111111111111111111111111111111111111100011111110000000000000000000000000000000000000000000000000000000000000000000000000000000000000000000000000000000000000000000000000000000000000000000000000000000000000000000000000000000000000000000000000000000111111000000000
000000000000000000000000000000000000000000000000000000000000000000000011110000000000001111111111111111001111111111111111110111111111101111111111100000011111111111111111111111111111111111110000011111100000000000000000000000000000000000000000000000000000000000000000000000000000000000000000000000000000000000000000000000000000000000000000000000000000000000000000000000000000000000000000000000000000000100111000000000
000000000000000000000000000000000000000000000000000000000000000000111111000000000000001111111111110111001111111111111111111111111111111111011111100000011111111111101111111111111110001111011111111111100000000000000000000000000000000000000000000000000000000000000000000000000000000000000000000000000000000000000000000000000000000000000000000000000000000000000000000000000000000000000000000000000000000110111000000000
000000000000000000000000000000000000000000000000000000000000000001111011000000000000001111111111111111111111100111111111111111111111111111111111100000011111111111000111111111111111000111011010011111110000000000000000000000000000000000000000000000000000000000000000000000000000000000000000000000000000000000000000000000000000000000000000000000000000000000000000000000000000000000000000000000000000000010011110000000
000000000000000000000000000000000000000000000000000000000000000001111000000000000000000111111111111111111111100111111111111111111111100111111111110000011111111111111111111111111111110111100010011110010000000000000000000000000000000000000000000000000000000000000000000000000000000000000000000000000000000000000000000000000000000000000000000000000000000000000000000000000000000000000000000000000000000010111110000001
000000000000000000000000000000000000000000000000000000001000000001110000000000000000000111111111111111011011101111111111111111111011101111001011110000011111111111111111111111111111111111101111111100010000000000000000000000000000000000000000000000000000000000000000000000000000000000000000000000000000000000000000000000000000000000000000000000000000000000000000000000000000000000000000000000000000000011111111000001
000000000000000000000000000000000000000000000000001111001100000001110000000000000000001111111111111111000000111111111111111111111111111100001111110000011111111111111111111110111111111111111111110100110000000000000000000000000000000000000000000000000000000000000000000000000000000000000000000000000000000000000000000000000000000000000001000000000000000000000000000000000000000000000000000000000000000011111111000011
000000000000000000000000000000000000000000000000011111111100100011000000000000000000001100101111111011000000000000011111111111111111111100011111110000011111111111111111100110111111111111111000000111111000000000000000000000000000000000000000000000000000000000000000000000000000000000000000000000000000000000000000000000000000000000000001000000000000000000000000000000000000000000000000000000000000000010001111111111
000000000000000000000000000000000000000000000000000111111111110010000000000000000001001000001111111111000000000000000111111111111111111110011110010000001111111111111111110111111111111111011000000001011000000000000000000000000000000000000000000000000000000000000000000000000000000000000000000000000000000000000000000000000000000000000001110000000000000000000000000000000000000000000000000000000001001111100000001111
000000000000000000000000000000000000000000000000111111011111100011110000000000000011110000000011011111000000000000011111111111111111111111011110010000001111111111111111111111111111111111111110000001110000000000000000000000000000000000000000000000000000000000000000000000000000000000000000000000000000000000000000000000000000000000000001110000000000000000000000000000000000000000000000000000000001111111100000000111
000000000000000000000000000000000000000000000000111100000000100001110000000000000011110000000000000011000000000000000010111111111111111111100100010000001111111111111111111111111111111111111111100011100000000000000000000000000000000000000000000000000000000000000000000000000000000000000000000000000000000000000000000000000000000000000111110001000000000000000000000000000000000000000000000000000001111111100000101111
000000000000000000000000000000000000000000000000011111000000110001111000001100001110011000000000000111100000000000000010111111011111111111111100010000001111111111101111101111111111111111110111111011100000000000000000000000000000000000000000000000000000000000000000000000000000000000000000000000000000000000000000000000000000000000001111111111110000000000000000000000000000000000000000000000001111111111110001111111
000000000000000000000000000000000000000000000000011110000011110001111100001111111110011000000000001111100000000000011111111111111111111111111011110000001111111111011111111111111111111011111011111110111000000000000000000000000000000000000000000000000000000000000000000000000000000000000000000000000000000000000000000000000000000000011111011111110000000000000000000000000000000000000000000000001111111111110111111111
000000000000000000000000000000000000000000000000000011000010111101111100011111111100011000000000000111000000000000011111111111111111111110111110000000001111111111111101111111111111111111111111011110001000000000000000000000000000000000000000000000000000000000000000000000000000000000000000000000000000000000000000000000000000000000010111111111110000000000000000000000000000000000000000000000011111111111110111100011
000000000000000000000000000000000000000000000000000011110010111101111101110111111111111100000000000000000000000000011111111111111110001111011010000001111111111111110111111111111110111001111110000111011110000000000000000000000000000000000000000000000000000000000000000000000000000000000000000000000000000000000000000000000000000000011111111111111111000000000000000000000000000000000000000000011111111100010111101100
000000000000000000000000000000000000000000000000000111100010111111000101000111111100111100000000000000000000000011111111111111111110000111111100000011111111111111111110111111111110110000111110000000011110000000000000000000000000000000000000000000000000000000000000000000000000001000000000000000000000000000000000000000000000000001111111111111111111100001100000000000000000000000000000000000011111111111110011011111
000000000000000000000000000000000000000000000000000110100011111110000101111111011100011100000000000000000000000011111111111111111110001111110001000011111001111111111111111111111111000000111110000111111100000000000000000000000000000000000000000000000000000000000000000000000110001010000000000000000000000000000000000000000000000000111111111111111111111011110000000000000000000000000000000000111111111111110001011111
000000000000000000000000000000000000000000000011110111100011110010000111101111001100111100000000000000000000000011111111111111111110000111110001000000001110111111111111111111111100011110011110001111111000000000000000000000000000000000000000000000000000000000000000000000001111111111000000000000000000000000000000000000000000000011111111111111111111111111111000000000000000000000000000000000100111111011111111011111
000000000000000000000000000000000000000000000011110111100000110011111100111111111110011000000000000000000000000011111111111111110110000011111011000000000011111111111111111111111111111110011110001111111000000000000000000000000000000000000000000000000000000000000000000000111111111111100000000000000000000011110011100000000000000001011111110011111111111111110000000000000000000000000000000000000111000011111100111111
000000000000000000000000000000000000000000000011011111000000111100001100101100111110110000000000000000000000000001111111111110111100111011111110000000000000111111111111111111111111111111111111100111101000000000000000000000000000000000000000000000000000000000000000000011111111111111110000000000000000000110010111100000000000000001111111110011110111101110111100000000000000000000000000000000000111110011111101111111
000000000000000000000000000000000000000000000010010111000001111000001110111101111111100000000000000000000000000001111111111111110100111100001100000000000000011111111111111111111111111111111111100011111000000000000000000000000000000000000000000000000000000000000000001111111101111111110000000000000000011100111111100001000000001111111111100001111101101010001100000000000000000000000000000000000000110111111011111111
000000000000000000000000000000000000000000000011100111110011111000011111111101111011000000000000000000000000000001110111111111111111111100001011111000000000011111111101111111111111111111111111011111110000000000000000000000000000000000000000000000000000000000000000000011111101111111111000000000000000010011011111110101000000001111111111110001111111100101011110000000000000000000000000000000000011111111110111111111
000000000000000000000000000000000000000000000011111111110011111000111111111110111111000000000000000000000000000000110011111111111111111100011111111001111000111111111111111111111111111110111111011111110000000000000000000000000000000000000000000000000000000000000000000011111110111111111000000000000111110110111011111111110000000111111111110001111111101101111100000000000000000000000000000000000011110111101111111111
000000000000000000000000000000000000000000000000011111110000100000011111111111111110000000000000000000000000000000000111111111111111111000011101110000110010111111111111111111111111111111111111111111110000000000000000000000000000000000000000000000000000000000000000011111111110111111111000000000011100001110111111110011110000000111111111111000111111011101111110000000000000000000000000000000000011110111011111111111
000000000000000000000000000000000000000000000000001111111100000000000001111111111100000000000000000000000000000001011111111111111101111100100111111111111111111111111110101111111111111110111111110111111000000000000000000000000000000000000000000000000000000000000000001111111110111111111110000000010011111111000111010011110000000111110111110001111100111101111000000000000000000000000000000000000111110000111111111111
000000000000000000000000000000000000000000000000011111111100000000000001101111000000000000000000000000000000000001111111111111111111100001111111110111111010011111111111000101111111111111111110111111111100000000000000000000000000000000000000000000000000000000000000011000101111111111111111000000010111111111111000011011100010000011111111111001000011111110111000000000000000000000000000000000000001111001111111111111
000000000000000000000000000000000000000000000000011111111100000000000000101111000000000000000000000000000000000011111111110000110111110001111011110111011110011111111110000111111111111111111111111111111110000000000000000000000000000000000000000000000000000000000000110000111100001111111111000000010111111111111111011011110111011111111111111111011111111001011000000000000000000000000000000000000000011010111111111111
000000000000000000000000000000000000000000000000001111111100000000000000111011000000000000000000000000000000000011111110110000010011110000111111111111110000000111011110000111111111111111111111111111111110000000000000000000000000000000000000000000000000000000000000011101111000011111111111100001110111111111111111011000100111111111111111111100111111110111111100000000000000000000000000000000000000001011011111111111
000000000000000000000000000000000000000000000000000110111000000000001101111111000000000000000000000000000000000011111110110000011111110000000000011111110000000011111110111111111111111111011111111111110010000000000000000000000000000000000000000000000000000000000000101111111100011111111111111111001111111111111111011010100111111111111111111101111111110111111100000000000000000000000000000000000000011111011111111111
000000000000000000000000000000000000000000000000000000111000000000011111111111000000000000000000000000000000000000111000000000011100110000000000010101000000000011111111111111111111111100011111111111110010000000000000000000000000000000000000000000000000000000000111111101111001111111111111101000111111111111111110111010111001111111111111100011111111110111011100000000000000000000000000000000000000000111011111111111
000000000000000000000000000000000000000000000000000000011000000000001101111111000000000000000000000000000000000000101011000000000000000000000000000100000000000001101111111111111111111101111111111011110000000000000000000000000000000000000000000000000000000000011111111001001101111111111110110111111111111111111111000111011101111111001111011111111111110111000000000000000000000000000000000000000000001110111111111111
000000000000000000000000000000000000000000000000000000001100000000001111111111100000000000000000000000000000000000111111000000000000000000000000000100000000000000111111111111111111011111110010111110000000000000000000000000000000000000000000000000000000000000011101110000001101111111111111110111111111111111111111111111100100000100001110111111111111110111000000000000000000000000000000000000000000111101111111111111
000000000000000000000000000000000000000000000000000000001000000000000111001101100000000000000000000000000000000000001111000000000000000000000000000100010000000000111111111111111111111111111010111100000000000000000000000000000000000000000000000000000000000000010111000000000111011111111111101111111111111111111111111111110100100111111001111111111111110111000000000000000000000000000000000000000001111011111111111111
000000000000000000000000000000000000000000000000000000001100000000000111111100000000000000000000000000000000000000011101100000000000000000000000000100110000000000111111111111111111111010011110011000000000000000000000000000000000000000000000000000000000000000010111000000000111111110011111011111111111111111111111111111110111111111100111111111111111110110000000000000000000000000000000000000000001100111111111111111
000000000000000000000000000000000000000000000000000000000110000111000110000000000000000000000000000000000000000000111111100000000000000000000000000111111000000000111111111111111111100010111000001000000000000000000000000000000000000000000000000000000000000000011100000000000000011111111111011111111111111111111111111111111001111000011111111111111111111011110000000000000000000000000000000000000011110111111111111111
000000000000000000000000000000000000000000000000000000000011011110000000000000000000000000000000000000000000000000111111100000000000000000000000000111111000000000011111111111111110000110101000000000000000000000000000000000000000000000000000000000000000000000000000000000000000011111111111101111111111111111111111111111111110110111111111111111111111111100010000011100000000000000000000000000000011010111111111111111
000000000000000000000000000000000000000000000000000000000001111001000000000000000000000000000000000000000000000000111111000001000000000000000000000111100000000111111111111111111111001111111000000000000000000000000000000000000000000000000000000000000000000000000000000000000000011111111111011111111111111111111111111111111111001111111111111111111111111111011000111110000000000000000000000000000001010111111111111111
000000000000000000011100000000000000000000000000000000000000001011100000000000000000000000000000000000000000000000000111111111000000000000000000010111111110000111111111111111111111111111111110000000000000000000000000000000000000000000000000000000000000000000000000000000000000001100011110000111111111111111111111111111111111111111111111111111111111111111011011101000000000000000110000000000000000010111111111111111
000000000000000000111110000000000000000000000000000000000000001111100010000000000000000000000000000000000000000000000010011111000000000000000000011111100010000100001111111111111110111111111010000000000000000000000000000000000000000000000000000000000000000000000000000000000000001100001110011001111111111111111111111111111111111111111111111111111111111111011111111110000000000000110000000000000000110111111111111111
000000000001000110111011000000000000000000000000000000000000001111110111111000000000000000000000000000000000000000000110000000000000000000000000001110100111111110000111111111111110111111111110000000000000000000000000000000000000000000000000000000000000000000000000000000000000001110001101111110111111111111111111111111111111111111111111111111111111111110111111111110000000000001111000000000110011011011111111111111
000000000011001111111111000000000000000000000000000000000000011111110111111000000000000000000000000000000000000000000011111000000000000000000000001100000111101110000001111111011111111111111111000001100000000000000000000000000000000000000000000000000000000000000000000000000000000111001111100111011111100111111111111111111111111111111111111111111111111110111111001001100000000001111100000000111111111101111111111111
000000000011111111011011000110010000000000000000000000000000011111111111111000000000000000000000000000000000000000001111111000000000000000000000000000000000000000000011111111111111111111111111110001100000000000000000000000000000000000000000000000000000000000000000000000000000011111000111100011101111011011111111111111111111111111111111111111111111111110111110001001110001110111111100000001111001100011111111111111
000000000001111111111111111111111000000000000000000000000000011111111111111100000000000000000000000000000000000000000011111111000000000000000000000000000000000000000001111111000000111111111000011001110000000000000000000000000000000000000000000000000000000000000000000000001101110110000011110011110100111101111111111111111111111111111111111111111111111111001100001001100001111111111111000001000001110111111111111111
000000000000001111111111101111111000000000000000000000000000011111111111111100000000000000000000000000000000000000000011101001100000000000000000000000000000000000000011111111100000111111111111001011100000000000000000000000000000000000000000000000000000000000000000000000001101100110011101111111110011011101111111111111111111111111111111111111111111111111101100001011111001111111111111111111011011101111111111111111
000000000000011111111111101111111000000000000000000000000000011111111111111100000000000000000000000000000000000000000000000001100000000000000000000000000000010000000011111111110000111111111110001111100000000000000000000000000000000000000000000000000000000000000000000000011101111111111101111100111111011101111111111111111111111111111111111111111111111111110011101111111100111111111111100000111010110111111111111111
000000000000011111111111011111111100001000000000000000000010111111111111111100000000000000000000000000000000000000000000001110111100000000000000000000000000011100000111111111111000011011111111011111111111000000000000000000000000000000000000000000000000000000000000000000011111111110111111010100011011110101111111111111111111111111111111111111111111111111111111110111111101111111111111011111111010101111111111111111
000000000000000111111111111111111101011100000000000000000111111111111111111110000000000000000000000000000000000000000000011110000100000000000000000000000000011111101111111111111110001011111111111111111111100000000000000000000000000000000000000000000000000000000000000000011111111111111100000000110110111101111111111111111111111111111111111111111111111111111111111001111111101011111111101111111011101111111111111111
000000000000001111111111111111111111111100000000000001110111111111111111111111000000000000000000000000000000000000000000001111100110000000000000000000000000001111111111111111111111111111111111111111111111100000000000000000000000000000000000000000000000000000000000000000111101110111000000000011100111111101111111111111111111111111111111111111111111111111111111111110110001010100110011101111111100011111111111111111
000000000100111111111111111111111111111110000000000001111111111111111111111111100000000000000000000000000000000000000000000111101111000000000000000000000000001111111111111111111111101111111101100011111111000000000000000000000000000000000000000000000000000000000000000001111100111100000000000000000111111100111111100111111111111111111111111111111111111111111111111110110110111111001100011111111111111111111111111111
000000111110111111111111111111111111111110000000000011110001001111111111111111110000000000000000000000000000000000000000001111100111000000000000000000000000000111111001111111111111111111111101111111111110000000000000000000000000000000000000000000000000000000000000000000010000000000000000000000000111111111011111011001111111111111111111111111111111111111111111111111001111111111111111111111111111111111111111111111
000001110110010111111111111111111111011110000000000011111111011111111111111111110000000000000000000000000000000000001100001111100110000000000000000000000000000111010001111111111111111101111111111111111110000000000000000000000000000000000000000000000000000000000000000000000000000000000000000000000110100110000000001110111111111111111111111111111111111111111111111111111111111111111111111111111111111111111111111111
000000100111111111111111111111111111011111111000011111111111111111111111111111100000000000000000000000000000000000001111101111111100000000000000000000000000000000111100111111111111111101111111111111111110000000000000000000000000000000000000000000000000000000000000000000000000000000000000000000000000111111111111111110111111111111111111111111000111111111111111111111111111111111111111111111111111111111111111111111
000000111111111111111111111111111111111100011000111111111111100111111111111111100000000000000000000000000000000001001111111111101100000000000000000000000000000000000000111111111111111111111111111011111111000000000000000000000000000000000000000000000000000000000000000000000000000000000000000110000000111110000011111101111111111111111111111110111001111111111111111111111111111111111111111111111111111111111111111111
000001110011111111111111111110111111111011111010101111110011101111111111111111100000000000000000000000000000000101111111111111101100000000000000000000000000000000000001111111111111111111111111110011111001000000000000000000000000000000000000000000000000000000000000000000000000000000000000001110000010111111000011111011111111111111111111111110111110100111111111111111111111111111111111111111111111111111111111111111
000011111000111111111111111111111111111111110111111111100011111111111111111000110000000000000000000000000000000111011111111111001100000000000000000000000000000000000101111111111111111111111111100111111111000000000000000000000000000000000000000000000000000000000000000111110000000000000000001110000011110110000111111101111111111111111111111111011111011011111111111111111111111111111111111111111111111111111111111111
000111100000111111111111111111111111111111111111111111100111011111111110000000010000000000000000000000000000111111111111111111001000000000000000000000000000000000000111111111111111100011111111100111111110000000000000000000000000000000000000000000000000000000001110001111010000111111110000001110000011111110001111010011111111111111111111111111101111111101100011111111111111111111111111111111111111111111111111111111
000111110000111111111111111111111111111111111111101111111111011111111110000000010000000000000000000000000001101111111111011111111000000000000000000000000000000000001111111111111111000111111111100101111100000000000000000000000000000000000000000000000000000000001110001100000000111111111111111111000010111000000011010001111111111111111111111111110111101101011101111111111111111111111111111111111111111111111111111111
000111110111110111111111111111111111111111101111111101100001011110111111000000010110000000000000000000000011111111111111111111110000000000000000000000000000000000001111111111011111111101111111111111110100000000000000000000000000000000000000000000000000000000001110000111111011111111111111111101000000101000000000010110111111111111111111111111110111110101101100001111111111111111111111111111111111111111111111111111
000000100111111111111111111111111111111110111111111100111011111000000111000000011110000000000000000000000011111111111111111111110000000000000000000000000000000000000100111111111111100011111111100111110000000000000000000000000000000000000000000000000000000000011110011111001111111111111111111101100001111000000000011110111111111111111111111111110111111101101111110000111111101111111111111111111111111111111111111110
000000000111111111111111111111111111111110001111111111111111111000000111000001011110000000000000000000111111111111111111111111100000000000000000000000000000000001111101111111111100110111011111100111000000000000000000000000000000000000000000000000000000001111001111011111101111111111111111111110100000100000000000000110111111111111111111111111100111110011011111111111001111010111111111111111111111111111111111111110
000000000011111111111111111111111111111111101111111110111111101000000111100001111100000000000000000000001111011111111111111111000000000000000000000000000000000011111111000011111000010011011110000111110000000000000000000000000000000000000000000000000000011111001110111111111111111111111111111111110011100000000000000110110001111111111111111100011111110111011111111111110000110011111111111111111111111111111111111111
000000000111111111111111111111111111111111110111111111111100001000000010000011110110000000000000000000001111111111110111111110000000000000000000000000000000000010111111100111110000011000010000000111110000000000000000000000000000000000000000000000000000011111111111111101111101111111111111111111111111111000000000000101101110011111111111111011111111110001011111111101011110111101111111111111111111111111111111111110
000000000111111111111111111111111111111111111111111111111100011000000011000011111110000000000000000000000001111111000001011110000000000000000000000000000000000011111111100011110000011100000000000111110000000000000000000000000000000000000000000000000000000101111111111111111111111111111111111111111111111000000000000110110111100111111111111010100111111110111111111101000111111101111111111111111111111111111111110100
000000000111111111111111111111111111111111111111111111111111111100000001000110011110000000000000000000000001111111000000001110000000000000000000000000000000000011011111111111100000000110000000000101111000000000000000000000000000000000000000000000000000000001111111111111111111111111111111111111111111111100000000111110110111111011111111000010111111111010111111111111000111110001111111111111111111111111111111111100
000000000101111111111111111111111111111111111111111111111111111100000011100111111111100000000000000000000001111111110000001000000000000000000000000000000000011111111111001111110000000010000000000111110000000000000000000000000000000000000000000000000000000000111011111011111111111111111111111111111111111111000000110110111011111011111110111111111111111100111111111111111111110011111111111111111111111111110111111100
000000000111111111111111111111111111111111111111111111111110111100000000101111111111110000000000000000000011111111111110111000000000000000000000000000000000010011111110111111000000011111001110000111101111000000000000000000000000000000000000000000000000000000100011111111111111111111111111111111111111111111100000110001111011111011111101101111111111101111110011001111011001001111111111111111111111111111110111111000
000000001111111111111111111111111111111111111111111111111111111111000000111111111111110000000000000000000001111111111111100000000000000000000000000011000000011111111110011111110000011011001110000111001111000000000000000000000000000000000000000000000000000001100011111111111111111011111111011111111111111011111110110111111011110101111101111011111111111001110111101111111000111111111111111111110111111111111111111000
000000001111111111111111111111111111111111111111111111111111111001000000011111111111110000000000000000000001111111111111100000000000000000000000000011100000110111111111111111111000011011111000000100010111100000000000000000000000000000000000000000000000000001110111111111111111110011111110111111111111111111011111110111111101111101110001111111111101110001111111000110111101111111111111111111111111111111100111111100
000000001111111111111111111111111111111111111111111111111111111101000000011111111111010000000000000000000000001111101111100000000000000000000000000011110000110111111111111111110000111111110000000000011111100000000000000000000000000000000000000000000000000101111111011111111111111011111111110111111111111111111111111011111011110101001101111111111111000011000111000000110011111111111111111111111111111101100111100100
000000001101111111111111111111111111111111111111111111111111111111000000011111111111000000000000000000000000001111111111100000000000000000000000000001111111111111111111111111111100111111111100000000111111000100000000000000000000000000000000000000000000001111111111111111111111111111111111111111111111111111111111111100100111100100111111111111111100000001010111000000110011111111111111111111111111111111011111000100
000000000000011111111111111111111111111011111111101111111111111111100000011111111110000000000000000000000000001111110111000000000000000000000000000001111111111111101000111111111111111111111111000000011110000110000000000000000000000000000000000000000000001111111111111111111111111111111111101111111011111111111111111101011111100000011100111111111100000000011111000000111011111111111111111111111111111111111101001100
000000000000111111111111111111110111111111111111011111111111111110111000011111111010000000000000000000000000001111111111000000000000000000000000000000111111111111111001110111011111111111111110111000111111111110000000000000000000000000000000000000000000001111111111111111111111111111111111111011111111010001111111111111111111111001111101111110011101000000111110000000110000111111111111111111111111111111111011111110
000000000000011111111111111111111000111111111111111110111111111100111000001111110000000000000000000000000000000111111110000000000000000000000000000000011111111111110000000111111111111111111111111110111111111110000000000000000000000000000000000000000000011111111111111111111111111111111111111111111111100011111111111111111111111111111111011101011111000000110100000000110000011111111111111111111111111101111111010110
000000000000011110011111111111111000111111111111111111111111111110111110011011110000000000000000000000000000000011100000000000000000000000000000000000110111111110110000000111111111111111111111111111111111111110000000000000000000000000000000000000000000001111111111111111111110111111101110111111111111000011111111111111111111111111111111000101111111000000011100000000000000111111111111111111111111111111111111111100
000000000011111111101101111111100000011111111111111111111111101100111011111000110000000000000000000000000000000011111000000000000000000000000000000000111010001111100000001111100011111111111111111111111111101111000000000000000000000000000000000000000000011111111111111111111111111111100111111111111111100011111111111111111111111111111111000111111110001111110000000000000111111111111111111111111111111111111111110000
000000000111111111110110111111100000111111111111111111111111111110000000001000000000000000000000000000000000000001110000000111111100000000000000000000011110001011000000001111110011111111111111111111111111111110000000000000000000000000000000000000000000011111111111111111111111111111111111111111111111111111111111111111111111111111111111010111111111111100010000000000001111111111111111111111111100111111111111110000
000000000101111111111110111111100000111111111111111111111111111110000000001000000000000000000000000000000000000011111000000111111110000000000000000000000000001101001000001011110000111111111111111111111111111110000000000000000000000000000000000000000000001111111111111111111111111111111111111111111111101111111111111111111111111111111111111111111111111111110000000000001111111111111111111111111011111111111111111110
000000011101011101111111111111100000011111111111111111111110111100000000001000000000000000000000000000000000000111100111101111111010000000000000000000000000000001111100001010100000101111111111111111111111101010000000000000000000000000000000000000000000000111111111111111111111111111001111111111111111111111111111111111111111111111111111111111111111111110100000000000001111111111111111111111111111111111111111111111
000000001111001111111111111111111000011111111111111111111011111000000000001000000000000000000000000000000000000111110011110110000010000111000000000000000000001111110001101011000001111011011110011111111111100000000000000000000000000000000000000000000000000011111111111111111111111111111111111111111111111111111111111101011111111111111011111110111110111111000000000000000111111111111111111111111111111111111111111111
000000001110000101111111111111010001111111111111111111111011100000000000111001100000000000000000000000000000000011110111111111000011111111000000000000001001111111110111111110000000100001111100001111111111110000000000000000000000000000000000000000000000111111111111111111111111111111111111111111111111111111111111111111001111111111111111111010111111110110000000000000000111111111111111111111111111111111111111111111
000000000110000111111111111111010011111111111111111111110011000000000000111001111100000000000000000000000000000001011111111111000000111111110000000000001111111110010011010000000000100000011100001011111111000000000000000000000000000000000000000000011111111111111111111111111111111111111111111111111111111111111111111111000111111111111111100000010111110000000000000000000011111111111111111111111111111111111111111111
000000000000000111111111111111011111111111111111111111111111000000001000001111111100000000000000000000000000000000011111000111000000001111110000000000001111111110111111110000000000000000111100000011101111100000000000000000000000000000000000000000011100111111111111111111111111111111111111111111111111111111111111111111000011111111111111000000000111110000000000000000000011111111111111111111111111111111111111111111
000000000000111111111111111111111111111111111011111111111111000000001000001111111111100000000000000000000000000000000101000000000000011111000000000000000011111111111111000000000000000000011100000011111100110000000000000000000000000000000000000000011001111111111111111111111111111111111111111110111111111111111111111111000011111111111110000000000011111100000000000000000011111111111111111111111111111111111111111111
000000000000111111111111111111111111111101011110111111011110000000001110011111111111100000000000000000000000000000000000000000000000011110000000000000000011111111111110000000000000000000001100000000000111100000000000000000000000000000000000000000011110111111111111111111111111110111111111110010111111111111111110110011000001111111111110000000000011111100100000000000000011111111111111111111111111111111111111111011
000000000000111111100111111111111111111111111011110111101110011000011110111111111111110000000000000000000000000000000000000000000000111100000000000000000011111110100000000000000000000000000000000000000000000000000000000000000000000000000000000000001111111111111111001111111111110011111111111100111111111111101110011111111001111111110111000000001111111111111000000000000011111111111111111111111111111111111111111111
000000000000011000011111111111111111111110111111111111111110111111111111100011111111111000000000000000000000000000000000000000000001101100000000000000000011111110000000000000000000000000000000000000000000000000000000000000000000000000000000000000011111111111111111111111111111110011111111111101111111111111111100011111111101011111100101111001111111111110100000000000011111111111111111011111111111111111111111111111
000000000000011000111111111111111111111101111110111111111101111111000011000000100011111000000000000000000000000000000000000000000001111111111000000000000001111111100000000000000000000000000000000000000000000000000000000000000000000000000000000000001111111111111111111111111111111001111111111001111111111111111100111111111111111111100100011001111111111111100000000000111111111111111110111111111111111111111111111110
000000000000011000111111111111111111111101111100111111111111111001000000000000111110011100000000000000000000000000000000000000000001101100001100000000000001111111110000000000000000000000000000000000000000000000000000000000000000000000000000000000001110111111111111111111111011111111111111010001111111111111111001111111111001111111101101001101001111111111000000000000111110011111111111111111111111111111111111111100
000000000000111100111111111111111111111111111100111111111111111011000000000000111110001100000000000000000000000000000000000000000000101100011100000000000001100111110000000000000000000000000000000000000000000000000000000000000000000000000000000000001111111111111111111111110111111111111111110001111111111110011111111111111111110011111011100111111111111111100000000000000011101111111111111111111111111111111111111100
000000000001111100101111111111111111111111111110111111111111001010000000000000111100000100000000000000000000000000000000000000000000000011111110000000000001111111100000000000000000000000000000000000000000000000000000000000000000000000000000000000001111111111111111111111111111111111111111111000011101011110111000111111111111111111111111100001111111111111110000000000000000111111111111111111111111111111111111111110
000000000011111101111111111111111111111111111111111111010111101110000000000000001000000000000000000000000000000000000000000000000000000011111111100000000000100010111111100000000000000000000000000000000000000000000000000000000000000000000000000000000101111111111111110111110111110011110111111110011111111100111011111111111111111111111110000000011111111111010100000000000000101111111111111111111111111111111111111111
000000000011111111111111111111111111111110111111111111000001100000000000000000000000000000000000000000000000000000000000000000000000000001011111100000000000110011111111100000000000000000000000000000000000000000000000000000000000000000000000000000000111111111111111110111111111111100111111111111111111111111111110111111111111111111111111110000011111111111111110000000000001111111111011111111111111111111111111111111
000000000111111111111001111111111111111111111111100111000001111100000000000000000000000000000000000000000000000000000000000000000000000000011110000000000000010011110010000000000000000000000000000000000000000000000000000000000000000000000000000000000111111111111111100111111111101101111110111111111111111111101111111111111111111111111111100001110111111111111111000000000001011111111110111111111111111111111111111001
000000000011111110001100111111111111111111111101110110000000111000000000000000000000000000000000000000000000000000000000000000000000000000001110000000000000011110010000000000000000000000000000000000000000000000000000000000000000000000000000000000000011111111111110000001111111101001100111011111111111111111100100010111011111111111111111100001100111111111111111000000000001011111111111111111111111111111111111111001
000000000011111111111111111111111111101111111111111000000000110000000000000000000000000000000000000000000000000000000000000000000000000000000010000000000000011110000000000000000000000000000000000000000000000000000000000000000000000000000000000000000011011111111111000001111110001111100111111111111111111111111100011111011111001111111111100001100011111111100000000000000001101111111111100111111111111111111111111000
000000000001111111111111111111111110111110001111111100000000000000000000000000000000000000000000000000000000000000000000000000000000000001110111000000000000001111000000000000000000000000000000000000000000000000000000000000000000000000000000000000000001111110011111000001111100001001100011110000011111101111100000000011010111111111111111000000000010111111000000000000001111111111111111100111111111111111111111110000
000000000000111111111111111111110011001110001111110110000000000000000000000000000000000000000000000000000000000000000000000000000000000001111110000000000000111110000000000000000000000000000000000000000000000000000000000000000000000000000000000000000000111000011111100011111111001001100011100000011001111111111000000001000011111111111111000000000001111111000000000000001001111111111111110011111111111111111111100000
000000000000001001111111111111111011111101011111110011100000000000000000000000000000000000000000000000000000000000000000000000000000000001111100000000000001111110000000000000000000000000000000000000000000000000000000000000000000000000000000000000000000000000011111100011111111111111100001110000000111111111111100000001100111011111000100000000000001111111100001100000001111111111111111111111101111101111111111000000
000000000000001111111111111111011011100101111111111101000000000010000000000000000000000000000000000000000000000000000000000000000000000000111110000000000000011000000000000000000000000000000000000000000000000000000000000000000000000000000000000000000000000000000011100111111111111111000001110001100111011111111110000000111111011110000100000000000001111111111001110000011011111111100111111111111111111111111111000000
000000000000111011111111111111111111001111111111011101000000111111000000000000000000000000000000000000000000000000000000000000000000000001111100000000000000011000000000000000000000000000000000000000000000000000000000000000000000000000000000000000000000000000000011100011111111111111110000111011110111111111011000000000001111011100111111111111110000111111110001111000011011111111111111111111111111111111110000111100
000000000000111111110111111111111110000111111111011101000000111001010000000000000000000000000000000000000000000000000000000000000000000001111110000000000000000000000000000000000000000000000000000000000000000000000000000000000000000000000000000000000000000000000011000011111011111110010011111011111111111111110000000000011111111111110111111011100000111111111110111111111111001111111111111111111111111111000000111100
000000000000001111000111101111011000000011111111111111000000100001110000000000000000000000000000000000000000000000000000000000000000000111111110000000000000000000000000000000000000000000000000000000000000000000000000000000000000000000000000000000000000000000000000000111111001111100011111001011111111111111100000000011111111111111111111111111100000011111111110111111111110000001111111111111111111111110000001011110
000000000000001111100111111111101000000011111111111111110011100001110000000000000000000000000000000000000000000000000000000000000000011111111111000000000000000000000000000000000000000000000000000000000000000000000000000000000000000000000000000000000000000000000000000001111101111100110111100011111111111111100000000011111111111111111110111111000101111111111110011111111110000001111111111111111111110110000001111110
000000000000001110111111111111111000000011111111111110011110000000010000000000000000000000000000000000000000000000000000000000000000011111111111000000000000000000000000000000000000000000000000000000000000000000000000000000000000000000000000000000000000000000000000000000111111100111111100101111101111111111100000000000100111111111111110111110011111111111111010111111111110000000111111111111111111111111000011111110
000000000000000111111111111111111110000001000001111111111111101000110000000000000000000000000000000000000000000000000000000000000000000111111110000000000000000000000000000000000000000000000000000000000000000000000000000000000000000000000000000000000000000000000000000000111100000000011000111111111000111100000000000000000111111111111000000101101111111111111110111111111000000000001111111111111111111110000001111011
001110001111100111111111111111111110000000000000011111101111111101111110000000000000000000000000000000000000000000000000000000000000000011111110000000000000000000000000000000000000000000000000000000000000000000000000000000000000000000000000000000000000000000000000000000001000000000000000001110000000011100000000000000000111111110111100000001111111111111111111011111111000000000011111111111111111111000000011111111
011111110111001101111111111111111110011111111111111111111011111111111111100000000000000000000000000000000000000000000000000000000000000000111111000000000000000000000000000000000000000000000000000000000000000000000000000000000000000000000000000000000000000000000000000000000000000000000000001100000000001111000000000000000111111110110000000001111111111111111101011111110000000000111111111111111111111110110111111111
111111011111111111011111111111111110111111111111111111111000000000111111100000000000000000000000000000000000000000000000000000000000000000111111000000000000000000000000000000000000000000000000000000000000000000000000000000000000000000000000000000000000000000000000000000000000000000000000000000000000000000000000000000000111100011100000000001111101111111111101011110110000000000111111111111111111111011111111111111
011101011110111111101110111111111111111111111111111111111000000000011111100000000000000000000000000000000000000000000000000000000000000000011011000000000000000000000000000000000000000000000000000000000000000000000000000000000000000000000000000000000000000000000000000000000000000000000000000000000000000000000000000000000011000000000000000000011001111111110111001111100000000001100011111111111111111000011111111111
110111111111111011111111111111111111111111111111111111111100000000011110000000000000000000000000000000000000000000000000000000000000000000010000000000000000000000000000000000000000000000000000000000000000000000000000000000000000000000000000000000000000000000000000000000000000000000000000000000000000000000000000000000000000000000000000000000000001110110010010001011000000000001100011111111111111110000111111111111
011111111010111001111111111111111111111111100111111111011111100000011011000000000000000000000000000000000000000000000000000000000000000000010000000000000000000000000000000000000000000000000000000000000000000000000000000000000000000000000000000000000000000000000000000000000000000000000000000000000000000000000000000000000000000000000000000000000001111111000000001101001000000011000000111011111111100011111111111110
011010110011111111111111111111111111111111110110111111111100011011101011000000000000000000000000000000000000000000000000000000000000000000010000000000000000000000000000000000000000000000000000000000000000000000000000000000000000000000000000000000000000000000000000000000000000000000000000000000000000000000000000000000000000000000000000000000000111111110000000000001111100001010000000101000111111100011111111111110
011110000011111111111111111111111111111111111111111101111110111111111011100000000000000000000000000000000000000000000000000000000000000000010000000000000000000000000000000000000000000000000000000000000000000000000000000000000000000000000000000000000000000000000000000000000000000000000000000000000000000000000000000000000000000000000000000000000011111111000000001111110001101011000001111000011111000111111111111110
011111011111011111111111111111111111111111111111110001111110111001001011110011100000000000000000000000000000000000000000000000000000000001110000000000000000000000000000000000000000000000000000000000000000000000000000000000000000000000000000000000000000000000000000000000000000000000000000000000000000000000000000000000000000000000000000000000000000001000001001111111110111111110000000100000001101111100111111111111
111111110111111110000011111111111111111111111111111011111110011001111011111111000000000000000000000000000000000011000000000000000000000111000000000000000000000000000000000000000000000000000000000000000000000000000000000000000000000000000000000000000000000000000000000000000000000000000000000000000000000000000000000000000000000000000000000000000000000000001111111110010011010000000000100000011000001100101111111100
111111111111111100000111111110111111111111111111111111111110010000000001111001111110000000000000000000000000011110000000000000000000000111000000000000000000000000000000000000000000000000000000000000000000000000000000000000000000000000000000000000000000000000000000000000000000000000000000000000000000000000000000000000000000000000000000000000000000000000001111111110111111110000000000000000111100000000001110001110
111111111111111100000111111111111111111111111111111111111111110100000011011001111100000000000000000000000001111110000000000000000000000011000000000000000000000000000000000000000000000000000000000000000000000000000000000000000000000000000000000000000000000000000000000000000000000000000000000000000000000000000000000000000000000000000000000000000000000000000011111111111111000000000000000000011100000000001110011111
111111111111111101110111111111111111111111111111111111111111011101110111011000001100000000000000000000000001111111110000100000000000000010000000000000000000000000000000000000000000000000000000000000000000000000000000000000000000000000000000000000000000000000000000000000000000000000000000000000000000000000000000000000000000000000000000000000000000000000000011111111111110000000000000000000001100000000000000000111
111111111111111101111100111111111111111111111111011111111111111111111111111010000100000000000000000000000001111111110111100000000011000110011110000000000000000000000000000000000000000000000000000000000000000000000000000000000000000000000000000000000000000000000000000000000000000000000000000000000000000000000000000000000000000000000000000000000000000000000011111110100000000000000000000000000000000000000000000000
111111111111111111110001011100011111111111111111111111111111000111111111111110111110000000000000000000001111111111110111110000001111100111110010000000000000000000000000000000000000000000000000000000000000000000000000000000000000000000000000000000000000000000000000000000000000000000000000000000000000000000000000000000000000000000000000000000000000000000000011111110000000000000000000000000000000000000000000000000
111111111111111111111001111101001111111111111111111111111110000001111111111110111110000000000000000000000111111111011111110000011110001011111110000000000000000000000000000000000000000000000000000000000000000000000000000000000000000000000000000000000000000000000000000000000000000000000000000000000000000000000000000000000000000000000000000000000000000000000001111111100000000000000000000000000000000000000000000000
111111111111111011111001111101100111111111111111111111111100000001110111111111100100000000000000000000000111111111011111111010011011111110101000000000000000000000000000000000000000000000000000000000000000000000000000000000000000000000000000000000000000000000000000000000000000000000000000000000000000000000000000000000000000000000000000000000000000000000000001111111110000000000000000000000000000000000000000000000
111111111111111111111000111101100111111111111111111111111100001111110111111111111111100001000000000000001111111111000100011110111000000110000000000000000000000000000000000000000000000000000000000000000000000000000000000000000000000000000000000000000000000000000000000000000000000000000000000000000000000000000000000000000000000000000000000000000000000000000001100111110000000000000000000000000000000000000000000000
111111111111111111111101111101111111111111111111111111111111001111111111111111111111111111111100111000001111111110001111000011110000000010000000000000000000000000000000000000000000000000000000000000000000000000000000000000000000000000000000000000000000000000000000000000000000000000000000000000000000000000000000000000000000000000000000000000000000000000000001111111100000000000000000000000000000000000000000000000
011111111111111111111101111111010111111111111111111111111111111111111111111111111111101111110001101111111111110111111111001111100000000000000000000000000000000000000000000000000000000000000000000000000000000000000000000000000000000000000000000000000000000000000000000000000000000000000000000000000000000000000000000000000000000000000000000000000000000000000000100010111111100000000000000000000000000000000000000000
111111111111111111111111111111110101111111111111111111111111111111111111110001101011110110110000100001101111110111111111000111000000000000000000000000000000000000000000000000000000000000000000000000000000000000000000000000000000000000000000000000000000000000000000000000000000000000000000000000000000000000000000000000000000000000000000000000000000000000000000110011111111100000000000000000000000000000000000000000
111111111111111111111111111111111101111111111111111111111111111111111111110011111000011110110001111011101111110111111110000000000000000000000000000000000000000000000000000000000000000000000000000000000000000000000000000000000000000000000000000000000000000000000000000000000000000000000000000000000000000000000000000000000000000000000000000000000000000000000000010011110010000000000000000000000000000000000000000000
111111111111111111111111111111111111111111111111111111111111111111111111111001110000000100011111111111100001111111111100000000000000000000000000000000000000000000000000000000000000000000000000000000000000000000000000000000000000000000000000000000000000000000000000000000000000000000000000000000000000000000000000000000000000000000000000000000000000000000000000011110010000000000000000000000000000000000000000000000
111111111111111111111111111111111111111111111111111111111111111111111111111001111000000000001111111111110000000001111000000000000000000000000000000000000000000000000000000000000000000000000000000000000000000000000000000000000000000000000000000000000000000000000000000000000000000000000000000000000000000000000000000000000000000000000000000000000000000000000000011110000000000000000000000000000000000000000000000000
011111111111111111111111111111111111111111111111111111111111111111111111111000101000000000000000000111110000111001110000000000000000000000000000000000000000000000000000000000000000000000000000000000000000000000000000000000000000000000000000000000000000000000000000000000000000000000000000000000000000000000000000000000000000000000000000000000000000000000000000001111000000000000000000000000000000000000000000000000
011111111111111111111111111111111111111111111111111111111111111111111111111000100000000000000000000111110000111101000000000000000000000000000000000000000000000000000000000000000000000000000000000000000000000000000000000000000000000000000000000000000000000000000000000000000000000000000000000000000000000000000000000000000000000000000000000000000000000000000000111110000000000000000000000000000000000000000000000000
111111111111111111111111111111111111111111111111111111111111111111111111111111100000000000000000000001110001111111000000000000000000000000000000000000000000000000000000000000000000000000000000000000000000000000000000000000000000000000000000000000000000000000000000000000000000000000000000000000000000000000000000000000000000000000000000000000000000000000000001111110000000000000000000000000000000000000000000000000
111111111111111111111111111111111111111111111111111111111111111111111111111011100110000000000000000000010011111000000000000000000000000000000000000000000000000000000000000000000000000000000000000000000000000000000000000000000000000000000000000000000000000000000000000000000000000000000000000000000000000000000000000000000000000000000000000000000000000000000000011000000000000000000000000000000000000000000000000000
111111111111111111111111111111111111111111111111111111111111111101111111111111111110011100000000000000010001100000000000000000000000000000000000000000000000000000000000000000000000000000000000000000000000000000000000000000000000000000000000000000000000000000000000000000000000000000000000000000000000000000000000000000000000000000000000000000000000000000000000011000000000000000000000000000000000000000000000000000
011111111111111111111111111111111111111111111111111111111111111011111111111101111110111000000000000000011011100000000000000000000000000000000000000000000000000000000000000000000000000000000000000000000000000000000000000000000000000000000000000000000000000000000000000000000000000000000000000000000000000000000000000000000000000000000000000000000000000000000000000000000000000000000000000000000000000000000000000000
011111111111111111111111111111111111111111111111111111101110011111111111111111111111110000000000000000011111100000000000000000000000000000000000000000000000000000000000000000000000000000000000000000000000000000000000000000000000000000000000000000000000000000000000000000000000000000000000000000000000000000000000000000000000000000000000000000000000000000000000000000000000000000000000000000000000000000000000000000
010111110111111111111111111111111111111111111111111111100011111111111111110011111111111000000000000000111111110000000000000000000000000000000000000000000000000000000000000000000000000000000000000000000000000000000000000000000000000000000000000000000000000000000000000000000000000000000000000000000000000000000000000000000000000000000000000000000000000000000000000000000000000000000000000000000000000000000000000000
011111110100111111111111111111111111111111111111111111000011110111111001110011111111111100000000000011111111110000000000000000000000000000000000000000000000000000000000000000000000000000000000000000000000000000000000000000000000000000000000000000000000000000000000000000000000000000000000000000000000000000000000000000000000000000000000000000000000000000000000000000000000000000000000000000000000000000000000000000
