455 156
111111111111111110111101011111011111110110111111111111011111111011101111111111111110100111110101111111111111110011111110111111100111001111001101111111011101
111111111111111101110111111111011011111110111111011111011111111111111101111111011100111100001011111111011011110111111111111111110111101111111110011101101111
111111111111111000111111111111111110001101101111111111101111010101011111100111111111111111011101111100001011111110101001101110111101111011001110110111111011
101001111110011111011111111111111010110111111111110111011111111111111111110111110110101111011010111110111111111111101111110111111110111111011110111111101011
001111011011111011110111111011111011111111111101111110111111111111111101001111111111111111000111111111111111101111111111101111001111111110110111111111111111
111101111101111111111111111101111101110101111111111111111110011111111111111111111111111111111111101111111111111111011111111011101111111111111111101111001011
111111111111111110001101111101111111111111111111011111111101101101111101111111111111111111011111111101111010100111101011111001101111101111111111111111101101
111110111111111111111101110111111011101100111111111010111101111111111101111111111011111111111111111011011110010111111100111011111011111110111101111111010111
101111011111101110011100111011111111111010110110111011011111111010110101110101111100111111111111101111111111011111111010111110110111111101110111111111011101
110011101111111111111011110111111110011011111101111111110111111111101110101111111110011111011011111111011110011111111110111111111111110101111011011111110101
111011101001111111110111111110110111111111111111110111111111111111101110111111111011111111101101110111111110111001111111110101111111111111111111111111111111
100111110110011111110111011111111111111110111111111101101111110111111011111111111111110111011111111111111111101111101101111111111111111110111111111111001111
111111101111110111111111111111011111111101100110111111101101111111101111110111111100011111111111111111110111111111111101111111101110111111111111111111111111
101111101111011111001001111111111111110101011101011111111111101111110111011110111101011111110111111111111101101111111111111111110111111111101101011111011111
111111111110110101111111011011111111101111111111011111101001111111111100111101111101110111011111111111111111111010010101111111011110011111101111011101111110
111011101111111101111011101101110111111111001101111111111110100101111111111011111111011111001111111011101111011111111111101111111111111101101111110111111010
110110111111111101111111111110111111111101111111111111011111111011110110111111111111100101111110011111111111111101011111101111111110111111111111110111111111
111111011111111111011111011110011101111010111101111111110111110111111111111101111101000111110111101011111101001111111111111011111101111111111011110111101111
111110111111101011001110111111111111011011110110101111111111111111111111110011011111111010111011101111111111011111101111110000111111111111101101111111111111
111111111111111111101111110111101111111000101110111111111110101000010100111111111111111001101111101011111111111111110011101111111111111111110111111111111111
111111111111111111011111010101111111101100111111101111111011101111111010111111111111011111001111110111111111001111101111111111111110101111111111101111111011
110110111111111111101111011101111111111111100101110111111111000110111101100011111111110110010011110101011110111111111110001111111101111111101110101111111011
011111100010100111101111111110010100111111010011111111011111111101111111010110111111110101111011110001111111011111111111101111111111110011111101011010111101
101011010111011011101111111011111101111101111111111101111111101110111110111011111101011101111011111111101101111101110111111111111011111111110111111111111111
000111110101111111110111111011111010111011111011111101111111111111011000111111110011111111111111111111110011111111101110111111101101111111111111111111111011
101111111110111111111111111110111011110110111110101110001110111011111110111011111111111111110111101011111111110111111101001111111101111111011001011111110111
110111111011010011000111011111111110111011111111111101111001101111110011111110101111111111111111111101111111111011110111011010111111111111101111011110111111
111111111001111001111011111110111011111111111111101011101111111111111111011111111101011111100101011111110011111001101111111111111101111101111111011111010111
111111111010111111111111011111010011111100010011101110111111101001111011010101101111111111011101110101111111111001101011011111111111011100111111111111101011
111111111001111111111101111111100101110011011111110110011111111111111111110101111111111111111110111001111101100111011111111101111011111011101101111101111111
111001001111111111111101011011111111111111111110111111111111011011011111011011100011001111111111000111110111110111111001101110111111101111111111011111111110
111111111111011111101111111011111110110001111101111101110110111110100001101111111010110101110101100111011111011111111011111101111110101111111011111101111111
110101111110111110110111011101101110001111011111010111101110011111111111110111111111111111111111100111111110111101111111110111011110111111101111011111010011
111110100101111111111011111110111110011011111111111010111111101111110111101011110111110110111111010101111101111111111111111111111111111111111010011111111011
111101111110101110111111111011111111110101111111111101011111111110101001011111111011111111111111111111111101111111111111111111110110111010111110011111101011
111111100111110011111111111111111111011111111111110111011111111111101111111110101011111111101111111111111101111111111101011111011101111010111111101111111111
111111111110111111110111111111110111100001111111101111110001111111111111110101111111001111111111000011001111011111111011011111101101101111111011011011111110
111101111011111111111001101111111011011111111111011110110111111111101111111111111011000111111011011000111110101101101111111101011110101111111101111010111101
111100111011111011111100111101111111111110101011111111001110111111111111011111011111111111111111111111111100111011111111011011111111101111111110111111110110
111111100111101010100111101111110011111101101101111101110111111111111111011011010111101111110110111011111110111111110110101110101111111011111111111110110110
111111011111110011010011111110111111101110101110111011101101110111101110111111111111111111011111001100111111111111111111111101011111111111111111111011111111
011011111111010111101111101010101111111011111111111111110011111110101111111111111011111111111111110110111111111110111010101111111111011111111111111111111111
111111111111111111110111100011110111111100111111111111101101101011111110111110101011101110111111111110111100110111100110111101111111111111111111111111111111
111111111110111111111111111011111110111111110111111011101111111111110010111111111111111111110111101111111011111100101011111111010111111111110111111011111111
111111111011111111110101011011100111111110111110111101111111010111011111110110111111111110110101011111101111101111110011011111011101111111110011101111100101
111111100111111111111011110111111111110111111111011111111101111111110110111111101110111111111111111111111111111000111110111111010111101111111011111111111111
110111111011001111111101101111011110110111111111111110110111011111110111010111001111101111111011111110111111111111111111111111011110111111111011011111001100
110111100111011011110101111011111101111111111011111111111011111010011111111111111101111110111011111111101101111111111111111101001110111111101111111111101110
010011111111111111111011101011111011111111111111111011111111011111111101111111101111011111111101111101111101111111111111110110111101100101101011111000101111
111111101111111111111111110110110101111111111111111011111101111010111111111111010111111110011111111101011101111001111111111111110111111111100110110011110111
111111110111101111001110111111110101111011001111110111111110111111101011110111111111110111111101011001111111111110111111011011111101100101010111110111001010
101111111111111111100101111011101111111011101111111101111111011101111110111110110111111011011011111110110111101011111111101110111110111110111111111111111101
111011111111111011111111111110111111111111111111111111111110111111111111111110011110111111001110111111011101110001111111111111011011111111101100111111111011
111111001110111011110010110111010110111011111101101011101111001011111111111011111111111101110111111111111110111111101111011011111111111101111001111011110111
111111011111110111111111111111111110011110110111011111011111111100011111111111011111100011101110001111010010110110111110111110110111110011111110011111101111
111101101101111111101011111111111101111111111111111111111110111101111110001111110110111111101110111111111011010001111111111011011111110111111101100111111111
111111101111011111111101111111101011111111111011111100101111101001111111100011100100111111101011111111110101111111011111110111110111110111111011111111110111
111100111101111111011111111111111111111111010110101111111101111111111111100111111111011111111111111111011111101101111111111111111011101111101011111111110111
111110011101110111111111011110111111111011110110111111010010001111011111110001111111111111110111111011111111111111111111110110101101011111111111111111011101
101110111110110111111110111111111111101101111100110011101111101111111111101111111111111110111110111111111011101111110111111111011011110011111000111111011111
111111111010111110111110111111001111010111111110011101011111111110111101111111111101101111111111111111111110110111111100111111111011111111111111111111111111
111111111110111111111010011110011111111111111010110111101011111111111111011111110011001111010101101111110111111111010101111101111111011111110111101011001111
111011111011101111110111110111011111111100001111001101111111111111111111111111111111111111111011101111111111111111101101110101111100100111111111111111111011
010111111111110011110111111111101111111111111011101101110111111111110101111010111111111111011011111110111111110111101111010111111111111101111111101111110111
100110110111111111111111111011111011101111110111111111111110111111101110111111111110110011111101011111111001111111111101101111011111110011001101011111111110
111111111110110111101111101111111011110110111110100111101111110111101111101110101111110101111111111111111111011011111111001111111111110111111111101101110010
110111110110110001100101111111111110111111111101101101011111111101111111111110111011111110110111111110111111111110011101101111011111110011111111110111111111
111011111110111111110111111111111111110111111101101100011111010111111111111110111010110111101111111001001101010101101111111111011011110111111101111110110111
111111111010111011111111111110101111101111111111111111011111111110111101111111111011110111111101101111111111110101111011111111111111110111111111111111111111
011110101111010111011111111101110111101110111111111111101000111111011111111111110111111110111111111111111111111011110001011111110011111111111110111111111101
010110111111111111111111111111111111111110101111111010111001111111110011110111110111111111110111111011101110101111111111101110101101110111011111110111111111
111111111111111111110111111110011111111111001010110111111111111110110111111101011111111111010111110111111110111011111010111111101111101101101111011111110111
110111111111011110111111100110101111111111001010111111111111111101111100111110110011111111111001111111110110011111011111111111111111101101111100111111111111
011111110110111100111111011111111110110011101111111110111011111001111111111111011111111111110110101111111111101111101111111001111111111110111110001111111110
010111011110011111111111011110101111111111111111101111111110111011001110011111111111111011111111100111110111110111111011111111111001011111111111111111110110
011111111011111111101111001001111111111011011101100111111111111101011111111011101111110111011111001111111110111111100111111111000111111110111111111111111011
111110111110111101111011111011101111001101111111111111011111111111101111111100110111101011111110001111111111100101011111110111111111011111011111101111111110
110011011111111111111010111101111001111011111110101111101111101101011101111101011111011111101111111111111110111110011101111110101111110111111110111010111111
111111111111111111101111111111011111110111111100111101111111100111111111111111111111111111111100111100101111111111100110111111111011001111111111111111101101
111111101110111111111111111111111001111101111010111101110111111101001111111111111111111111101111111111011111111111111101111111100011111110111110111101011111
111100111111111011110001111101110010111111011111110110110111101111111111111111100101111111111111111011101111111101101011111111110111111111111100101111111011
111110110111101111111111111111001111111101111111011111011011011111110101111011011111111111110101110111001011111100101010111101111111111111111111111111110111
100111111111111101100100110110111111111111011101011111111111111111111110111111011111111111110111011111111111111101111101111101100110111101111110101111111011
101111001111111111111111010111111111101111011111111010011111111111111111111011110011111001111111100111111110010111101110100011111110110111101111011111111111
111101111111110110011111010111111010001111110111001111101101011111111110111101111111111111111111111111110011111111100111111111111111001101011111101101101100
111101101111111111111101111110011111011111111011111111100111110110111111111001111110011101111111111111001111111111111101011011111010111011111111111011011111
111111111110111101101111010111111011101101111110011011111111111111011101111111110001111111110111111111001011111111111101111111111111111111111111111011011110
111111110111111010100111011111111111111111101111111111111011111100111011111111110110011011010111011111111100111111111111111111101111101111011101101101010110
111111101011111011111111101011011111011110110011101110111111111101011101101111111111110110011101100111001111011111101110011111111110111111111111110111011111
111111111111111011111101111111111101111011111110101111111111111110111100101111111111011111111111100111111111101101110111111111111111111111111111111011111101
111111110101101111100110100111001101000111111111111111111111101111001111111110110011101111111110111111101110111011111101111011111101111111011011111110111111
110110111111111111111101111111111011111111111010111101111111110111100011011101111111011011111110111011111001111111101110011111111110001111111111111111100111
011111101101110011011011010111111101111101111011111011011010110111110110110111011111110110011111111111011111110011111110111111111111111010111111110101001011
101110001110111111110111111110111111111111111111011111111111111111001010111111111110101111101110101111101111111111111111111111111111010110111111011111111111
010110111101101111111111111111110111110001101110101110111011111111011001110111101111111111101111111111111111011111111011011110110111011001111111111110111001
111111111111111111011011111111111011111011110111111111111011111110111011111011111111111111101111100110100111111110111011011101111110110111111111111101101111
111101111011111111111010110111111101111011110111110010110111101111011110111111111111111111111110111111110111111111110111110110111111011110111111111110101111
011111111101011101110111101011111111111011101111111001111101111111111111000111110011111111111111111111101110001111101011111010111111101111111011111101111100
101111101011111111100111111111101111111111011111111001001111011111111011111111111111111101111111110100111011111101111010101111111011111111111110111101110011
111011111101000111011111111111110111110101101111111101110110111111110111011100111011011111111111010000100111111111111111111111111111110011111101111111011111
110010110111111111011111111010111111111111111101110111101111111111011011101111001011101110011011101111111110111111111011111111111111101111111111101110110111
011010111001111111111111101101111111111111111010111111110111111111111111111110110110111011111111111110111111111111111011101011011110111111111111111110111111
111111010110111111111110111010111111110000111110101111111011111011111111111111111101101111110101111111110110010111111011101111111111011110000011111111011111
010111011111101111110101110110111111011111011011100011111110111011101111101110101111011111111101111011110111011111111101101111111111100111111101111111001111
110111111110101101111011011111101111110111011111111111011011111100110011111110110101110110110111111011111111111001111111111111111110111111011011111010111011
111010011111111111010111011101111111011101111110111111101110100011101111111101111111101010111111111111111111111111111110110101111111011110110111111110010001
101111111101111111111011011111100111101111111111110111111101110111111110111111111111111111111011111111011111111011001011111101111101111110111101011111111110
110111110011111111101111101110111111011111001011011111111111101111111111110111111101111101111111011101101001111111111110110110111010111110000101010011111111
111101111111111011011111111111100111001111111111111101111111110111111111111101111111111111011111111100111111111111110101111001111101011011111110110100111111
111111011111101011111011111111111110101011111111111001110110111111111101011100110111111111110111101111110101011001010111110010111111111111110011111111001111
111101111111101101111111101111111111011101111110111111010111111011011111110111010011111111111111111110111011011111111110111110101011011011101111111111111111
111111111101011101010111111011111111111111111011111011001110011111001110111111111111110111111111111111010011111011111111111111110110111101111111111110010111
111011111100011111110110111010011111101110111111111011101110111111101111111101100101111011011101011111111110111010011111111111101011111111111111111111111111
111110101111111111001111011111101111101011100110110111110111110101010011111101111101111111011101110111101111101111111111001111101010111111111111111111110111
011101110101111100110101111111111111111111111111111101111111111011101111111111111101011111011110101011111111111111110111110111101101011111111111011101101111
111111010100011111111101111111111111101001111111111111111111111001111100100111111100110011110111111101111111011101111111111111111001111110111111101101111111
111110111110111011111101111111111100110111111111111101111111011011111111111111010101111111000101101101111111111111110111101011110111101111000111101001111111
111111100011101111110011110110111111111111111111111111111111001101011111100111110100011110111111110111111101111101011011111111101111111011110111111011010111
111111111111011111111011111111101111111111011111111110110111111111101101101111001100111111100111011111111111011111011111011110101111111111110111111111111001
111111111111110111111111111101111101111010011101111100011111101110111111111111111110111110101111111101101011101111101111111110100011110111010111011111111111
111111111111110111111111011001011111111110111110111101111101111101111011111111111111111111101110111111011111111001111111011011111111111011101111111111100011
111111111111111011111101111110111111111111111011101111011011111011111111111111110111111111111000101111110111111111011111111111111111101111011101111100100111
111101110101111111101100111110111110111111000111111111101111111101011111101111111111111111111001111111011111111111111111111111010111110011011011111111111111
111101111101111101110111111010111111111111101110111101111111001100111111111111111111111111111111111000111101111101111110111011101110111111110111111111111101
111111110011111010111111111110011111111100111111111011010111011011111111111111111111110111111111111111111111111001111111111111111111101101111111111111111110
111110111110011101011111111110101110111111111101111111111111111100101101110111110111111111111111110111111111111100111101011010101111111111111001111111111111
111110111111111101011001111100101110111111111111101110111011111101010111111110110111101111011111111111001111111110111111111111110111111111111110111011001111
101111111110111111110111000111111011101111011111111111111111110111111111111111111111100111111111001011111111110011111110111111111111111100100111111111111011
111111010011111111111111011111111111111101011010111110111110111110101111111111111111111111111111011111001111111101111111101111011111111111010111111111111111
111111001101110101111111110001111101101111011111111011111000111111111111010111110111111110011111111010101001110101111110101101111111111011110111111111111111
111101111111111110111111110111111111111101111100111111111111011011101111111111111111111101111101111011111111111110111111111111111111011111100111001111111011
111111111111111111101101110011111111011011111111111011001110111111111101111011111111000101111111101110111011111111111111111111101101011101110111111011011111
111111101111111101111111111111111111001111111111111011111111111101111111111111011111111111111010101111101111111111111111100110111111111110011111111111011111
011111111111111011110110101111011111111111001011001111110101001111111111111011111111111101011111111101111101111011111111111111010111011111111111111111111110
111101110011011111111101111011111110111110101111101111101010011111111111011011110111111111011111111001101111101010111111110110011001100010111111101111111111
110111111101111111010111101111110100111011110011111011011111110111011111011110011111111111111011111111110101111110101111111111101111110111111111001110111110
111001110011100111111111101111001011111111010111011100111111011111110110011101011111111111111111111111111111111111101010111111101111101111111111111111111111
001111110111111111111111001111111101110111111111101111110111111110111111101101101011111101111110110111110101011111111110110111111111111011111111111111111111
111011000101111101110111101111111111001111110111101111111111110110101101111110011011001111011011111111010111101111010111111111110111111011011111111111111111
111111101011110111101011110111101111111110111110111111001111101111111100111011100111100011111011001010110111111111111111111011110111111111011011111111111111
111101111111011100111111101111110111111111111111001111111111111110111111101001111100100111110111011111111111111111001110111110110111111111110111111111111111
110111011111111111111111111010011101111110101111111111110111111111111111011011111111111101111101111111111111111111101101101101110111111101101111111011111111
111110111111101101110111111111001101100111111110111111111111110111011101111111110011111101111111011111111111111110010011111111111011111110111100011111110111
111111101101111101011101011111110010010111111011011111110110011011011111111011101011111111111101111110111011111101011100011111111101111111011110010011110110
110111111011111111101101111101111111111111011111011111000111111111111100111111011111110111111101101111011111010111011011111111101110111111110011111100111011
111111101111111111111111111111011110111111100011011111101111111111110111101011101110111101111111111010101111111111010111111111111101011101111111110111100011
111111101110110111001101101101111010110011111101111111111101111110111111011111111111111111011111111110111110111111111110100111101111010111011111011111111110
101111111111011010110111101111111011111111101111111110111110001111101111111011111110101111111111111111111111111110111110110111101111111111110100111011011011
111111111111111101111111111101111111111111111011111111111011101111111110111111111111011001010011110011111110101111111110101101111111110101111111111111100111
110110101111110001011111111111110111111110111011011011111111111011110110110111111111111011101000111111111100111111111111101111111110111101111111111011111110
101111111110111111111111111110110111011001111111110111111111011011110101111011111111111111111101111001111111111001111011111111011101111110111111011101011111
111111111111001100101110111111110111111001111111101111010111111110011011111111111010101111111111011111011111111111111011111011111011011111011111101111101111
110110111110111010111111111110111111101111111110011111111111101111111111110111111111111110111111011111111111111011111111110111111111011011111101110111111101
111111111110111111111110111110111111101101111111101111111101111111101111111111111000110111111101110011111010101111111110011111011011111100111110101111101101
111101101100111111111011111111110111111111101111011111110101110111110110111111110111111101111111011111011010111101111101011110111100111010111011111101011110
111101111101011011110011000110111110011101001111011111110011111111111110101011110101011111110111111110111111011111111101111101111110111111111111110111101111
111111011110011111111110111111111111111001110111111111011111011111111111111001011101100111110111111111111111101101110011011111111110100111111111101111111011
011011111110111101101111011111111111110111011111111111111111111011011010010111111111111110110111111111111101111111110111010111111111111011011000111111111111
011110101110111101111111111111111111111111110011111111111110111011111111011101111111101111111110111011011111101111111101111100111111011111111111011111111111
110011011101111111111111111110111101111111111011111110101111110111111111111110111111110111111100111111111111110111111101111111010111101111011111110111111111
011111010111001111011111111111111011011111001111111101111101110001011011111110111111111111111001111011111101111111111111011010111111111011111111011100010100
111011111111111111010101111101101101101111101101111111111110111110101010110111111011111110111111111111111001111110100111111111001110101101110111111111010111
111111111011111101111111011111111011101111101111111101110111011001111111111111110110111110111111111111111111111111101101111110111111111111111110111111100011
101111111011111101100010111101111111111111010101111111111111111111101111110011111111111111110011111111011111111111111111111101111111111010110100110011111101
111011011111101011111111011011111101111110100001111011111100011010111111011101010111110001111101101111011111011110101110011111001111101101111111101011111111
101101111101111111111111111111111111111111111101001011111111110111111111011101100011111011101111111110011111101011110111111111101110110001011111111111111111
111111111111111111111011101001111111111100011111111111111110111111111011101111100111110110111011111110111101011011011011101101011000111111111111111111101111
111101111100111110111111111111101111111111111010111111010111111111111111101111101111011100101110011111111110110110111111111111111011111111111111111111111111
111011111111111111110111111111111101111111111111011111111101011111111111110101111111010111111001111111111011111110111111111111011111111110111101111010111111
111111111111011111111111111111101110110111111110011100111101111001111111111111111110111111111101011111110011111100011111111111101111111111111111111111111110
111101101110111111111111011110111111111111111111011111111111111011110110111101111010101111111111011111101011111110101111111110111001111100111011101111011111
111011101111111011111001111111110000111111111111011110011101111111111111011111111111111101101100100111110010110101111111111111111111111111110110110110111101
100101111111110110011111001111111101111101111101111111010011100111111111111010111011011111011110111111101110111110111111010101101101111110111010001111111111
111111001100111110010011111010110111111101111111111111111011111110111100100101111101110111111000101111101000011111111111110111111111111111100011111011101111
111111111111110111101111111111110111111101111011011111111111111111111111111011110111111111111111011111011011111111110111111011111011101111111111111011111111
111011111111110111001111011111111111111111111111101011111001011111110111101111011111111111111111111111011111111101111101111011111111111111111111111111111111
111111111111110111111111111111110011111101101010010011110111111001101100111100111111000101111100111111011111010111000111111111111110010111111011111110010101
101101111101011111111111111111111010111111111111110111011101100011101111011101111011111011111111001101111111111111111111011111101111110101111111111111111010
111111111111111111111011111111010111111001101100011111111100101111101101011101111111111111011111111111011111110011100111100011101101110111101111110111111111
111110110111111011011111111111111110111111111101111111111111010011111111111111111111111111001110110110111111110111111111011110111111011111010111111111111111
110111001111011111110110111010111111110111111111111111101001111111111110111111011110111111101101011100010111111111111110111111111110111111111011011111111111
111101111111111110111111011001100011111011111111110011011110111111111111001101010111111101111111111111101100111010111111111111111110111111111111111111101110
001111110101001101011100111111111011111110011111111110101111111111111111011010111111011001111011011101000111101101010011110111111111111111011110111111111011
011111111110111011111111111111011010111101110101111101111111101100011111111111111001110111111110111101111101110101111011111110111101111110101101111110110111
011111110110011110110111011110111011111111101111111111011111111111111110101111111101111111111110100110111111011111010111111100011110101101011011111110111111
111110111101100111111101111010111111111011111111001111111110110111110111111110111110111110100101111101101111111111111111111011111101111111110111111110111110
001111110011111101111111111111111010001111110110011110111111111111110111111101101111101101010111111110111101111101111100111111011111111011011001111101111001
101110110111111111111011101111111111011111011111111111111111111111011111111111101111111111111101111111110111111110000111001101111101110101111111011101011101
111101111111111111111011100101111011110111111111010111110111111111111110110000100110111111111111101110111111011111101101111010111111111111111101110011101011
111111111111111111101111011111111011111111111111111011111111111110111111011111111111111111011111111101101111111111111111110110111110111110101111111111011110
111111001111011101101111101011111111101111011111101111111111111111101111111110111110100111101111101000110011001111111111110010111100110111111101111111111011
111111111101111111111111111010111110111111101101011110101111111111011111100101011111101111111101101111010111111111101111010111101111100111111111111111110110
101111111110111101111110110111111101111111110111111111111111111111111111111111111111101111011011110011111111111111111111101111111101111111110110111111111111
111110111111111011011111100101100110111111011011110110110011111111111110111001110111110101111001111111111111110110111110110111111111011111011111110111111111
011110111111110101111101111110011100111110111111110111101011010011111011111101111111111111111111111111111011111101110111110101111111110101111111110110101111
011111011111111111101101111111101111011111111111111111011111111100111011111111111111111010101111101111110110111111101111101111111110111001101110111111111111
111111100111111101111011111101110111111111101111101101111111011111011111110010111111111111111101111110111111101110111101111110011001111011101111111111100111
101111011111011101111111111111100111111111111111111011101111011011101111111111111111000011011111100111011011011111101001011001011111101111110111110110111111
111111111111111101111011111111011011011111110111111111011111111111010111111111111111111111111111011111111111111001111110001101111111011101111111011111101111
110111111111111101110001010111101111101111101111101111101001111110111111011111111111111101111111111111101111011011111111110111101110111111011100111111101110
001111011101111111011111111111011001110111011011101010111111111111111011111111111011110011011101111111110111111111111101101111101111111111101111111101111111
010011111001111111111111111111110111111101011111010111110111111110111101010000111111110001111111111111111011111111011111111101111010111111100111100111100111
111111111011101111101111111001111111111111111101111111101111111111111111111111101101101111101101101111111111110111110110000101111111101100001111000111111110
011111111010111111111011111101111100111111011011111111101011010111100111111111110111110011011110110101101101111100111111101110101111111111111111111011111111
111011001110110111111110111111111111101111101111111111011111011011011111101111111101111111111010111101101111111011111101010110001111111101001111110111111010
001011111111111101111101111111111101101110110110111111011101110101111111111111111101110111111111100111110111111110111011011111011111111101111111111111111111
011111000111001011111100111111111100111111101111000011111011111110101111011110101011111011010111111101111101111111111010111100100110111111111111111111111111
111111011011111111111111111111010011111111111111110101111110010111111011111101111100011011111011111111111101111111111111111011111111110111110111111111111111
010000111111101101111111111110111111011111111111111111111111110111111010110111001011111111111101001110101111111111111110011101110101011110110001101011111111
111110111111001101111111110111111111011111111111111111001111101100111111111111111100101111111000110111111111111011100111111111110101111101111111111111111111
111111110111111111101111111111111011011111111010110111011111101111101101111111111111111011011111111111111101111111111111011001111101000111111111111111011111
111001111111011111111111101111111100101101011011111110111100111111111111111100111110110010011111111101111111110111110110100111111111111111001101101110110111
111111111110111111110111111110011011111110111111101111111111011100111111101101111111111111111101111111111111101111110111111111111111010111111111111111111111
111111111010101101111111101011110011111111101110011111001001101011111111111111101101110110100111111111111111111011111110111010111111111111111011111111111011
011111011100110111111111100111111011110011110110011111101110101011111111001111111111000011101110111111100111111111111101110111101111111110110111111111111111
111111111110110110011011101111011011011011111111111111111111011111101111001111011101001110111100110111111110111101110111111010111101101111001111111111111111
110111111111111011111110101101011011111111101101111011101110111111101010111111111111111111111101101011010110111010110111011111111111110110110111111111101111
110110101110111011011111111011111111011101111111111101001110111111111100001111111111111010101110111101110111011011111011111001111011111110011111001101111111
011101111110011111100111111111111111111101111111111011101111111111111111111111111111110101010111101111111111111111011011110111110111111001111111111101100111
111111111111111111111111110111101110011011111101111111111111101101011011110111111111111011001011011111111111111011111111101011111111101111111111111111001111
111111110111011111111111111111011111111111111101111111111111111101101111111101111111111111111111101101111100110101111111111111111001011111111101011110111101
111111110111111011010111111111111011010011111111111111101111111111111101011111111111110101111110111111101111101111110111111011101111111110101110110111011011
110111100111101111111111111111111110111110001111101011111111111111111111110111111111110111100111011111111010111110111111110111111101111101110111110111111111
101111111110011110110011101001111111110011111111111111110111111111110111111010111111101111111110110111101111110110111111111111111011111111011111111011111011
101111111111111101101110110101111111111101101111111111111011111101110010111110101111101110111101111111111110001110001011011111111011111111111111111101111111
011111110111111111111011001010001111111111111111111011001101111111101111111111111101111110101111111111010110111111111111111111111011111011111011111011111101
111111011111101111111111011011111111110111111011111101111011101111111111101111001110111111111111101111111110111010111111110111111101011100111110101111010010
011111111011111110110111111111111111111111101110111111111111111111111111001111110110110111110111111101110111111101111111111111110111101111111111011101111111
111111111111001111111111111111111111111110111110011111111101110011111111010110111111111011110111011111111111101111111111110111110101111111111011111101111111
111110111111101111111011111111111110101010111111110110111111011011110101011111111110011111111010110101111011111111111101101111001101111111111111111011110110
010111011010111110111111111000111110101011110111111010001011111111101111111111101110111011111110101111111111101111011100101111100111111111111111111111111111
111110010111011111111111111111111000111111111111001110101110111011001111111111010111110010111110111110011011111111111011111001111111101111011011011111111111
111111100111001110011111111111111111111111111111111110111101111110111111111111111111101111011111111111101110101110111111110111111011110111110011101111111111
111110011111111111111111111111110101111111011111101111010111100111111111011101111111111111111100110110111111100111111111111110101110110010110111111011011111
101111111111011111111111011111111111111111101111111111001011110110111111111100101111110111111101111111101111111111101111111110111010110011011111101111111010
111111111110111111111111110101110100111111111111111010111101110111011111111111111101111111111111101111101011111111111110010111111111111111111101110111101011
101111111111111111111101111011111111011111111111111111101111111111101111111110111111111110101100110011111111110111111010111111110111111111111110101111101111
111011110111111110110111111111011101001110111111011111001111111001111101011101101111110111111111111110111100111111011101001111111111111111111111010011010111
111111011111111101110111101111111111001111101101001111111001111011111101011110010111100101111111011101111111101111111111110110111111111111111111111111110111
111111111111110111111011111111011111111111101111111111111111111111110101111111111101111101111110101111011111101101111111111110111111101111111111111111110111
111110111111111101111111101111110111111111111111111011011011101111111110111110010111011111111111111011011111111111111111100111111011101111111111101110111111
110010111101111110111011110111111111111110000111111111111110110111111111110011111111110110110111100111011101111111111111111101111110001111111000111100110111
111011111110111111111011111110111011111111111111111111111101111110111111111111111111101111011111111011111110111110101111111101101111111100111101110111110111
111101111111101111111111110111011111111111101011111110111111111111111111101111010111111011111111111111111110111111111111110101111111111111111111011110101111
011101111111101101111111111111001101111111100001111011010111111110111111101111101111111101101101101110111111111111111111110111011101111110110111011011011111
111011111101110111011011111101011101111110110111111111101111011111111101111111101100111110110111111011001111101101111111011011101011111111111101111111101110
011110110111111111011101111110111110111011110111111111111011111001111011110111010111111011111011111111110110111111101111111011011011111001111011111011011111
110111111001011111111001111011111111001111111001011001111111111101101111011111111100101101111101101111111111111110011111111011111111111111110111111011011111
111110111010111111111111111111111011111011111111111110101111111100101111111011111011111001111101111111011111111111111111101111010111101111110100000110011111
111111110111111011111110011101110111111110011110111111111010111111111011011011111110111111101111110101100111111111110111101111101111111011010111110100111011
100111110110011011011111101111011111001011111111111110111111111101111111011111011111011101101111111111001101011111111111111111101111111111111110110011111111
111111011111111010111110111111111110111111110111011111011011110101110111111111111111100101111100110011111010101011111111111011111111111111101100111111011111
111000111111111111111001101111111101101111111111111111011111101111110011101011111101001111111111101111010110101111110011010111111110111111101111111111111111
010011000011111011011111010111111111100101111111101111101110111111111111111111011111111111111111111111101111011101011111101111111111100111101111111001111111
011111101011101100101011011111111111101011111110010111111101110001101111111111111111111101110100111011111111111110111010111111111111111011110100101001111111
111011101111110111101111110110011111111111101111111110011111011110101111111111111110111101011111011111111011111101111111111111111111101111101111111001111101
111101111110111011001111111111111111111111111111111011111111101111111110111110111010111110101111110110110111111111101101100111111111111111111011111111111111
111111111011101011101110110111111111011111011111111010111101011111111111111111111110111111111110111111011111110011101111111001101101111111111011101111101011
111101111111111111011111111100011110111111111111101111111111011111111111001111111011111101011111111111111011011011011111101111111111111111111111111011111011
111111111111101111011111111111110111111111101111111110111111111110111111101001011111111111111010110010111011110111101101111011010011111101100111101101111111
011110111101011111101101111111111011111011111111101101101111101011111011111111111011110111111111111110110111111111111111111111011011111111111011111111111111
111111111111011110111111111111111101111111101110111110101011111111111111111111111111011111111110111110111101111111111111110111111111011110101101111010011111
110011111101011111101111111111110101100110111110011111111010111011110011110111111110111111011011111111011010111111011111111111111111100101101111010111010111
111111111011111011111111111110011011111111111110111111110111011111101011111111111110110111111011010111111111100110111111011111111110110111111100110111111111
111111011111111110111111111111111111111111101011011110101101101111100111110101111111110110001111111111110111111111110111111110101111111111110111111101101110
101110111111111111111111111111111111111111111111111111111111111111101111100111111011111111110111101111111010101111111110111101110011101111111111110111110110
111111111111011111111111111111111111111111111111111111111101111111111111101111110011110011101010101111110001101111111010111100101110111010111110101111011111
111111111111110111111111011111111111111111111111111111111101111110011101111110101011111111100001111011111111101011111110111011111110000101011111111110111101
110111111110111111010011011110111111111111111111110111101111101111001111111100010111111111111111100111011111011111111111011111111110111101001011111011110110
101011000011111111111111111111111111110101111111111111111111110110110111101111111011111110111101111111111111001111111110010111111111111111111010111111111111
111110111101000111111100110011111110101011010101111111110111101111110111111111011111111111101111111111101111111110111111111111011111111000111111110111111001
111111111111111101111111100111111001110111011111111111001111011101101111011011111111111101101100011111011111111111011010111110101111011111111100111111101101
000001110110111001111111111111111111011111111111111110110101111001110101110110111111011111111101100111111111111011111111011101111111111111111010110111111101
101111111110111110111101111110111111111110001011111111111101111111010101110111111111001011111110101111111011111101010111111111111111011111110111111011101111
101111111010111110011111111111111111111111111011111011111111111111011011110111111111111110111111011111110111111111111011111101010111111011111111111111111111
100101111111110111011011111111111101010011011111011111111111101101101011111101001111111111111111110101101110111100111111111111111111011111111011111100111111
101101110111011101011111011111111001111011111101110111111111111100011111111111111111111010111110111111111100111111111101111110011111111111100011111011111111
110111110101111111110111111111111001111111111111101111111111111111110111111110110001111111110111111111111111111111010111111111110010111111111111101110111001
111111111010111111101111111100101011111101111100111110111111111111111111001011111101011110111110111111110101111111111001111111111001111111011110111011111111
101111111111101101111110000101011110111101110111111111111111011111001111111010111010111111111111111110111111101111111111111010001111111111011111110111101111
111101111001111111110111010111011111111111010111101101011010111011110111111111111111110110110011111111111110101011111111011111001111101111111110111110111101
011010110110111110111111111111111111011111111011111111110111111011111111111111011011111100111111101001111111110111101111110111011111111011111011110011111111
111111111111111011111111001011011111111110011110111110111011111110111101110111101101101111101101111111001011011111111110110111111100111101111110001111100101
111111111001011110101111111101111111111111110101111011000111111110101111111110111111101101110011101111010111110111101111101111111110101111111110111011111111
111111111110111111111011011111011010001111111111111111111111111111110101111010111101111111110100111111111111111111111111111111111111001110011110111111111111
101111111110011011111111111111101111101011100111111111011011110111111110111101111111111110011111111111011111111111111111011100110111111111110111111111110011
111111010111111101101111110111011111111111100111111111001111010111111110111111110011111111111011011111110111111111110111111110111111011111010110111101111011
111011111111011111111110111111110101000111101111111111101111011101101111111011110111011111111110101111011011111110011101111011111111111010111111111111111111
001111111111111111110111111011111111101010101111011110011101101101111111111111011110111100111111111110111110100110010111111011110111111111110111011111111111
011001111101101111101011111111101111111111111100111001001011111101111111111100001111010111101111111110111111001111110111111110101111111111011111111111111111
111011110011101100111111111010001111101111111101111110111011011111010100111110111111111110101111111111111111111011110111011111101111111111111111101100111111
111111111111110111111111011011110111111110111101111010011111101110111101111010111111111111111111111011111011011111111101111111111111111011111111101111111111
111011111111011111011011010100011111111101111111010111111111011111111111111011111111111101111111111001111111111100111111110111111110111111011100110111111011
111111111111111001111101101111111110101111111111111101111111111111111111100011111111111111111111111111111111111110111111011111011111111101111101111101101110
111111110111111111101111111111111111111110101111110101111111111110111011011111101111101111111111111111111111111111011111110101111111101111111111111101111011
111111110111110111111101111111101101111011111111110111111111110111111111011111111111110111101111011011111001110110110111111101111111111101111111111111111011
110101110111101110011111011011100110111111111111011011011111111111111111111101111111111111111110110110100111101101111111000111111111111011111111111111101110
111011111001111111011111111111111101111011111111111111111100111111011111111110111110111111111111111111111111111111111111111100110111101101111111111110101111
111011111111101111111111101001111111111111100111011001111111111111111111001111011001101110111111111111111001011100111001110010110111110111111111111101110111
111111111011101111111110011110111111111101111010101111111111111111111111011111111111111111011101111111111111101100111101111111111010111101111110010110111111
100110111111101111111110101111111001011111001111011111011111000111101011111111111111110111101111111111111111111111011010011110111111101111011111111011010011
111011111111111111111111011011011111110110011111101111101111100110011110111011111110110101111111111111011111111111011011111111100111101111111011101011110111
100110110111111011011101100001001111111111111101110110101101111011100110111111011011010111111111101101111111101111011111111111011011110101111101111111111111
111011111011101010111111111101011001110111111011101111101011110111111111111111101111111111111111111100110011111111111111110011111111101111011101111111101001
100101011111111101011111101111101111111111111111110010011111111101111111101111011101110111111111111011111101111110101111111110111011111111110111101111011111
111111111111111111101111011111111111111111111011011111111111111100011000111111111011101111110111101111011101111011111111111111111111011101011111110011111111
011111111111111111111101111100011110111010111111111111111111100111111111111111101111111011110111111111010011101111111111111111111111111111110110111101111110
111111111111001101110000111101111011111111010110111110111011111111111111111111111110011111111101111100101111111110111011111111101111111101111111111010111101
111111111111111011111110011111111101011111100110111111111111010010111110111111011011101111010110011001111111111110111111011111111110110111011111001011011111
011101001011111011111110111111101111101111110111011111111111111111111111111100111111111101110110110001111111011111111111111011111011110110110111111111111011
111011101111101111111111111111111111011110111110110010101111101011010101111111111101111110111010000111111101111010111100101110111111110111111111111110001110
111011111101110101111111111111111111101101111111111111111110101111111010011111101111111111111111111110111111011011111111101011011111111101100111110111011111
111111101111111111111111111101111111111111111110011101111011101011111111011111111111011111111101111111111111111111111111111111111111110011111011101111111100
010111011111111111111111101011111001101111000001111111011111111011110111101111111111011100101111111111111011101110111100111111011111011111001111111111110111
111111111111011111111111011111111011010111101111111111111111011011111011011111011110111111111111111111111111111111101111111001001111101111111111101101111110
111100111110101111111011111111011110001010111111111111111111110111010101111110111111101111111011111111110101111101111110000111111101111110111111111111111111
111111101011111101101111011011110111111011111100101111111011101111011111011111101100001111101111111111111111111101010100110111111010011111110111110111111111
111111111111110111111101111101111010111111111111111111011111111101011111011011011111111111011011111010111101101110011111111111111111111111111111011111011111
011101111111111111110111111111111111111111101111110010101111111110111111111011111110111011111011111111111111111111111101110011111110010111101001101011011101
110101111111111101111111111111111110011111111101110111101111111110111111101111011111001110111111111111011110111111111111111110111111011101111101111111111111
111011111111011011111110111101110111111111101111011111001111001110111110111111111111111111111011111111111101110111011111101111111110111101111111011100111111
111101110010111111101101011111111011111001111110011111111011011111100111100111111111111111001111111111111111110111101111111110110101111111110101111111010110
111111111101111101100100111111111101110110111111111011111111011111110111111110111111111110111111111110101111111111011111111111111011111101110111011111111101
111110111111111111111111111111010101111110111011111111011111111110111111111111101111110110111101111111111111010011101011111111111111100111111110111111110110
011011111111111111110110111111111101111111111111111111111111011101011111000111110110010111111111110111111101111110111111110011001111101111011111010100111111
010111101111111110111101101111101011100111111111011101110111111010111101111010111111111111101011111011111010111111111111111111011111111111111101111110110111
111111111111111110111101011111111111111010111111111110111110111111111011111100111111111111111110110101011110111110111111111111011001111111111110111111111011
011111111110111111111111111111111101111111011111101111110111011110111111111101111100011010111011101111101001111111110010111111110111111101111111101111111110
011100111111111111111111111111111111010111111110110110111111111111011111111111111101111111100111111111111111111111111111111111100110101110101111111111110111
111111111111111110111111111001111110001110101111111010010111111011111101110011111111111111111111111111111101011011110010110111111110111011100111111011111111
011110111111110101111111101111110111001111111111111111011101111100111111111011110111001101011101111111111011110101111110100111111101111111100111011111111100
111011011101111111111111011011111111101011110011111101101111111111111111111110111101111101011111110111110111111001110011111111101111111011101111111000110111
111111101111111111101001111111110111110111111100111001110111100111101101111000111011001111111111011111011111111111111101010111111111011101111101111111101111
011111111111011111110111011101111111100111111001111011110111111111101111111111101100110110101111110111011111111111101110111111111101100111111111111111011101
011110111011110111111111111111111111110011101011101101111101111111110111111111001110101111111010111101111111101110111111111010100111011111111111111101111111
111011111111111000001111111111111111111110111111111111101110111011011111111110111111011001100111111110111101110110111011111110110101110011011101111010111011
111011110111110111110111101111111111010100101111011111101101111111110110011111111111111101101111111111111111100111111110111111111011111110111110101110111111
010111111111111111110111111011110111110111111111111011111110111001111111011011111111111111111011110101111101111011111100011100111111111111101111110111110111
111101010110111111111111111111011111111111011111111111111111001110111101111111010111111111111100111101110111101011111100011101111110010111111111111110001111
111111111111100011010101111110110011101111110111111111111101111110111111111101111111111111111011111111111111101111111111111010111111111011110100111111110111
101111010111111101111111101111111000011111111110101110110101111111110111111110110110101111011111111111111011101111110111111111001101011110111111111111111011
000111111000011111111101111111011110011111011111111111111101010111101111110111101111111111111111111111111111111111111111111111100110101101111111111111111111
111111110110101011111111110101111111101111111111111010110111011111110110111111111111111110111111111111111111111111111111011100111111110011111111010111101111
111110111111011111111111011111101111111111111111101110111101101111011111111111110111111111111111111111111110011111011111111111111110111111110111111111111111
011111111001111101011111111101111011011111100111100111111011111111111111110111101100111101111101111111101111111110101101111111011011111101011101101111110011
111011111111111110011101110110111111111111011111101110011101110111111100111111111111111111111110111111101111011111111101111110111111110111111111111010111111
110010111111001110111110111111111011110011111111111111111111111110111101110110110101111110111111111110111111110111111111111001100011011100111011011011111010
111011100111111101111111011111010111001000110111110100111111110111110111111011111111111011111111111111011111111111111011111011010001111111111111011111111111
101111010111111111011111101110111111111011111011110111011100010111110111111111011111111111111111011111111101101011111101111111101011111101111111110111100111
111011011011111110111011111011111111011111110111111101111001011011111111111110011011101111110111111111110111011111100110111110011011111111110011101111001111
111111101111011101111110111110111111011111100101111111011101001111011111111100111111101111011111111110011111111011111111111110010011010111011111111111111110
111110101111111111111111111111111111110111110011111111111111111111000110111100111101111111101110111011101101011101011011111111100110101111111111110111101111
011110111111111111111111111111101101011011111111111011110101110101110111111111111111111111011111101110111111101111111011011110111100101111111110110111110111
101101111101101111011111111111111101110111110111111111010110011110111010111101101111111111101111111011011111101110111111111110111111111111111110111110101011
111101110111110110101011111111011111111111101111111100111111101111110111111101011111101111111100111111110111111111111111111111111111111111101110111001111111
110111111111110111111110111101110111011011111011001111011111011100111110101111111111111011111111111110111111111111111111111101111111111001101110111111111111
101111011111011111111101110111111111111111011111111111111111101111101111101111111111001001111110011010111111111011101110111111111111011111111110111011111111
011111111111111111011111011111011011111111010110110011101111011111111100111111111111111110111011111111111111011110111011111111111011111101101011111011111011
111101110110101001011111001111111111111111111101001001110111010111111101110011111111111111111110111110111111111111111110111110011111110110111111011111010111
101110111101010110111101101111111111011111010111111110111111111101111011010111101100110101111111111011111111101011111110010111111111111111111111111110110111
111001111011100111111111111111100111111111011011101111110011111111101111110011111111111110111110110111111110011111111111011111111111111111111110010111111111
111101111111111101111110111111111011111110110111110111110111101101111110111111110010011011110110110111101111101111100111101111111111100110110111001111111111
011111011011011111101110111111111011110011111111101111110010011111011111010101111011111011111101101011110110011110111011111011101110111111111011001111111110
011011111111101111100111110101111111111011111111111111011111111111111111111011111100001111111111111101101111101110110111001111111111111111111111110101101111
111001111011011101011111111111110111111111111110111011111111111000011111110111101111111011101111101111110011000110011111111001100111111111111101111111111111
110111100111101101111111111111111111110111110111010111111111101101011111110010001110111111110111111111111111011111111111111111111111011101100011010111010111
111110111111111111111110111111111101011111111111111111111101111011011111111011111111111111111111111011111111101011111000110110111111011111101111111111111111
001110111111111111111111111111010001111110111111111111111111101110101111011111101111110111111111111111111111111111111101110111110111011111101111111111101111
111110110111111111111111110101110011111111011111111111110111111111111111111100100111111011111111101101111110100101111111010111010110111101011110101011111110
101111111110101010111111111111111011111110111111111111110111111110111100111111111101111111111110010111111111111111110111111011111011111111110111111111111111
111011110011011111011111111110101111101111111111011111111111110111110111101111111101011111111010110011111111111101111111110011111111111111101111111111100111
111100110110110111101011011101011111111011111100011111111101111111111110011111111111110110011111110011111111111011111111110111111010111111111110010101111111
111101110101111110111100000110111111111111100110111011111011011101101011110111011110111111111111111101000111111101111110101111101101111000111111011101111111
101111110111011011011101111010101111111111011110111111101101111110111101111010111110111111111110111101101011111111011111111111111111111111111111011011111111
101110111111111111101101110111111111011101111000111111111111111111111011010111111010111101111111011011011111101111011111111111100101011111111111100111111111
111111011111011011111111111011011111100110011111111111111111111111010011111111111111111111010111111101101111110010010111110011111011111111111101110110111111
111011111011111110111111111111110011111111111111111101111110110110110100011111101111111011110111111101010111111111100011111101111111111001110111111110111111
111110111111111101011110111010110111111111111111111101111101011101110111111011111111111111111111111101111111011111011111110100111011011111101101110111110111
111111111111011111111010111111110011111010111101111111101101111011111011111001111111011110111111011111011101111101111010111111111011111011111011111111010111
111010100111111001111111111111110111111011111101111111111011100111101111111111111111111110100011111111111110011111110111111101101111011111111101111110111111
100100111101111011101111011010111011011011100111110111111111111111111010001111111111111111011000111111111111111111111011111111101111111111101110111111101011
111110100111111110111111111111111101101111111011111101111111111101111011101111111111111101111111011111111111010111011111111111111110111111100110110111011110
010111111101111111111111111101111110101111011101110110111011011111111111010111111111111101111011110111111111111101011011111110111111111111111101111111011111
111111111111101111111110111111111011101101111111111111111010111111111111011111110111111111011110111110101101101111111111111111111100000111111111110101101111
111111110111111111111011111011111111111111001110111111111001111111111110111011111111111111010101111111111011111101111111110101100111111111111111111110110011
111111111101111101111011111111111111111111110111111111111111111101110001111111110111110111100001101111110101010101111111111111111111111110011110100110100010
100111111101111011111111111111110110111010100101011010011101100111111011111111101111111111101111010111111110110111111011111111111111111101111111011001111101
111111111111110111101111101111111111111011111111111011110011111101111111111011111111110111110101011001111111101111111111011110111111111011011110111111001101
111110110011110111010101111101111111011001011111111111001110101101110000111111111111111111111010101111011111111111111100011111110111111110010110101101111011
101111111101011011001111011010111110110111110011111011111011011110111101110111111011111110101111111011111010011111110110110111011111111110111111111111111110
111111100011101111111111011111110101011111111111111111111111011111111111111011111101001111001011101111111011111111011101111011011010111111011111110101110111
100111110111110111101111111011111111011111011111110111111111111011011011111110010111111111111111111111111111111111111111111111111111111111101111011110111111
111111111111011110110011111001111111101101111111111111011111110111111111011010111111111111110110111111110111101111101101111101110101111111111111111111011111
111111110111111101011110111111111111111111111011111111111111110111001111111011101111110111111111100101111111101111111011111111011001011111110111011111011111
101011111111101110111111110111111111101011111111111111111111111111111101101101011111101111111111111011111111101110011111101100111110111101011111111110110011
111111011110110011101111111111110111111101111111111110111101001111101111101001011111111111111000111111111111111111111111111101011101111101110101111000011111
110111111011110111111111101111101111111011001111111110111011111111010111110111101001111011011111111111111100001011110101111011101111011111011110101101111110
111111111100110111111111101111110001111111111111111111111011111010101101011111101111110111111110011111011010111101111111101100111111111101111111111011111111
111111011111111111111111110011111001011101001111111110111111111111111101111111011010011111100110011111111111111111111111111111111111011100110111111110111111
010110110111111111111100111011100101111110011111111011101111111111110111111111111111011101111111111111111101101111111111111111111111111111111010111111011111
111110110111111111101011001111111011011111111111011111111110111111110111111101111111111111111111111101110111110110111111110101011111011111101111111111111111
111101111111101010111111111111111111011011001111110111101111110110111111111011111111111110110101101111111111100110111101011111111110111011111110111101000111
101111011101101111110111110111111011111110101111110111111101101001111110101101111111101011000101100100101101111111111111110111111101100110111101111111010101
011111001111101101111111011101111111111111111111111101111111111111111111101101111110111111111011011111011110111111011011111111111111011111101111111111011100
111111110111111110110111111111101001101111111010111110101111110111111101111111111001011111111111111010111101011111001110111101111001111011011110111011111011
101110111011111110111100111111111111110111010011011110111111110111111111111111111111101101110110011011010011111111011111111111111111101110010111111111010111
111011111111111000111101111110101011011111111011111110111111111011111111111111111101011001111111111011110111111111101111111011011111111111111111110110111011
111010111111110111111111111111101111111111111111111111111111111111111001111110111111101111111110110110110000111111101111111111110111111111111111111111101111
110111110110111111000011111111010101101111111011110111111111111110101111111111110111111111101111111111111011111111111111111111111111111111111111111010110110
110110111111101111111111010101111111111111111111101011111111011011100111111111110110110110111111111101111111111111101001110111101000100110011011111111111111
110011011110111101101011111010111110111101111111111101110111111111101111001111111111111101111100111111010111111111110111111111111110010111111111011111101011
111111110111001110111111111111111111111110101111111111111111111111101101011111011111011111111111111111110111111111111111111111111011111110111111011111111110
110111111100010011111110111011011110111111111111111110011111111111001100111010111111111111100111111111111111111111011111111101111111111111111110111011101111
111111011110111111111111111110100101001111111101111111111111111111000101011111101111101011111111111111101110110101111101110111110110111100111110110110111111
111111111111101111011010111011111101001111111101111111111111011111111111011111111111101101111110111011111111011111111110111011101111111100101010111111110111
000111111111111111110111111100111111111101111110111010111011110111110111111101110110111111011111111011111111111111111111111101010011111111100111111101111110
111111011111111111111111111101111111111110111111111111111111111111101111111111001101111111111101111111110111110011111111001111111111111010111101111101111111
101011001111111111101111111011111111111111111101010111111111111111011110110111111111111111111110111111101011011111110111111111011110011101110111110011111111
111011011111001111111101111111101111110111110111111100111111010111011111111111110011111110111010111111010111111111011111111111111111110111111110111111100100
111111111111100111111111111111111101011111110011110101111111110110110111111111001111111111111111110011111111101011011111111101111111101011111101111011111111
011111111111111101111011111111011101101111111011111101111111111110111011111111111111111110110011101111111111111111111101111001111111011111011111111111111011
111101110111001111111111110011111111111111011111111110101111111111111111111101001111101111001111111110111111111111111111111100111110111011111111111111111111
111111111011010101111111011101111111110101111101111111111111111111111111111111111110011011110111101101111111111111111111011101011111111111110111111111011111
001111111011011111111111111111011110011110111101011111111110110110111111111111111011011111111111110101111111111111101111111110111011111110111110101111111111
110111111111011111111111110110011111101101111011011101111111101111100111001110110111111111110111111011100111111111101101011011111111111111011111111101111111
111011111011011111011100111110100011110110111100011011111111111011111011011110011111110110111110110111111100111101111111110111111111001001110111001110111010
110011111111111011110001010111111111111110111111101111101011011110111011111011111111111111011111111011111111111111111101110111110011011011111001100111111111
111111010111111111100110111000110111111111101011111111101111000110110111111011111111111111110011111111011110011011111111111111111110111111011101110011011101
011111111011110111111011111011111110111101111101001101010111111111111011011111110111101101111011111100111101111011111111111111111011011111111111111110111110
101111111110111111111111101011111101111100101011111111111011101111111010111111111111110111111101111111101111111101011110111110111101011111111111110111111101
110111111111101011110111011111111111111111110111111111001110111101111011011111110111110110111111111111011101001001111110111111011111100100111011111111011101
111101100011111011111011101110101101111111101001111111111110111111111001001110111110111111111101111111111111111101111111110111111111111011111010111001011111
110111110111111101110101111111101110011111110111111011111001111111111111111111101111111011111011111111010111111101101101111001111111101111110011111111101011
111110111110101111101111100011011111111011111111111100111111111011001110111111110111111110111101111011111111111110110111111101111110110100110101111101111111
111011011011111011111010011111111101011110111111111111001110011111101111111111111111111110111111101111111111110111111101111100110111111111111011001111111111
111111011111111111111011110111111111110011111110111111010111111011111111101111111101101110011111111010110111101111111111011111110101110111111011110111111011
111111111011111110111110011111111010111111001110001100101111111111111111101111111111111111111111011111111110110110111010111011001011111101100111111110111101
111111111111111110111011111101111111111011100111111111111111101111111111110011101111111110101110001111111111111101111111111011011111111110111111111001011100
111111111111110111111110111111111011111111111111111111111001110101010111011001101111111111111111101111110111111111111110111111101111111110111101110001110111
111110010111110101100110111111100111111011111011110111111111111111111111111111011110111111111111111011111111111101111111010110110111111111110111101111110011
111111110101001111110011111011111011111011111111110001111111111111100110111111111011010111110111111111111111111111111111110111101111111111011101111111110101
111111110101110101111111111111111111010111111011111110111111111110101110110111111111011111111111011011111111111111111110110111010110001111111111111111111001
011111111111111111111001111111111011101100010110111111111111110111101110111010101111101111110111110101111111111101111001111111111001111111011111111001111011
111111110111011111111111111111111111110111110111111111011101111111111111101001010111111110011111111011111111111011111111001111101111111111111110111111111111
111101011111111011110111111111011011111111111101111111011111111111111111111111111111011111011001111111101111111000111101111111101001111101111111101111111111
110111111010111111111111001111110111110011111111110111111110011101110111100110111111101110111111101111111001111111110111110111110111111111111101101111101111
111111111101111111111111111111110111111111111101110111011111111110111110111111110111111011111101110101111101011101111110110110111111111110111110111110111111
111111111111110110100111111111111111111101111110111010101111111011110111111111110101101011111010001111111111111111111011111111111101110111100110111111101111
011111111111111101111111011111101011111111111110111100001111111111111110110011111101110111111011111111011111111011101110111111111111111111110111111111111111
011111110111011111110010011001001100111111111101111011111110101111101111111111111101001110111011110011100111111111111110101111111111111111001111111110111111
111111101101111111111011111111101110111111110111010110111111111101110111011111111111101011011111111111111111111011110100101111110111111101111111111011111111
110111101001100110111101000010111011111111111110101110111011011111111111111111010111111111111111111101111110111111101111110111111111110111111101011111110011
111101111011111101111111011100111111111111101001111111111010111111111101111111101110110101111011101111101111111111101111111111111111111111111110000111111011
110110111011110100111111111110111100111111111111011111111111111111111111111111001101111111111111111111111101111110111111011100010011101110010011111111001110
111110110111111101111110011111111111011011111110111111111111111010101111010111110111011111111101111110000111101111100111111111110111101111010101111111110111
