263 174
010011100100011000000001111000111110000110000111111100100010101000101101110001100110011010101000111000000100010101010000100101000000100101000111001011100101010000001000001100
001101111100110101001010101111111001100001110011101100100011000011010110100100010110011110011011110100111011111010001111100111010010100101000101101001011100011010111101110100
011011001010000011010110011101111110100011010101111011000001010111111101110110010111000101100100110111010000100010101101000110111110111011101101111110111100111000101001101101
101100001100010111001111011011110101111100110111001111101011100110110001100111001101101001100110100000111011111101100111000010001110001010111011101110101100101110110000000000
010100001110110001000101110000011101000011100100100100110011010100100000010111100100010011011110111001001000111011100000110110001111001101010100111011100110011101111000101100
011111100000000000000010111000011100010001110100010110011101100011010110100111100100001110010101111111010101000001000001101101110001011010110000111000011100010000110111111011
000111101101011101010001001000001011101010101110001000110011100101110000111010101111001101101010001010101000001001110001000000111110001111001100011101101001001011111111011100
110101001010111101000101111010110101100100011001101010011011011001000110111110111011100110110011110001001101110001011110110110110010011100010100000111111010101000010100111010
010011101000110001100010001010110011000110111101000100001000100000110110111010111000101111111101011000000001110010100101100010100110110001101100110101001001001101000001110101
110000010010001100011001001100101100110011000110010000011110010100100001110110001101001101010011111011110000100010010011100010010011101101001111111110000110110011101100000000
100001100000111010101010100111101010100001001000101100010000100100010010111101011110110000011111111001111000110100010000101111101111100101111111001010111111101001111011000111
101101101110010100000010100100001010110010110000001101110010011000111001001000110001101111000010000110100100110010011100100011001010010001100110101000010101000100111100111010
010010010011101100000100101111000110100100100111000001111111000110101011000100110000101001111000011010011100101110111010110110011110111010011110110110101111101001110010011000
001111000000011001001111111100101110101110010111101010001110111011110001001110111111101010110001100111100011000110101101000010011101111001110010100110001010111110100000000011
110001100100100101000001001100011110110110011000011011000001110001011010010001100000001101100011101101110001010111000100110010011010110000101111010001011101010010101101100111
010100011000010111110001000110101101110011111111101010001111100111110001100111111100010101011101110011000100001000001101000010110100110011110100111111011111011001000001001110
011001111011110111110110011011111001111111101011100000110101110010011100000011111000100100111101010001111001001000100110110001111111000011110010010100010110010111110110110111
110001110010001001011001110111000010101000001000000000011010001011000000000110100001001101101001001001001010101011010101101110000101101100110000110111010100101100100110110000
010010110011011111001010011011100001110111101101101010110011100001001011011010111100011000110000000010110100100101110011110001111000101101000100010100000000100101100101011001
101000001110010000000000000010110101000000001101100010101000001001111111100110110110100000100011101001100101101001011111010100100001110010111100100010011100111001010100001100
000100110100000100100100011101110000010111001010111100011001000011110010011101100010010011111101111000101000010111011111010111000111101101000101111000001110010111000111001100
100011011100000110011110111010010001001111100011001010000101111110100111001100001110011010100011000001001001000011000111010111000100100111001000101000010001101000101111010101
011001110101110000011011111000110011101100001001001001010010001110011011111111001100110000011000011000001101101011100100100101100000010001111011101010101110101111000010001101
111001111100010001100011001010110010111111101000100011011110100100001011111001101000101001011110001000100101001101110000110001001010110111010101101010101010101111110100010101
100101100100101110010101100001010100001101101100111110011010011111010010101001001111101011000000000011011111011010111011100011001011001100111110000010001001010110101000101100
000000110110011101101000100010100011101110100001000101011011110010010101110111101001100110101101110001000111011100100011011010111001111100110010000011110110111101000011110111
011111010111101111110001010001001110001000110100100000111000010111010000110101110000010010111010110011001101101000110001100000110110000001111101111100101101111010101110011011
010001001110110101000000101101000010110010000011101001011000100011110011010011000011011010001010100011001011101111001010100011101001100001011001000000111001111101001110001110
001001110100001000010010110111010001000100011000000000011001001000110100111101101010001101100001000111001101001011101000111000011110000001001101101001111011010010101110101010
001101101011010100001001011001001111010110000011011000100001000010011101011000011101001111001111010001101110000000101000101111100001011001001010001100001001100111010011110100
101101000101010100100110101011100110110100101010001010101110011001010011100111111101110001101110011111111001000000111011100000100101110001101000100010111110010000110110100001
010010100001000111000111110001101001110110010001011000000101101110011100111001010111111000100111111101100011011010001011011011110111010010111111000000000010101100001000011011
010110110001111110000011010011100010011101011010101110001001100000000110011000011011110100000101111101100101011110110111001111001110001111111001110101110100010101110100101001
011001110110101111011011111011000010110010100101000001110111101000000100100010000100100001110010011001001100101010010110010001001101010111010110111010000101010000111000100001
110000000011011011001110100000100001110111010110110101000111000000110110111001110101001100110010100001101111100100010111110110011101111110101101111100001101011101001001101001
110100001000110111010001010011010101111101010111111001111010010101101110001101100111111100111010011111110110011101010100100111101110111100011111110101010001100011100011110010
110000001010101010011111000000100100110000101011011011000101110100001000001011001010011011100010000100100110101111011011011110000001110010111100001100110110000000000110001111
000010100000000111110011100001010001000001010101111001100100000000101100000100110001100011111011011010111001101111110000111101111100001010001100000001000101010100011100101111
001011100110111010001000001110011010100111100011100100010000000111101010111111111001000010100000011010110010101011001001010001100111111011110011101011111110101011011011010101
100001001001111000000111010010000100001011000100100011110011011100111110011100011000101001100011010010010011101011011001111101011111010001100101110001101011000100110011111101
011110001010111111110011011110101110011100001001001100000010001010000011100101100010000001001100110111100101101010100101000000001111111111110100111101010100101011100010111111
101001111000100010011001010101101110110110001001000011111000110100100100011100110000101001111101110100100111101110011101010111000100001000001010110000001101110000011001010110
110010110001110000010110010001110111111011001010101000000010111101111101001000001110101101001011101011001001110100001111001000100110110000011011110101110010011011110011011000
001010111010110011100001100101000101110010111101100111111011001111001111100001011001111101111011100000101100011101010110010000101101110010100000100001010000100100000010100110
111101110010101100110110011101110100111110101110101010101010011100011001111001100001001010010010110001011100010011001001001001011011101101011100000100111010111001011110001000
010111100101001110111001101000001111001111100100001111010111000010001101101000110000111111100001101001011100110110011011001100000100100011010000101000001011001011010001010010
110000010011000101001010110101011101101100111001001110110100011111110101101101001110111100101000101101110001110011101101101011101011100110111101001010011010100100000011100100
000100010101001111100001100101000111101001001010011100001100011001100001111001000101100111000100000100100110110101011101010110101100010111111001111011011100000100000111110011
011111110001001000111100000000100101110101001010011000101110110010111011011001010110100101110010111111010101111100110001100110010011110100010111100001000010000010100101111011
011000010001100101011000010001101001011101010111011011111000010000101111100110101011110100101000000010000101111110111001111111010011100010100010111111100110101100110110111001
000110111000110111100101111001000000111010001110010011010111001111001101111100111011000101000000000111101011110000101111111011011011111100010000101111010001111011010000000110
010111011100100110000111011100001000100111001101110111110000011010000000010111000101110111100011110011101000011100000100011101110101111010101111000101011000111100011000100100
011101111101001111001111011100100011100001110001001000101011111101010100110001000110110001101110001110010010010011110110011000110001000111001111011111001011010011111100011111
011001000011001111110110101101001001110000001110001101100101011000000000001010010010111001100110001000011110000001100111100011010000100011011000000101110110110001110010100001
110100000100000100100001100111100011010001111111010100110100010110000101110010100010100010011000000001010011100000110000001001110101100001001010101011110110001101001100100110
111010010110011010110101011111011100000000100100001111110011100110101011111001000100011101110010101001110011010001001110101111110101111101100101111011100010111110011010100011
011011111100011001100110101101010100011111111110000101000110101000100100101001111010011001010101011011110111110111111101011001000110000001000111110011110000100011000000110000
011101001101111011000000111101100111001111110001011111010110101001011001111010001000010000111011011111000000001100000110101110101100101111101111011000000101010001100011001001
110011000010100110101011111001110111100011110101111000011011001011111011111110110101011010111010000110000011101001111010000010001101000001010000111000100010100010110111111101
101100000011010110111100001000001101111101011101001101000100010011010110010110110110000010000000010000010110100101111011110000110111011111110010011101101011111011111001011100
010101010001001101000011101010100100100010101010110011001110111011100000001100001111011111001000111110011101010100011110111101011000001110000001010010111011010001000100100011
011111011101011111110111001011111101000100001001011000111011110000111000101011011010011010001000110011010110011010010000000110101001101111111010011111000011001111111111100011
100111001010101000100100001001001010011101011000000100101101111110000010110000011111010101011001011011110101110100000110101111010000011010011110000011011111000011010100111010
100001011110110001000010011110010001011000101110101000110111111010000001101111111111100110100110101010010110110011000011101000000110011111100111000011011000010111011111010100
110000101001110000101111111110100001010111010010000011110000011100110111111110000011000000001111001011101101001010100101100000000110110011011110110011111110010001000011000111
111111110100100101100010010011111011101001100001111100100110111101110100001011001001000101100011110100000000110011101000101110000001011110010110101100001100100110001000001110
100101100100010110110000101101100010011000011111011100110001010111011000011010101100110001010011100110111011110010101110100111100001111110011011010100111010000100010000000010
100110000011100011000001101011000101110100000001100010111110001101001110100000100100110100010000000111100110101110010110100111100111010011111001011100011101001000111100010000
111000000100010100000100011110010001000111010111011110001011111011010110010010001010100010110001101010011011111100110100000100010011011101000010000100010001000011110111010111
110100101101110100000001111110011010001100010100011100001110100001011100000000101111010100111111100111011011101001011111111100110100100000010101010111010010001101100010011101
111000100000010110001000001100101111001010010011110001001101100000000000100101110101101000110101010110100000011000111010011110101110010000100100110011000010010111111000110111
000100111010111100100100001001101001111010011001100001100111111000101011100000101100010001001110001101111100011111111011010000100001111111101110000000011011010110000110100110
101110111010001000111111001011101100000101011011100110011111010100110100111100010011010000111101010110001100010110100111111010101110101010001011010011101111001101001110100110
100111010001010000111100011100110010110111001001100001000000111011010010110111101000111011010000110111101000001011100011101101000000111010000101000010000011101110000010111100
100111001000101100111001100010100011000011100110100000000111110110110000000100000011111100011110011110000001101101010100110111000000101000001100010100010001001100101101010011
100101111110010110000101110001010100011110111100100111111110110011011010110001000001111100100010010101000100100011111110100100110010101000001111010000011011100000010000000110
111111011101111010101001111100100001011011100000111000010011101110111110011001000010111010111101011100000001111001101000000100101011000111101110000010111100101111110010010110
000110100100101010011100110100000100001101110001101111000110010001100111011100001100001110110011101111010011001000110010100111000010010111001111111110011101101011100010000111
000001011011011100011110001111010100100100101001010001010011011110000110010011101000000011110110100010011011010010111010111100000001101111001111110000011100101111110010100100
010011000011100010100001111100111000010111100100000100101010011000100101101011011100010101001000001100001100101010010101100001100000010100111011010100101111100110100001111001
010101101100011010111110100010000000100110001110101100101000011101101100100110100010000000011011000100111010110111100001000010010000111000100101001001010110100110110101011100
001100001000111011011000001101011011001011001110101010111001001010011110001001000101011100010010100001010001000000010111001010011111001101101011101100100111101000011011000100
011110101101010000110101000101000111001101100111110011000110100011001111001000111001101011011010010011111101111011000011111000100001000101011000010111101000110001110111010000
000010100100001110001110011001001011000010001000101111000111000100111101111111011111101101011110010101110000011011000101010000101110000100101000101110011111110000010011010010
001001010001101000001111001001011111110100100011011100010100101010111001011001111100011001111011001001011001110100001101010011011011010011110001011111000010001100100010011001
000100100111000001110101010101101011010100101110011010110100111111001001110011110100111100110010110011100001110001100000001101101011100111000110110101110101001101110111110101
111110000110010101100100010000110010101111010010001010001011010100000011101011011100111111100101000110101011011000000101110010010101010010100101101000101111011100101001111100
111110100010100110101010011000111000000011100110001011001010100001000110010001101101000110000000010011011111101011110100101100110001100010000111001101110001011010001100101010
111000010100110101101000000000010011011101100000110111000000110001001101000001101111000011101101000111101100010101011010110011010000101101000100001110110101110100100010011000
111001011101011011110100101010001100010011000100101001111111011001000110011100010001100001001110011101111111001101111110101011011110010001010101011010001000001111000001010101
110000010111111111010010110100001010000110111011000000111001010001001000101010000001110101100101000010101101100100101010110010000111101100101000000000101011000101100111000101
000111100101011100010101011000000101110100000001111100110011011000110010000000110011111100000000101000100101110111001010101011111101100000001110001000011011010010010000011001
011100010100001000011011011011011111010111100000101101001101000001001011111000000000000110101101100110011011010011110100010001000101111110110010000101010111000111101001101110
000011011000101111101001000010101110001000000011111110010001000101101011100001110100101011000011011100000010011000010101101111110111101101110011001111110101100000111100011010
011101010000101001110111001010000001110101110111110010011100101011100001001010101111010111110111010000111010001110111110100000110100001111001000001001001101010110000000001001
110011110000010101110101100001001010100010000101110110001010010001000010011111100000010101011000001111100100011100111011111000000100111010101101001011001000011111011101000011
110000101101111110101011000101100101011000111001001010100110101110011001001000111001110001011000100000101001001001010010000111100001010111000111100000001110100110011011100110
101110100010110111000011101010100101101100001000101001111010010110111000000001101011101000000010010000101101110000010011100111010111011100101010001001110100101000111100111101
001101100010001100000100011101000110101010110001000100000000000001011011001111000011010000100111110000001011100000001000001110110011001101001111010000001001001001100001001111
110101100110110000010001100000101111010101010100001110010000100000000010001100110100101111011100000111000001000101101100010011110001000001000001110011111010000000111110001110
110111000100111010100010110011001011100011100001010001110101111111111011001010110010001110001010111110100110101010100001111100111110111100000110010101111100001101101011000000
001111110000111000001001110110100001111110101000000011010111001010001000111010110101011011100000101010101110110011001000010000010011110000010001101010000110011101101100100001
101010111100110110000110100010011010011011011000011101111110001011001110010011001101110010111110101100111110110110101010101000100000110010011100011001111011010100011011100110
000001100000001101110010100000110100011001001000010001100101001010011001011100100110101100100011010000001001000011110010001010110000100101111101010011111101011011110001101001
111101111110101011100100010001000011000011101111111111001011011011010010100110100100010011010001001100111011101110101010001001010010100111001000010111001000101011101010011001
101010111110111010111101001010000110001100110101000011110001111100011110010101101010100100110100110101111110010001101000101001100111110110101110100111111001011100000000001111
111101001100000100100110111100111100111111101111000011100101011101100111101000010110101001011111001101000011011001110000100111111100111100111110111111001110100011111101100110
001101001001110100011100100011011100011100010001100010100111001111111110001001110111100100001110000011110110101000111111110110001011011101001110100000111110100111100010000111
100101111010101111010100010010001010111111001101111001100001001000101100110110111111000010010100111110011001001100000111101010000010011010110001000110011101111111010111101011
011100110000011100111010011000001100110101001010010011010111101010100011101001111101011011101011000111010010001100100001101010001001011111111101110001111000000110111010001010
101000101101100000110111100110110011101011110111001110010000000110101111110011010010010011011100010101011010110110000100101000010010110110110101101011101010101100010100001100
000110101100111000000110101011010011011101110000100100111010010001010000110101010100001100101000000011101111011001100111100011110011100111001000011111101011011011110111010100
001100000110100111001100010101101010100000001001110110101011010011101011100011101110001010010001010001101010100100110010010001011100000111010010011010010000110111101001000100
101001001111001011100110111011110100101100010101010101011110000111011100101101111111110101100011100001011100001111110111000111010111001011010100101100101111000010010010010111
011000100110100000000111110101001100000111000111000001111010010110001101101101000100111000111010010100100111011101011000000011010111100100101010111000001101011011100000001000
111100001000111111101101110111101000100101101100100110110100000101101010011101111101001010001111010011100100101101101010111001000001110010011001000110001101011111101001100011
010100010010110101011000000000110011000010010101001010110110001011100110100010110000111101101000111000100100110100110110110110110101100011111010000101101011011000011111111111
101111101011101101010100110110101010110100110001010011111100001110001111101111001100110111010101111000010001101111100100100101000100000000100011011111110101111110111010000111
110110111110101100111101100001101011101111101111110001011111010100101001101110111010110100001000001001010010100111100001001111011001001000111011010011001001111000110100100101
010111110011001100110001010011000110000101000011110010011111001011100011010010000001111000000100001000000011100111101111001110110001001101101111111000011110000011100111010001
110011011110100101010011001000011000100011111010110001000001010101100010001010010110100001001001000100100111010110011101011110111011111111100101010011010100010101010010110110
010011100011111011111110111000000010001110100001010111110101011010011111011111110000110000011000001010010011110010100101111000011001111011110000111101011011110111011000100000
010110110010100111101101100101010010110100011110001010010000011101001100100011000100110000100010010101101011111101101011010001101101100101111101110110110000101001110101111000
110001011001011101011111100111100110100100000101110001110001101001000101001000110111010101110100011001100111100101001100101110011110110011000110010111100111010011100011111101
100101010101101100011010100100000010000010100011001111111111000110000110001100011011101011110000011011001111100011000001101110111011110001000110111001000001100011010001011111
011110101100010111011110010100000111010010111001100010000110110010001000010100011101011011100110010110110010011011101111000110100010011000011101111010110011001110001000110000
110100011110001110001111010100001000010010101101011000011010001101101001100011110010010010000100001100100000000011100101000100000011000100101110001001110101001101111000110100
001001000010100010000111110100110010000101001000110010001011011100000100100010110010101010100101000111001010000011010010010110011001100111110000101100010001000001001010001100
100001100000011110110001010010001101111011110001111111010101110010001100011110000001100011110110001010110011100100100111011100111111111100000100101011101011110110111010100010
100101011000100000110011110100000001100110000010000000010001001010101011001010111110000001001011101101111011000001101011001100011000101101000000100011001010100110100110001001
000001011111001001011000010110010101111111110101111101010001000111000111111101111000000010000101110111110101111101011111011011000110000001111010001001101101000011010100100100
101111101100010101001001101001011111000101000011011111010010010001001000101000110001100101010101101101000010010001011010111010011111110011111000000101110000001100111100011001
010001010100001100111011011001101011000000111101111001110100001111001010000011000001010101001110010110111101110000001111010000111110011111101011110101000011100000101110011011
111010100101111010111100000111110101010000011100011000111000000101111011001110011100011010001010101100100101100110100110000111001100111011101000100110000010001000010111000000
000111100100000100011010100000001111101110101101001100001101101110000001100001100111101000001101011001010011011100010101000110001110000011111111010000011011101001100010011010
010000000111011001011101101110010010110011001100001100101001111100110101111111011011100110010111000010000110110011110010100010001011000111101100101000011001100100000001111100
000101011101000110100000011010001110000000010100001000010000000110111001111111110010101001000011000001110000100001101001011111101000110010000111100001100101011010010100001111
000010011100001101111000001101011100010110101001011001100010000010000110100011001010111001101101001110010100100010100010111001110111001110101100101110100110101011010111011111
011000000111011101000111001110100010011100110110010000000010110110001111101110111111111100101110110011110011110010011010010000000001100110001111010000110000110110100101101100
011110011000010000001111110100001011000001101010010111110101101001001011100111001110001001011110010010110111111010101001010011111000100100011111101001101101000010011000001100
110111111010111000110000110111111101011000001000101110100010100011000111011101101101110100101110001010000011101110100011101111110110010000000110110011101101111111001110001001
111100010011010100011001101011110000000001101001101010000011001011001011111000110101101001110111000010110001100011000010101001100101001110000011101000101111100100011010101110
111000100001010101001011001001100100110101100000101111110011001001000001101000100111101110001010011000111111001111101010011110100010100000110010010010101100011110000001001011
010001011101001101100111111100100110010010100000000100010000110000100110001000111010110001010000101011001110111001000111110001011110000010100100010010110001011011011101011110
101011001011101111010010101011000111110110101011010010110001010110111101101100010000001100001001101010100010111001101001010101100011110001000110101010111000111110101110010111
101100010010100000010101000000001000100100001101001010100001110101001001110010111010010000110101010110000101001110001110001010000000110100000111000100001000000110001111100001
010100010100100000101111100110110110011101111001101001000111011011110110000001111111100010111010000110100001001100010011011101001000110100111011101110100101010000001001101010
011101011011011110101110111000100100011011101110001011100000110111010001101101110011100000110001010101111110011100100001000101110100100100010011001100011000010101010010110100
001110000110101010010111111010110101000101001011010011011001010010110110101110000100000010001111001010011111110111011100110101000000001000110111110101110111000111111010111101
111000100101101001101011100110101101011110101010000000101010100100110111010101101110010011111111101110110011011000000001011111110110011000000001001111101011100000010011000010
001010001010101100101111111110101010000100111110000011100000001000001010011111010101011111111101100111111010011100110000011100011011101000011110000011101111001101011001001000
011011011110111001010111111100100101100100011010000100100011001100111110000100110000000110110001110110110101110100010110011000000011010111001111001110101111110110101010101001
110110010000010011011001010010111001010110100111011011011010011001001010010010111100111011001001100001111110001000101100111100101001010011101010110101011101100101001101011011
110111011111011100000010100000000111011000000101011101111111000010000100000000010001001001011000101101101110100101011101010100010000111110100010111000010111000100001101011110
101011111010101111110001010100110100011001000001011011110111010101011011111110001001101100111110110101110101101000001011100110101110100000001101101010101000110101101101100000
010110101001111011110101011010111001000111101010101000111010101101010101110000000111111010100110000111111000111100111011100100011100001110111100011101100100110010000011111110
101001001001101010111011011011101001111110010000000001010001101100000010010110001111100010101100011110001011101000100011111111111010000010010101010111001000010100101100001101
011101101011011001000110111111010000000110110000010101100100010000111000100111100110001110111101010011001011010011011010011110111101111001001001010111110001101000100011101001
011000110100001101011000000110110110100100110111101011101111000000101000111001100010110000100110001001000101011001001110111010001011110000001111100001010101001110011010101110
001010101000110001011111001010111111100110000011011111101010011111100011001110100101001011110011000101011000100111001011011010001101011110011011111010111110010100101000110111
010110001110000111100100101110001011101010001100010111110111011011111100001000001100010110101100111001001111100100110000001101001110010000000111011110000011000010101000111000
000110101101100100011101011111001101001010011111110010111101000010000111110010100110101100001101111101010011000110101100000110001010110101101100001110000100010001001010100010
110100100001000011100100000100001101010101001101000101101000000101111110001010101101011010101000111110110000110100000010011111111100110010101111000100000100011000010001011111
001010010001010110001010001010001110101010000100010011101001010101101101010111100101001111110000101100010111111100000100101010000001011101100001101011110010000010010110000100
001010011111100011011000110010011110010100011101100101111101000001011100001011010001110011000101000101000010010010110111000010101111001101100110011100100011100110011111000110
011001111100001110110111001001000111111011000110001000110111011001011110010010010110101000011111011110011110110110011011001011010000100100101010110000010011010011110011100101
010101111010001001001111101111101110011101000110001101010011111101100100111010001010100010000001000110100110101010110010101000001000111110111111011110110000110010110100101000
111011101001101011100111111011011000010011001110111111110110011110100001100010011001011000111001011110001000110100010110011110101011110101100011001001110001110111111101110011
111000011011101101011011100001001001101010000111111011011101010001011011011011010101111010001111010101100101001010000110100100011111010011100101010010001011010111100101110010
000101010000100111100000011001100111101110011000011010011011011100101100111101010111101110111001111111010001010010000110110100000111000111010110101111010010101111110101111010
110100101001010100110101001011100010110000011011111000110010010010010111010110110110011000010110101010101011011110110110100100100111010010010101110101000100111001101011111011
011110110011101000011000101011001101111000011100000010100101100000100010000011001001000100011011001000101011110101011100011011101010101000110110011111011001010101011001101011
101000100101111011011000001011010000111000110110110001001000010100010111111000110000101000110101011110011011101101011111101110011100111100111011111000100100011000011111100010
010100000101101110011011000000111011010111101101110100100111100101001010000101000110111110110101000101110011100000001011110111100111101011001100000011000011010000011100110000
011110101101001110111010100110110011110000111111100101100011010000010101111011110110010100001101100110001110010101001100111101000110111001010001010101001110000110110111011101
110001101111111110000000110100100101100111101011101101100000100000110001101101101110110000101100101011110001111000101010011011010101011001010110001001011100101001100111011011
000111000011100100100001001100101111110000110010000001001011101000111111000110111001101110011101101001010001110011101001111100110000101011110001000111110011000011000000110100
011001101110110011001010000101011110100110101101101100110001010001011101100110001011000001000010100010101000101010110000101100001010000100110001000010010111000101101111110101
101001100010010111111000011111110000110110110101011001110011000010000111101000000100000110111111010100110010010110101010101001110000000010010100100000001000011000110011001011
101001111111100111011100111001000111000001010010000010000011111100110101110100111100000111111001110110110010000110100110111111111011000010000011010100010011000111101010001011
000010110101110010000010000010001101001100001101011000110100011110111100011101101101111111000101000010010000101101001010001001001111011000010110100010001100000000010111101111
110101101100110111111000000110000011111111001111011100110110110111101111101001101101101111010101001100011011100101011100000100011000100010001010000011110110000011010011001001
000100010000101100111110011110100100000110000011000001000100001010111001010111111010110010010101100001010011110001010000100011101111101110010000111100001000000110100001100101
100110001011110100011110110100100000110000100011010111001001000000111001101011100010001100010011001100001100010011010001101110011110100101110010101101011101000111111011100000
001101110101101000010100001010111101001010100110001101011101011011101110111100010110110000100011100010101001111110000111001000011011100010101111111111011001000011011111111111
010111011011000101001001000000111001000000100100000000010101010010001100011010001111001000110000111110000110011101100000001111111011000010000000111111111010000111010100010111
110110111000010111010100011000110100111101110010111000111000001000101011011110100001110101000001101110100100111100000100100011011101011000101101000101110000100010101100011101
000100001011101110111010001101100000111110100011110001011111101111100100011011101101010101000011111010000010000001111101001000000101111100110100010111001000001011110010101111
111010100001010010010110011111100100010111001010001101111111010010100011101010000101110111011011010011111111101000011011010100000011110111101110001111010011100110111000111101
110001100010011101010111110010011110011100000100101111010001111000110001100001001101100100100001101100101011010100000010010001110110011100101100011011000101010111110111000001
111101111000101000100100011000101011100010111101111001001011001000110110010001111111100111111101100001110100010010000000110010110010110001100110111111011011001010011011001010
000111001011001100110101100000101101010101111001111110100111000011100001000110100001001000001000110101011110101001110101010110010111100110010100001111001011001001000001111111
000110000101110110110110000001010110011101110001000101100000011111011010010001100001011100011010101001111011010001010011011010110111111011010111011101100110111101110001001100
010110010100100001001001111000000011001110100100010001010110101000101100100101110000011101010011001111100110010010100000100001001000000000001111101110010010011000111001110110
011010100101101110100111101010001001100110111111011010001001111011101011010000010110010110000011010101011100011101101101111011110111001101111110010101101110110110100101001011
100111100101100001101101011101101000011100100101101010010111010110110111100111100000001001101101110010111111000000101011011110110111001110011000110101010000011010010000011011
110010001110010010111010010111101000100101101110101111011100110100110001100101101010111101101001100000101011110000110111101111110010001100100111111010110111011111110110100100
110011111100010101111011000101001011001101100010010011110010001010111101110000011111000000110100110000110111101111011010010100000001110001001000011001011110010111100010000000
011010100001011010010000110010100110000111011001010100110001111001111011111010101001101000111010001101001111000000011110010011110110101011010011111101010000110101001001110100
101001110111010111111100110111010010100101100110000010010101000101001010100001010010010011100011011110111011111111000111000001001010101100010111100111010010001110101111101011
011010111000100001000101101011110011100100100010111110110110001110101000101001010001001100000011011111110101000101111000100001000000111001110110000111101011000000110110101100
010001001011011000111010011101100001110000000110100101011100100111110001101010011101001100101000001100000010001111010101100001001100001100100101011011101111111000100010100111
010111101111101001011111000011001010011011001001001110011001100110101101100110110010110001110110101000011100101001001100100001111110110001110101001111011100001110101010011000
000011100010011000000000101001100110101101010100101110111001100010011011111100101110010101111111011011110011100100001011010001000100011101100011010011101101000010101100100110
000011110001011010111101111010111110100011000110101101011111011001110010000000101100010101001111101100011100010000000001101100000000111111000100000111110101011000001110000111
111011110110100100000001110001001111110010100111001111000011001011101000100111000110111100010000111110100100010101001101100101011011001011111001001001011010001001011001100000
101000011000100010100000000001100101111110000001100101001011111011011101101010001111110010011010010111011011101111100101010000000001111110010100010110010101100011000000111000
111000110101100010111111000011111001101010111111001000110111100111110110100000100011110101001110110101100110011100001011001010000010100111001010010111000001000001111100000111
100111111101001101011100100111110100011011000111001010100001110000001001011010010010110000001110100101000001010101100110111110011001001001000011010101101000001111000111011100
110101101000010010000110110110100101010110001011100010001111110110000111010111000110010101100111110111000010101001100001101110011001010101110011111111101111010010111101110111
001111100100111111010111011000010111101110000000110110010010011000110000001001111000001101011001001111101111010111100010010100110011000110000011101110101100000100011010101101
000010111100110000100010000011101011111011101011000110001111101100000111100010011010110101101001101011111001100110011110111001110001010011100011100100000001010100000101001010
101011000010100010001101001110011100100110100010100011010011110011101111111010110000101000001111110010100100111110001100111101010101111111000011011101111000100000110110111000
011011010101100110000110011000011111011000110111010000111001000001011001001000010100101101110111010010111111111000110101001101110001011001001111001000100111010001101001101010
110001101101000010101000010110001010110111000000011000010100110111010000101011011011010000000001011011111111000011011001010001110111101011011000100000101110111010101011010000
010100000110001100011110001000011001111000011110101100111101011101101111111110010000101000111110001001101111110110010111000101101101011010011111000111110100010010101110010110
100001101000101100110111010111000110001000101011100111010000111110010101101111111000000111100011100101111111000001010111011100100001110000010011111111100011101101000010100010
001100110100011110000010100110110001100000100100000001001011000101000101000111101000000110110001010101011101011000100010000100100001011001000101000111101000101110011001101101
010110001000111001011010110010110100100111000100010111100100001101011010110101100011100000000101001101110101111110111000110101110010001011011011100010101110111011000001011100
110001010010011000010100101000111011100001111000111101001101011010011110110011011101101101100000111101000100100000111010001100001110011100111001111101000011011100001100000001
011100000011101111110010010110111100010101111101101000001101010100111101101001110001011101100011110011011100011100101111100101100001111101001011100111000100111100000111101001
110000001000101000110110100001110010011111100101001010000010010010000001000110010101101000110101000111001110111010111111000111001011111101011001111100001100100111011010010110
101000100001010001111000110111010011010101100010010000011101100011001011000000100110010111101100100100000100100111001110100110110000101011000111001010100110101000100100001110
101011111010000110111100001110000000101000010101001011000101010011011110001001010110000011100110101000011010100001011001111011110010111100010001111001000100100111100001000111
111100110110000111101100100000011011101001100100010111001010000110111111011000101100010001100001110100100010100101011111000110001011000001111001101001111111011101010010011101
001001101001100000000100000110100010110100110010111111110001100001011010010011101101001101101101110111110101110111100000000011100010111101010000110111111100101011000010110101
000000010101100110101100110001000110000010101110111000000111100100010010110010111000000101101000011101011001010000011011101101011010000000011111011000010111001000100011011000
001001111111010011100100001001101101010011001111100000001110100000000100110100110110111110010010001001100100000111111100111100001110101001011101000101001001001010001011110101
001101011001110011100011010101001101001111000010110011010000011011110110100001001101110111101101010011010011111111011101110100110010010010111101000101000101101101000010001000
010110111110100011001010111100011111000100100001110011101100000110011001110101100111110100100110001010101000101011110100001011011101101111110110011100100110111100000010100101
110110101011010101011001100101101100100011111111000100111111101101000100001101111111110111001110111100110010111111110001011000000101010111010001110000101011101110100101001001
011101100000110100010001101001011000110001100010111001100000010100001111100010110111011101010101001111010000010110110001101101101100000001111011001011110111001001101011101111
111111001101111001000101111110101001010010101001001100011010001110110110011100010001011010010000100010111110000011001100101010111010011011011100111110010011010011001101101100
010110011101001100100000110110101001110100010101111000010001011101000011110000000000000001110000110011001001101101111001001100011101101011111111110100010010110111100000101011
100011110101111100110001110110001101111101101110000011001011100010100101110101000111011000011000000000100001100010000111000101111101011010100100010011111110001100100101001110
011001100010001011100101100100101100010100100110110010111010010001110011000111100101111001101001111010111110000111111011101011001110010011000001011111110111010010100101011011
110110101100110100101111101111100110110000010101111011110011000110000101010011101010010100110000010001111111010011110001010100110101101001101011111111111000011011010110011101
011110001100101101110011110001100000100101000011001000100101101101011110010101001001010111010111101010110111111110010001110111101001101110110001001111010000011100111110000100
101110010001111001000000111101111111010001101000011001111011000000101111111100001010111001001101001011101000000101000101110010110110011001010111110000000110001010000001101111
110010010011000111101111101110001101010011011100000001010101110011000100100000111111010111010001000100011010011111010110001110101001001001100001001101111011010100010101111101
000100110001001001000111010010101101010110110011111111001110000000101010010000111001000101101010001111101010100011001010101111001011101111100001111000100001010111010110111011
101101010000010101110001111100101101001000100110101000100011000100001010101101110010100111000000010011101100010111011010110000000101101100100101000000010011000111001111011010
000111110010100000011010010100101101011011101111001011111110010011010010110000111010110001001111001110001110010001111101101101111101100010001110111111010101010001110110000010
110110001010000010111111010010110111000101110011111010000111001010101011111111000001111110000110010000110010100010010010001011000100011010110101110010000101001100010001000100
100001011011000000011101011101111101111101001101101011101011101001001110101111011001010111110101111100101010100000001010100111000000110000110110011000100101001011110100101001
001011101100110101100110110101111000100111110100010010111010100011000000011101010011111001100110100101000110010100010110000000001110000011101101111100111101011100011001111110
011110001010000110101110011000001100010010000110010000111110101000000111011001100000100100110011100000011010101101011001110011000000001101111101100101110111011000010011111110
011000110111001011101010110000100001101001000101001000010101001000100111010000100010101001011100100101101100000001110000110110010010011011011010101101100100110110100111010000
010101100000001101100000111011110000111111001011011000111110100101100001010010011010000010000100011110101001001111100111101110000010011001011101011111101111001111011000110010
011101111100000101100111001001000001010011111110110000111110110001101011101111100110101001100000001100010101001000001111111101001011011000001111011111000101100001101011100100
100011010101010101011010001100010011010010011110110011110011000001001100010111110000111001111101101100101100111010000111100100100111111001110111001011101010111001001100011000
011001000100111111101001100000100001101010110011001011011010011001011111010100001001010010010111110110001111100101001010110110011000110000011100111110000100100010010001010100
001010010011111010001110111110110010110101000000110101000110111111000111100010010001000011101010100011010111000011111001000101100000001001001001111110011101010110111101101010
100001000001111001011110001111100100110010110001001000111100101010001111010010101011100101101111110111100011000111011010011000100001111111001001111110111101110110100100110010
111100101100001011111110000100101101111101001001100110001101111011111111100100001010100100111011100101100001100101101011101110110001111010000111111101000001101100000011001000
101111000001001000110110100100101111111011100001100010101011000001100100101010010110100001111101011110001111001111001101101010000010010110101111100101001100010110010001110001
101111000100010001101001001000000110110001011010011101010101110100001011100001101001111101000010101101111011110001010101100110001110010110010101011101101010001110011101100010
011101000000000000110000111011111000001001001101011100101100111100110001010101010001110001011011110000011000100001110010011100100100000000000001100111101101011000100111111011
011010010110011100001101000101011011101000011001110000001001101101000000010011110010100000010101100101101000010010011001100101010001100110110110000000001011100111100011010100
101111010010011011100000011010111011100101101101111010110101011010111000001111110110001000100000011101011110101111110101101000101111101100011000111101111100010101000110111111
010001010001001010000101001010001010011110110001101010101011101100111101111101100001010000110110000100111111111100011101110011111110011111101110011010101001111110101110101000
101100010110011110000111100111110100010011101010011010110000110111011001111110111000111100101011010111001100101000110010011010101110100110010101001000101111110011000111011101
110000010010001000110010111110010100101111110001010010110101100111110100111010101000110010011011010110011000101110010101100011010011101001111100001010010100111100010010101000
