132 327
111001101110001111011011011100101011100111111101011011111111110011111111101111111110111111001110101111111111111111110110101010111111100011111110110110111111011100111111111110101101111011110101011110111011111011100101110001111111111111101111111111111111111101111111101001010111111111101011111001110011100101111111110111011101101
101011111011100111111011111111011110111111010111101111111011101110011111011010111110110101111111101111111110111111101111111111011111111111101110111101011111111111110101011111101111111101111111110101101111111111101111101111111111110101111111111110111111111111111011111101101111111111011010111101101111110111011101111011111101101
111111111101111111001111001101001011011010111011110101111110111111111101111010110111101111111110101111111111000111111111111110111011011101111110011111001111011111011010111111001100011111101101101011111110110011011110100111110111001111101111111111101011111111111110110100111100111111111101111100100111110111111111111101101010101
111110000111010111100010001011111111111111111011111100111010111111111111110011110111111100001011101111011111110011110011011111111101011100011011111011011000101111111111101101111110111111111111111110101111011111001101111010111111111111011001111110110111101111101111101111111111111111111111011011100111100011111111110100110110101
011011111011111110110110111110110011111010101101111111110010111101110111111111111101011101111011111111111111111110111110110010111111111111111111010111101111111111111111101010011111101101110111001101000111111111110110001110100011111101101111110011111111111111110011011111110111111111111111111111011110101111101111111101111111110
011111111111111111111101111011111111001111110111111111111111011000111111111111111111111100101011110111011111111111101011111111111111011111111111111011111101111110011110110101111110111111111110101110011110111111111001111111111111111110110101111100001110110111110110110111111111111111110101011111010111111101111011101110011011111
111111011111110111001111110010101111110111001011111111111111010111111110111011111111011101110011011011001111101111110111111101111101111010110111000111110111111011111110110011100111011111111111011101100111111111111111111111111110101001111011111001111111111111111110100101111111111100011000101111110010111110111111101011011111111
111111110111111110101101111111111011111111111110111110110110111111110101111011101110111111111101111110111101111011111110011001111111101111011110011111100011111111111010001101011111111101011110011111111101110111101111011011110101111111100111111111011111110111111100111111111111111101011111110111101101110111110111101110111111100
111011010110110111111001111110101111101111111011111111111111111111111111001100101010111111110111111011111111110101111111111000111111111100101100111111111111101111111111011011101110001101101111111011101111010111100111111101111111010111111111111001101110011111111111110011101010110111011100111101010110010111111111111111111011111
111111111111111111011101101111111111111111110111100111110111110111111111111011111100011110111111101101111011111111100111111111111011100111111001111111011111011111011111100111111100110111111111111111111111111111101110111111111111111101001011111110111011010110111111111101111111011111011111111111111111110011100111101011110111110
101110101110111101111110111111011111111111111101101111011110101101110011100111110111111101111010010111111101111011101101111001110110111011111111111111111111101101010111110111011011111111110100111111011101100101111110010111111000111111001111001000111101101111111111011111111111111101111111111111111101101011011001010111111111001
111111110101111111101101111101101101110111011101101011011111111100111111110111111111110111101111111011111111111011100111111110101111111111001111111100111111111101111011101111111001111111111101111001111000111001111101110111111111110111101110000111001100111101111111001110101111111111111101111011111001111011111011101011111100011
111110110111111110101100111111011101111111111101000110110111011111011001111111111101111101111011111111001111110111111011111100111111011111011111111010010101101111011101111101111111111011111111010100111110011111100111101110111111111010010111110000111111111011101111011011010011110110110010111100011110111011100101110111111111111
101111101010111001111101111011011111111101001111101101111111111001110111010101011001111101001111111010001111111011011111111101110111011011111111111110001111100111111111111111111111110111111110011111101011110101111101110111111100111111111111111111101111101011101111011011111110111111111110111111011010111110111110111000111111001
111111101011111110111111111111101111111111101011101111011010111011110101000110011011011010111111101101111110111111111111111111110111111111101101111111111110011111101111111111111101100111101111111111111011011111111100110111111111111010111111111100111111110110101111111011110111111110111001111111010111110111101111111111111001101
111111011111001111111111111011111011111111111111110101010011011101101111110110111111101011101011111011111101111110111111101111111011011111111011111111111111111110111101111111110111101110111111111101011011101111111011111111110111111111011110111011011100011111111111010110111111101111111110111111111111111101100100100011110010011
000100111111111101011101111111011111111001101111111110101111111011101111011111011110111111100111101011111111011111111111101111111110111111111110111110011101111111011111111010111110111110011101111101111111111011111011111111010111111111111111111111111101110111101111110111111101100100110111101100111100111111111110111111101111101
111111101101111111111110111111001111110100011111011110111011111111111101111111111111111111101111111111110111111111101011111111111111111011111011111111010101010110111111111111111111111101111011110110011110101110110101001101111001101111111111111001111111110110111111011110101110111010001111111010111101111111110111111111111111100
001111100111101111010011111111111111101100111011001101101111101111110111111111111101100111111011011011110111011110011100101111011111111011101111111111110000110110011101111110001111111111111111010111111001100111111000110011111111111100100011111101111111101010110111111011111111011111011011111111111110010111111111011101101011011
011101111110111111011101111101011111111111011111111101011110101111111111111111111111111111111101111110111111110111010101111111111110111011111101110101011111100110101101111011001111111011111111010111110111011110110111110111101111111111111001110010111000101111110011101011100111110111011101111101111100111110011111111111101111111
100101101110111001111100111111111111111110100111111110111111110101111111111111111111110111111111111111111011110110111111111011110111110111111101101111011111111011010111001111111101011111111101111111010011111110101111111111101111110101111101111111111111111111111111111111101101101101111101110111111111111111110111010111111101111
010111111001110111010100111010100110111110111011111111100101101110110111101111111111111101011111011111011001101011111111111111101111111111111111011101111111011101110111111100111111101101101111111111111101011111110111110111111110111101111111010111101111111101010010101110101101101111111011111101111101111111111111111011011111010
111110101111111111111111111111111110010110001111010111111110101111011010110011111111111111111111111111111110100110011011110010100111100010101111110111110111111111011111010111100111111001110101100100101101111111110101111111011111111101110001110011111111111111111111011100111111111011101111110111111111111111101011001111100111001
111111111100011111101101010111011111111111100000111001111101110111111111111111011111110100111101111111110100101110101111110111110011101111111111111110111101011111111101111111001101111111111111111011111111011011110111001101111010111110111111011111110101011111101100010111101011111111010111110111011011111111011111111111001001111
111110101111111101111111101010011001001111110011111111111111110111001101101111101111111001101110111101110111111111111110011111111101111111101111011101011111111101111111111111111111101111011010111111001111111110111111001111101101011101111111110111111011111011101111111011101101011111011101110111111111101111011111111111011100101
111111111111111111111110111010111110111111111111111011111111111101011111101111100110111111110101011111111111111101110111111111001111110000101111111111111111111011000111111101011111111111101011111111110111010111111111110110101011111110110111100111110110011100101111110011111111100101110111111100111111111111110001000011011111110
111011111011111111011011101010111111101111111110111110011111110010101111101101111101111111101111101111111001111111111111111111101011010111101111011110001011111110011001100111110001110110111011100101110111111011011111011111111011111110011101111100000110111110111111100101111111101111111111111101111111111111111111101111010101111
111111101111001100010111101111011111111000110111111111001111011011111100100001111111111111111011111111001011110111111001111111111111101101111111111001101111011111001111111111101010101111110111011111101011111111111111101011011111110001101111111111111111111111110111011111110111111101111011011111111011001111101010101111111111111
111111111010111001111011111101011110111110111111111110111011110010011110111111111111110111111111111101111011111101110111111111101111100110111111111111111111111101111110011111110101101111011111111111111110111101011001111111001111101101111111011011011110111011010111111011010100111111111100111011111111111111111111101111111111111
111110111001111111101111011010000101011010111111111111111111101111111110111111111110101001111111011100111111011011001111111111011011110111110110101111110101111111111111011111111100110111111110111111111111110111110111111111010111111011111111110111110111111111110111111111111111010111001110110011110111111111111111011111101110111
110111111111001111111011110111111111110101011110111111111111111011111111110011011110011110111011111111111100101111110110110111111101110110111111111111111111111111111111001111111101111110011011011001111111111100011110111111111011110111110111110011111100011011100110101001011111101111111111110101101001111111111011111111110111111
011111011111111111010111111000111110111110111111111001111111011111011111101111101111111110111101111111011110111111111111111111111011110111111110110110111111100111101111011111011111100111100110101110101111101111111111100011111011111101111111010110110001110011111110110010111111100111111111110111110110111111110110111110010110111
011111111100101100101111111110101111111111111110011111111001111110101011111001110111111111110101110111111110111111111111111001111101111111111010111111101111111111111111010101111101011011111011011101111111111110111011111111111011001111101101111111111001011011111111000111101110110011111111110111101010101011100110111011111101111
101111101010101111111110110011001110101110111111001111010111111101110111101001110110111111111100001111011011111101111111110110111111111111011111111111110110101011110111111010111111111111111111010011101111110111101110110111111010111101111111111101101101110111011111111101111111111111110111111111011011100111111101101111111101011
111111111111111010110001111111111111011011111111110111101111111111111011111101101111010111110100111101111111011111111011101111111001111111111111111111111110101011111111101001110111110011111010111011001111111111101111011111111101111111101101011100101001010101101111111110111111101111111111111111111110111111100111111110111110111
101101111111111111011111111111101111111011111111111011001111110111111111001110111011011111111111111101011111111110111111011011100011111111111101110111111101011111111101101001101111011111011111011111111111101101111110011101111111111111101111110111111001011100011111011111110110000111111111111111101111111111010101110111010111110
011110110111110111111011101111111000111111110011110010110100110111111101011111100110110111111101011111111010111111011110111101110100101011111111110111111111101111111111011111111110111111111011111110010111111101101111111111111000101011101101101111111111111011101011111011101111101111111111101011110100111111101111101111111111110
111110111111001101111111101111011111001111011001110011111111111111011111111110111011110111111110111111111011111011011111011111111111111111011110110111111011111111101111110101111011111001100111110111111110111011111011111011110110110110101111001101111111011111111101111010111001101011011111111110111101001110101111111111111111110
111111111011111011010111111110111111111111111111101111111110111101111101111111111111111110111110110111101011111101111000111110111011111111111111110111111111110111111111110111110111111101111111111101111111101100100111001011111111111101111101101110110111011011101111011111111111111111001111101101110110011110101011111111110110101
011110101111011111111111011111111111111111111101010110100110111111011111111111111111111111100011011110111001110011111111111000111111111110111011001111110110111111011110110111111011111111101111111010111101110011011111111101111011111011111111111111101010111101111111111011111011111011110101110101101111011101111011111001111111101
111110001111001100110111110101111011111110111111111111111110110111111111101111011111111111011111111111111011111111111111111111111111111011111110111111111111110110111111011000100111111111001011111011011011111101110110110011111111110100110111111110111010011011111110101110111101111001110110110101001011111101111111110111111110111
110110111110111111111101110111111101100110110111111110111011110111111011011111101101111011101111110111011101111011111111101111111101111111111110111100111101111111011011101010111101111111111101111111100111100110101111100111101111011111110111111011100001111111011011111101111111001111111111110011111101111110110111101100011011110
111111110110111111101111111101110111111110101111111111111111001111101101111111111111111010110111111111011111111110111001101111110110101101101111111011111101111011011011101011111111111111111110110111011111110011110111001110111101111010111111111110111011111101111111101011111111111111111111001111101100110110111101111111111111111
110111111111110111101111111111100111111111111111111101100110101110010110100101110101001111011111111110111111111111001111111111010011101111111011111010111110111111111101111101111111110111111111011111111001111111101111110111011111011111110110111111011111011111111100111110111111111111111111111011111110111110000110111100111111101
110101110001111111111111011011111001110111101111111110111111111011111111111111110111101111101111110110111101101100111111111111111111111001111111101101111111111111111101111000001110111111110111011110110101110111100111010111111111111111101111011011011111001111111111101111110111011101111011111111111011111011110011110011111110111
111111011111011101110111111110101111010111111111111011110101110110111111110101100111111010011101101111001100111111101011111010101111110110111110110101101111111111100111111111110110110111111110111010111100111111100011111110011101111010111111111011111101111011111010111111111110101111101110111111111111111110111110010111111110111
111111111111011111111111011111111111111111111110111011111111100111111111111100111111111101111001111111101110010111111101111111010011111111111011111001001110001111110111111011111111111101101100111111111111111111111110101010111011011110111100111110111111110111011111111100111111111110111111011111111111101111111111111110101111011
111111111010111111111110101011111111111010111111111111110111110111101111101111111110111111111111111111110101110100111111110111111111111101101111110001111101010111010111111011111011011101110111111111111011100011111111110101011111111110111111011111111100011110111101011101111111110111110011101110111010111011111111101011111111110
111110110101110101111110110111100111110110101111011111111111011011110001011111011010111001110100111101111110111011110011111110101101010101100111001111101111111110101111111111011111111100111111011111111111011111111100011111111110111110101101111111111111111010001111110011111110111111111011101111111111111101111111111110111111110
110101101110111110111111111101110111111111110111010111111111110110110111011111101111111111101101111111111111110011111010101111101110110010111111011111111011110111111111111111101101111111111111011111011111110110101011111111100111110111111111111111111101110110111011011011111111001111111111000101101011101111111011101011111111011
111011111111011001111111111111101111111111101111111111011110011000111111111011111111111111111010111110111111110111101101110101111011011111101111111110111111110110101011110101011001111111011100101111111001111111111001111110111101111101001111101101111111101010011101111010110110000111111111111001111011001111011101111011111110111
101001110111010111111010111111111011111010110111111011111111111101101110101111111011101111011111011111011111111101010011101111110110110101111101101111111111111111010111111111010111100111011111111111111111101110111011111011011111101000111011111111111110011110101101111111111111111101110011111111001001100111111110101111111110011
111101010110111101111111110101111111110011111011111100111101011110111110111111110110111111111111111111111011111110001111111101011111111101100111111110111111101011011110011001110111100111010111111111111111111110111111111101111111111111101111111111101111100111111010111110111111100111111011111111111110111111110110111011110110011
110000110101111111010010111111111111011101100111111011111111111111111011011110111111111111111010101101111110111111111011110001011111001111111111111100000111101111011000010111111111011111110111110011111011011101111110111111011111101111100111101110100101111101011111110111011111011111111110010111111111111110010111111011100111111
101111110100111111111111111101111101111101111100110111111101111111111101111111111111111110111110000111011111011101111110111111101111111110111101111011011111111111111101111101100111111110011101111111110101111100111110101111111111110101111111111111111111111111111111111111111011111101111111011110111111111110111110101110101111111
111111011111101111111111011011111101111111011101101110110111100111100111110111111110111111111100000111111111111111110011101111110111110110111100010110110101111111101011111111110111111110111101111111111101110011011111011101011011110101111111111001111111111111111011111111101111011001101111101111111101001101101111101111111011110
111111011110101011111111100010111011110111111111011101011110101011111100111110011101111110111111011111111101111101111111011011010111100110011111111100101111111101110111111111111101011111101111110001111111110111101101001101011101101111111001101110001110001011011101111111100111111111111011111111111111110111111101111110110010111
111111111111110011111110101111111111111110111101111011101110110110111111011111111111111111111011111111111110111101111111101110011111111111111011111110110110110011111111111111110111001100001111111010111100111111111101111110111110111011111111111110111111111111111111011111001111111010111111111111111101011111100111110111111101011
111111111010111101111110111110100111110100110110011111011111110011101001111110111101001111110111111011111101111111111111001111110111111011001110111110101111110111011000110011110101111110011111111111111011110011101110101110101011010111111111101111111111111110101111111111011110101101111111110100111101011111111110111111101111111
011001111111111110111011101100111011001101111110101101111110011111111011111010110111111010111111111101110111011111101000011111111111111011111011111111111111111111111111111111111111111100110111101111100111111011110011101010111101100100111011111010101010111101101111111001101111111111111011101111110101110110001110111101110011010
101111111111111011111101111110101111111111101011111101111110100111010111111111011101101001100111111111110101100111111110011101101110111111000111111111100111111111111111011111011101111110011110011111111111111111101010111111011111111111111111011110111111011110111111110111111100111110100011010110011010111111110100110111111101110
111111110111111111011111111110110111111111111011111111010011111111111111110001110101111111110111100111111111111111101111011101111011010011111101011111001111111110111110010111111111010011110101110111111111111001001111001011111101111001101111011110111101111110111100111011111111111101101101010111101111001111111011101011111011111
011111111111011001101011101001111101011011011111101111100110101110110111110111101111111111011100111111001110111011001101111110111100111111011101111111111111011111110111100001101111111101111111111111010111111011111111111011101111111110111111111011111110111110101101111111111111100111011111111111011011100111111011101101111111111
111101111110111111111111101011111111111111011111110111010111101011110110111011101111111110000110111111010111010011101100111111111011110111111111111101111111100111101111011111011111011111101101111111100101111110111111111110010101111101110011111100111111111111101111110111110111011111111111111011001111111111111100111111111011101
111111011111111111111111111010011111110100011011110001110111111110111001111111010111111111011111101001111111111111111100011100111011110110011100111111111111011111110111101111011110111111111111011010110011111111100011010101111011111010101110011011110001111010011111101101111111011111110111101110111111111111111011011101111111101
101011111111110111001111011110011111011111100101110011011111111111011011111010111011101111101110101111111100110111111101011111111111010110111110101101011111110111111101111111111011111111011111110011001111111011111101111111011111111001101011101111110110110111101010101111110101101111111110111111010111011010111100111111111110111
111111111111111100111111011001101101111111111111111111111111011111010011100010111101111111111111111111111111111011011001111111111111111111111111011101101011111000110111111011111111011011011101110011111111111111111111111011111111111011111111101101011111101101111110111111111110010111101110111111111011111111110111111111111011101
110111011111111001110101111111111011111111111111010111111111110111011011101001111111011111110011110111111101111110010111111000111111101111110111111010111011110110111101111111011011111010011011111110101111111111011011100100101111111110111101001100111111010111111111111111001111110011011111110100111011101111101111111011111110111
001110101011011110101110111101101111101111010011111111110111011101111000110110111101111011111011111111111111111111111111111101011101111011111111110111000101101111111111111111111111101011111110111100110110110011101110111110001111110111001111101101110111111111111100111110101011010111111101100000111011110111100111111101011011110
111101101101111111111111111111101111110110111101111011110100111110011111111011111011100110111111110111111011011111111110111111110001111101111111101101111100111101101111111111111111101001111100011100010011011101011111101111111101111111111110111010111001111100111110101111111011011111110111110100111100111111111111011011101111011
100110111101110110111011111110111010011111110111111011010111011111111011011111011111111011010111011111001111100000111111111101111101111111111111011011101111110111111100101101111110111111111101011011101111110111011111101101111111111111001011111111101101111111111111111111111011011110111111101101111111011011110111111111101101111
111111101010110111110111111111101111101000101011100011010111111101011101111111111111011110111111111111111111111111110000111011011111111110111100111000101111011110001110111111111111111100111111101110111111111111010110111101111111111110110111101111111011110111101101110111101110111110111111111011111111111111101100111111111111111
101111110111111111111111011111011110101101101111001111010111011110111110110111111111111011101111111001011111101001011111111101111111101011111111101010101100110111111011010110101111111101110100101111111101111011101111110110110010111101110110111111011111010111111110011111110111111111011011011011101111111100101111111011011111011
110110001111110101001110111101111111111101110110111101111111110011110111111011111111111111111011111111111110010001101111101101111110111111110011111111110110100110101101111111011111010111111101011111110111111110011110101111111111110111111111110111001111111111101110111110100111101111111111110101111101111111100111101111011110111
111111111011011111101011111111111010101011111110011111111101011111101111011111111111110011111110111100111101101111111101111111111011111110111010111101111001011111111111111100111010111111010101110110111111111100111111111111110110110111111111111110101111110011011101111011110101101111011110111111111010111011111111101111111100011
111011110111111111110101011011111101110111111110111101111101111111111111111111101011111111111111101011010110100100111111011110111111011111110101110111110111111010100110110110110111101011111111111111100111011111101111111111101110010110101100101111110111110110111111111111111110011111101110110110111101100100110001111110110101111
111111111110111111011110111010111111111101111110011111011001101011111101111011110111111011111011111011110110111111111110011111011101111011011110111111010111111111100111101111111111111011011111111011111001111111100110110110110111111010111111111111100010111101011101111101110111110011001111101111111111110111111111110111110001111
111011111111011110101111101111111111110111110111111111011011101111101111111011110011101000101111101111001110011111101111001111111111110011111111110110010111111111101001111111101010101110110011110110111111110111101011111111001111101111101111111101111011111011111010001111011100111010101111110101101111111011100110111111111110111
111001110101110110111011011111111101011111111010001111111111111111111111101011100111111111111111010111110101101111011001111111000100111010110101111010111111100101111101111111111111111111111111101101110111111011111110100111111111111111011110111111111010111011011111111111111111111111111001111111111110111101101111111111110111001
010111111111001111011011111011100101111111011001111111111011111101010100110001011011111100011100101111111011101101111111111010100011111111011010101101011111101101111011101111111001111101011111111111110111110110111111111111111010011110111111101111111111110111110111111111011111111110111010111111111111111110110011110001111101110
111011110001111110101111100111111101101110011111111111111111111111111101111111001011101001010111111111111111110111111010011111111011011111111101110101111101111010111101111111111001111001111011111110111101101111011000111111010110111111011011111111110111011011111111011111111111101001101111101110111101011111110111110111111111111
110110111111111111011111111111111100001111111111111100111101111111110111111110111101111011111111111110111111011111110101111110010100011111010111111110111110011111101111011011111011111111001011000111101110010101111111101111101111111101111111110101010111101111111111111111110110101111110011110111011111111111111101111001111111111
111101011111111111111111101111111110101111011011011111111111111111011111111100110111111010011111011111001101111111101111111111101111111000101110111110110111110111111010110101001111111111111110101100111111110111011101111111111110111110001111101111111111011111111111001011111111101011111111011111111010111101110110110011111111010
111110111111111111111101111011111001111111111111110011111110101110111111011111111101111101101101101111111010111111110001111111100111101011101110101011011110011111111111111111111010110111111111100111111111111111111111011110111101100011111111111111010111001101111011111011111111110100010010100101100110111011111101111111010110111
011011111111111111111110101111110111111011111111111111111111111111110110101111111111101011111111100100011011111001110111001011111011001101111110111101111011111011111111111111111111110111010101111111000110111101111101111010111110111111111111001111110101111101101110011111100111110111100111100111101111101111111111110111101010011
111111111111111110111111110100101111101101111101001101111101111111100111111100111111101100011110111011111111111110111111001111011110110110111010110101011111011111111111011110011100111010111111110011111110010111011111110100011011001111110001110011111111111101110111100110111111111011101101111010111100111111111111111110111101011
111111110110111111111101111001101110111111101011111111111011111111110110111111110001001111101101111111010011111111111110110111011110111111110111111111111111111101111111111111100111111111111101111101011110110111111111111101111010111111111111101111110111110110110011101110111111110011111011111111111111100110111101111111111110111
011111101011100101111011111011111110111011110101101111111111111110100111111111111111111100111111111001111011001111110111111111111101011111111101011110101111111011100101011111111111100110011110110111110111111111111111101011111111110111111100110111111010111110111011111111011110111111100111100110011011111111110011011111111111101
110111111111111111011111111110100111111101111111110111000111111111111111111001111111111111011101111101110110111111111111111101110111111101101111111110011101111111001110111111111101011111010111111101111001011011111111111111001011111111111111111111011101011010111100011110111011110111101111101110011100111101111001111111011101111
111110011111111111111111011111101111110100011100110000111110111111110010111011111101111011111101101110101010101101111111011101111110111101101111111111110001111101111110111101111111100101111100110110101011111110110111101111111111111111011011111011011111111110110111011111111111101011111000101111110111111111111111111011111110101
110111011110110111111110100010011111011111101011111111111010011101011111100111111110111110101110100011110111111111111111111110110110101111111110011101111111111010110111111111101111011101110111111111110100111111111001111110111001111101011111001101011111111101111111111110111011110111111011110011111111111000111111101111111110111
111011111011011111111000101111101111111111111111111111100111111111111110011100111111110001101110111111111101010111100101110110111111111111111111111110110011111101110111101001101101111111111111111110101111111111011011111111011011111111111111110111011111111111010011101111111101111111110111111111110010111110111111010101111110111
111001110111111110111111111111101010111011001110011101111101111110110111010111111111111011101101111110110010110101001011100011011111110001111110111011111111111111111111010011111100101111111011111101111111111111011110010111111000001111111111111111110101111011111111011111111101101100101111111010111000111011011111111110100111111
111110111111111111011111101101111011010001001010101111011001111011111111110111111111010111111111110011111101001111110110011110111111111110011101111111111111101011111010111111111111111011111011110111110110101111110100001111110011111111111111111111011111101111010110011011111111111110001111110111111111111111101111111000111111111
010011111111110111111010101010111111111101111111111101111011110011010101111111111111110111111111111111011011111101111111111111111101111111111111110111111110111111110111111111110111111110001011111110100111011111111011100111111111111111111101111101111110111111011111111111111011101111111011111111011101110111101110111101101111111
101111111111110111111111110100101010111110111110111111101100100011010111101001111110110101111101111111111011110101110001111101100111011100111010111101011001110101111111111111100101011111111010010010111110000111111111111111111110011111011101110111111111111111101101111111101111111110101001011111111100111110111111111010111110111
111111111110101111101111011111111111101111110101111011011111111010111001111111011110111110010101110101111110101111100111111111101011001011101111111011110111111011111010011111111001110110010101111110111111101011110110001111111111111111110010110011001111010111101110111100011111111111011101111111101111111111101011100111111101111
111011111111011011011101111011010101111010110111111100111111001011011111110101011110101111011110111111101101111100101101111111110111110111110111101110011110011111101111111001100111111111010111111111111011111111011111100100011111111101110011011110011111101011111111111010111110111101100111111110111111111111111111101101111111010
111110111111110111111111010111111111101101001111101110111111000111011111111110111011111111011011110111111101101111100010111111110110011111110111011111101111111111100011111111011111110011110111110110011010111110110111111111101110110111111111110011101111011111101111111001110110101101101111111111111111100111110110111110001101101
110111101111110010111111111111111110100110110111000111101110111111111111111111111111111101111111111111111110111111111111111111011111111011111111111011011111111111111001111101111101011111010111111111111111010111111101111111111101111111111111110010100101111111111010111111101101011101110100101011111111011011111111011111111111111
101111111111111000110111111011111001111111111111111111111111110111011101110101011111100101110101101111111110110001111111111100111111111011011111110111011110111001101111111111101011111111111111111111111111011111111011010111111110111101111111111110111110111101111111111111111111011111111011111011111011110111111100111111111111111
111111111110111111111101011110101011111101001100110111100110111111110011111111111111111011101011111011111111111100001110101111111011111111001111111111110111101111110111110111011111110010111011111110111111011111111110001001101111111111100000010110111111011111110111101111110111111111011010010111111010110111111111111101011111111
001101111111111111111011111111101111011111101111111111111111011111111111111111111111111100101111111000111111111101011011110111111100111111111111000111111111101110011111111111111111101111111111111101111011001111111111111111101000011110011011111010011111101111111111111111111101001111111001011110111111011111111110011111101111111
101010111101111111111111110011111010110111111100111111111110111111110101111011001101111111111111111111111111111111101111111111001111011111101011001111111110001011101111111011111110111111011111111011111111111111100110111101101011111110101011111111111001111101111101111111001110111110100111111011110011111111111111111101111111110
111011111111110111110011111111101111111111111011101011101010100101111011101111111111011111111111111111110111111111111111111101110111111111110110010111101011011110111111011011111101111110111111111111001011110111101011101111011111111111101111111111101100111101111011111111111111111110101111111111111111111111111101101111101111111
011101110111101101111111110111101110101111001101111111011110011101111011111011110111011111111111111101000111111111101101110111111111101111010001111110011011100101111110110110111111111110101111111010100111111011111111111111111111111111101011101111110110111111111111011101111110011101010010110111111111111100111110111110111100111
110111111111101111111111111101101101011111101111111010101101111101111111010111110111111111111101100111111101111111111110110111110111111111111111111111001111101100111111111011110111101111111111011011011111010101011111111001111111101101111110011111111111111111110010111101111110111111010111101100111000011101001101111111111101111
111111111101111101111111010111111111111011011111111110111110111111101110101111110111101111111111110111110101100011000101111111011111111111100111111111001000101101111111111111010110110101111010111010111111111111011110100101001111111101101111011111101111110010111111011111101011101111011111011101100011110111111001011011111111111
111111011111111110101111111011101111101111001001010111110110110001111100111111110111110011111110111111110111111111101111111111011111011111001111111111111011001111001001111111011101111111101111101110101110011111111110001110101111111111000111101101111111111110111111101111111111111111110111010111111111111110111111111110111101111
111111111011010111110111111111101101111111011101111011011110101110111110110111011111101111111111101101111110101111111111110111111111111101111110111111111011011101111010111111111101011011110010111101111111111001100110111110111111111011101111101110111110010101110111111100111010111100111101111101111111111110111111100110111111111
111101111111101110111111101111101111101111110111111111001111111101111111110111111111111011101111110111111101011111111101011111011111111101111110111111111101100110011111101110111010111100110011111111111100110110111110101111111011111111101111111111111111110111110101111111111101001110111111110011111101111001111111111111110111011
111101011111011101111110111011011111001101101101111111111111111101111111011111111011100111111111111111101111101101110111111111111111111111111110111111100111110111001011110111111111110111111111111111111111101110001111011111111001010111011111111101111111111111111111001011111011011011111001110111010100111101110011100101101011110
111101110011101111001110011111110101011110111111111111111101111111111111110010100101111010110101111111111111111011101011101110001111011111111100111110111111011011011010111101101011111011111110111100000010111110110111101100111111110100110111111111101011110101101111111110111111011111010111101110111100110001111100111111111010111
011111101110101011111101111111011111111111101010111111110111011000111011111110111111110011011111111010111101110111111111111111111111101111111111110101111111001111101111110111111111111111110111111111001111001110011111111110110101111111101011101101111111110101101111111111011111111010111111111110111111001101101111011111111111111
111010111011111111110111111110111101111111111110110101111011101101110111111101111100111111111111111111001011110111101111110111111011101111100101111011111111001011111111111011111001111101111110111000011111001101111110111111111111111101110110011111101101111111110111111111111101100011001101111111111111101111111111011111111111101
111111111111000010111010111111110010110011110011111111111111110111111111111111111011111101111111111100111101111110111110110101111111001101100111111011011111111001010011111101010101111111100101101100111111111111100101111111110011111111111110101111111111111111011101001101111101111111111101111111111111111111111111010111111111011
101111111111111110011101111101111111110110111111011111010111001111111111111111110111111111101111011111100111111110011111111110111111101111111111111101111111111011111110101011110010111111101111110111111001111111111001110110111111111111110111101001011111111111100111111111111010110111101111001111001110111111101111011001110111110
111111101111111111111111011101111111111011111110111011111011110110110011111011111100001110110101111110111111110011101011111110101111111101111111101111110111101011111111111111111111111101011111111110111110111111111111111101111111011110011001011100110001111111111110111111111111101111111111001110111100111101111111111111111011100
100111000101111111111111111100111011111110111111110111110001011011110111111111111110001011111111111101111111011111101110111101111101111111110101111011011101011110010010111111111111110110011100101101001110101111111111111110101111101001001010101111011111001111100111101111111111111101111111111111111111101111101111101111111111011
110111111100111101111111111101111110111111011111011101110101111101111110111011011110011111111110011010101010111111101111101111011110111111111000101110011101111111111101001110011011010001111101101011111111111110110101110111011111111111011111110011010110100110101101111110011111011110111110110111100111111010011111111101111110111
010111011110111111111111011011000011111010111111111111111111110111111110110111111111001111111111001011101110000011111110111111110111100101110110111011111111110111111000101111110110001111010111010111111110111011110111111110111011011110110100111011001111111110110111111111001111111111111111111011111111011110011111111011111111111
111111111110111101110101111010110111111110110110111111101011011111111111110111010010110101011011111101101111111111111101111011011101110111111011110111001101111111101111011110111111111100011110111011111011111110101111111111111011111101101011110111100111111101111011010111101111111101111111111111111111111011111111111111111011101
101011101010111110101111111111111100111101110101001111101011111011111110111011110010011111110111111111011111100110111111100111011111011111111111100111011111111101111101111111111100111111110100111111111111111110110111110111110011111001110101111111111101111011111110111101111110111011101101111011111011111111011111011111110111111
011110111110111101111111110111101111101111111010101111110011101100111010011110111110101011011111111111111111111111110111111111111111111101010011110111101011001111111111110010001111111011111100101111111111101110111111111111011111011111110111101101010111111011101011111111111011111111111110110011110011111111101101101001101111101
111111110101101111111100011111111100111111110001110111010111111111111111111111101111111110111111111111111111111111010110110111110111101011110111101011101100110101111101011111110111111010011111110111111010111101011110111111111110111111011011111111011111011111011111111111111110111101111111111111111111110110111101111001111111111
111011111111111001010101111111110110101111110111011001111111111111011110110011110011111001111110111110011110011111101011100111011011011110111111110111111010111101111101101111111101101001101011011001111111111101110111101011101110111110111111011111111110010110011011011111111110100011111111111101011101011010111111001111101111011
111011111110111111111110111111100111111110111101101111101110011111111111011111110011111101010111011111111111110111111111110111111101101011011101101011110011111110110110111011111111111111011111011011110110111101111011101111110101111110111111111101101111111011111011111100100011111111111111101101111011111101110101110101111111101
111011001111110100110111011011110111101010101111111011111101111001101111111111111111111011111011110111110111111111111111111111111001111111111111110111111011111001111101111011111011111111111111101001111111011101111101111111111110111111011011110110011111111111111110111111111011011111011110111110111111111111111111111111111110111
111111011111110111111101111011111110110110111111011111111111011111110010001000111001101111010101100111111111110011111011110011011110101101101011011111101111101110100110010111011111111111111111110101111111111111110101101101111111001100111011111111101111111010001010111110101110111111111101110101011111111101111111110111111111011
111110110011110111111001011111101010101100111111111101101110111111111111011110111111111011110011110111011111111011110111110111111011111111111111011000110111111111110100111111111101110111011111111011111111111111111111110111111001101011101110111110110101110110111010011110101110111111111111011111100011110011101111111111111111001
111111111011110111111111101011110001111011111111110111110111000111111100111001111011111111111111111111011111110110111111111110111101111011101111111111111101111111111011111111101111111111100011111111111111111110101100111110111111001111101111111011001110111111110111010111111111111111010011011111111011111111101111101111011010110
001111111111111111111101111111111110111011110111111110110001101110011100101111110110101111111111111111011101111111111100111111111101011111111111111111101001111011111101111111111111111111101010111110101000111111111101111010011110111011111011111011111101111111111101101110011100110111101110011111111100011110111110110101111011111
