111 49
0000100000010000001001000000010000000000000000010
1000000011000110010000000000001000000010000101101
0010111011010100010000000000000010010000000000000
0010010000111000001000001111010010000000001101001
0000100010000000100100100000000000001010010111010
0000001100010000001010010001100000000011001100000
0000101001000010100000010000010100000010000000001
1000001010000001000000000000000101000001001000101
1000000000100101000100000101001110010001110001000
1001010100110000001000110100110000000011101100000
1000010101000000000000001110100000010000000011011
1000000010010000000000000000000001111111000100110
0000000000010110000110000000000000000000000000000
0010001010100100010010010001000000001000100010101
1010000000000100101001010000000000100101100000100
0000000010010001001001100000110100100000000001010
0000011001000000100100000100000000000001100100000
1000001000001000001000000100100000000000100000001
1100110000000001000100000000000100101000000001010
0000110000000100011100010011100000010100110000000
1100000001110001000000100000101000000000000101001
0110100001001001000100000100010110001001000100110
0011110011001010000100000000101010100100000100000
1110001101000010010000000000001000110000000101000
1110100001010000010001111000000110000011000000010
0100101000001001001010000100010100111000000100010
1101010010000000010000001000011000010010000110010
0000000010010100010000000010010000001101001000100
0110000000000000000100000011000000111011010000000
0110000110000101000011011011000000000110000010100
0100001001001001100000010100111100110100000000001
0000001000000000010001010000000001010100010001000
0100010001110000100100010000001100010001100011000
0110000000010001000010000001000000000000000000011
0001001000000100000101000110010110101000001100000
0000010001101000001111000000001100100010001000000
1101010010001010000000110110000000001100010000000
0001010001100011000001010010000100000000100100000
1000010000000001000001000000001000001110000000000
0100000000000010000000101111000010100010001000011
1000100101100010001000010000000001001000100100011
1000100000000000000000000010000000000000001000010
1000001100000110010000010000100001000100000000011
1001000001000000100001000000000000010000010011000
1100011000000000000001010001000001111000001000000
0100001000000000000010011000000000100000000010100
0101000010001010010100000010000100000100010011000
1101000010010001000000000100101000010000000000000
0010010100001000010001000111011100001110101000001
1100100011000101000000000000111001000010101000110
0000000001001100000001111000000010000101010101101
0100011000000000000100000000000000010010110100000
0001000000000000000000100010000101000110010001001
0000000100000100110000000100000000000000010000100
0001100000000100000001000100000100100001000000001
0010000010010010000000100000001000000000000010010
0000100011100010011110100100000000000010101000010
0000001101000011011001000000000001100000000001101
0010000010001000000000011011000000000000010011010
0101011000000000000100001001000000000000100000000
0100000100101010001101000000000000000001000111000
0100010000010100000001001000000010000110000100010
1000101010000010010100100100000100100000010010110
1001100100000001001010000001000000010000001110010
1000111010100000010000100001110100110111000001000
0100001000000010000001000010001010000010101000100
0000100010100000000000000001000011000000000111010
0000100010000010100000100011001000001001100000100
0010000000001000110000000001000001000000001010100
0000000110100100000100000010100000001001001110100
1000010000011010001000000011000010001000010000001
0101000000000101110001010000011000101000001111011
0000000010001000001100010000010010000000111010000
0001011010100000100100100010000000001010010011000
0000110111101000000010000000000000000011011001100
0010100010000011000101001100100000010001100100000
0011000000000010110000001000000000000100001100000
0000010000100001000000000011100100010011001000100
0000010000001100000100001100000010110000000010010
0000011000001001010110000101000011110000000101000
0110101100000000001110001000010100001100000000000
0000000010100010001010011001001001001010010000100
0101000000110000100100001100010001001001000001010
0000001100010000100000000100000100000100110010001
0000000110000010000000000110000000011101100001011
1110000000001100101000001100000100100100000000011
0010000001000000011000010001010010000010000010000
0000000000000000010100000011000000000000000111010
0010000000010010001010001000000010110100100000101
1010100000000000001001000010010001101100100100010
0000010010000000000100111100010011000010000100000
1100000110000000000000001000100000110000110011001
0110001000010001000000000000010100000000100010011
0100000000000000010001000001010010000100000000010
1000000100100000010011000101100000000010000010010
0000000100000000000010000011000010100011011100000
0110000000001000010000000000101001100000001101000
0011011000000110001011001110001000010101000010010
0000000000010010100000000000111001000100100000000
0000000110101000000000000000001100000010001010010
0000000101000000000100100101001000011000000000000
0001000101000000000110011101000000010001001000000
0000000000000110000000000000000011000110001000000
1000010001100010000000111100010010000000001001000
0001001000000000000010001011010101000101100111100
0000101000000101100010101001000010110001000110011
0011001000100000011000000001010101000101010010000
0100010010000011000100001010001010100000011000101
0010111101000010000000000010101000000001000000000
0010000010000000001101010000011000000010000000000
1000000011000010000111000011000101000000000000000
