81 113
11100110111011111111011110111111110111011011111101011111001011111011011100111000011101111111111011110110010001111
11110001010111011111110111101111100101110111111011101111111111111011110101111011011111111101100110111111111101011
00010010011000111011111111011111111101111110011111111011110111001101101110001101001001000101111111110100111111000
11101111100111111010101111101110110111110011110110110010111110111011111110101111111011111011111111111111101111111
01110011110101011100110001111111111100111111111101110111110100101111000101110011110100111000011111101111101101111
11011101111111110110011110110111011110111111110010110100111111011011101111111110111111011101111101111101011111111
01010110101110111111110101010111001111111111111001100101111001011111111111011111011110111111110001111000111111110
11111110110001000101111001011111111011111110111110011011011111111101001110111011111111111110111110111100011110111
10100111111011001101101101111110101011011000110110111111111010100111011101110110011101111011111111011111111110011
10110101111101111111101110011001011111111101110110111111111011111110111111011110011111111111101110011110111011011
10000101111101111111110011111111111100101110111100110111100011100111010011101111111101011110111111001110111111111
00101011101100111111111111101011111110111111011111111100111111111101111100110110001011101110011011111111111110010
10111111111111111110011101111001111101101110101111111111111101111111100111011111111111111110011101011111001101101
11110111101011001101111001101110111110110011111110101111101111011011111111100111111110111111111011111111100100111
10100010111011111111110101001010111111111111111001100101111100001111110011110001111111111111110011111110110111111
11100111111110101010110101000110101010111110111101101111111110110111001111101110111101001101111111111111111011110
01111111110111101111101101111011111111111001011101000011001111111111100111011101110101100011110111110011101110001
01111111011101111000110111111101111111011101110111111110100011110111111011110111111110111101000101110111111111011
10110110011010101101111110101011101110011111110101111101110111111110111111111101111111001101111111111110111110110
10111011011111110011101110111011111011101101101111111111101101111010111111111101101111100110101101111110011111111
11011111101110111111101111110111010010111111011111111111011011111111111111110111010111101111111101111100111101111
01100111101111111110110101110110111111111101111011101111111111111010111000011111111011011011111111011011011111111
11100011111111010001111111101010111011111101111010000111101111100010111101111110100011001010111111110100011111111
11111110110011101111101110111110100111111101111010111011111110111101011001101111011011111101101011110111111111101
11011011111111110011011111011101110111010101111111011011111101111101111111011101101111111111011111110111111011111
11111010111111110100101110111111011111111001011110011110000111100111001101100110111111011110100110111100110111111
10100011110000100011101010111011000011011010111010111101111111110111111111111101101110111011111101111111111011111
11101011111110101001011111110110111110111111011101110101100011111000101111111101111110011111101111111111100110101
01111111010111001110110111111011111101111100111111111001011001111101111111111111101010101110000111011010010111111
11101010011001111011010111101011111110110111110011110100111111011111010010100001011111111111110111001111010111101
11001111110110011011110101101111110011010111111011111110111111011100101100011111111111011111111111100101110111111
11100111011010111111010110111001111101111111111111011111111111011110011111111110110111101011111011111110111101111
10011111101111110011010111111111011000110100111111010111111000010111011011101111110011110011111111101001111111011
10011111111111100011101110101111111111101011101100110111111010100111101111111100111111011110011010011110111111111
10111111111111111111001111011001101101011111111101110101111111010111010101111111111111111011010101011100111011101
11100111110001110110111011111011110010111011010111001111010111111001110011111111110100111110111101111111110011101
11011101001111011011111010100111000111100111001101111111111111100011010101101100101001110111010111110101101011111
00111111110100101110110111111111111111011111010110110111110111111101110111010101110110111110001101101011101111111
01111011000111101011111011011111111111000011011111110111111111101010011001110011111111111111101011100110011111111
10111110111111111010110111101111111011011111100111101110100111101110111110110101101110111111110111001110000110111
11111110111111011101111111000111010111001000011111101111101111110011010101110110011111011111110101111111110111111
11110011111111111001111101110110010110111101111010101011111111110111111111100101100111111111111111101111110111111
01111010100111000000111111101000100010111101111001110111111111111111110101111011111111110011111001011011111010111
01111101111111111101110010110011111011101111111110100111101001111010111111001010111101011111111111110101110111111
11111011100100111000111101111110110110011011101110111111111111110101111111101111011110111111010011111011111100011
11101101110101101111111011010111010000111011111111111111011101101101111011111111111110111111110110111011111111011
01100111111110111111111011101010011111101011110111111100111010010111111100101111010101111011111101110111101111110
11111011110111011111111001100110111111101011101110110111110011111111101111000111001101011110110110111101111111111
10001111111111011110011111101111111110111111111111111010111101111001111111001111011111110111111111111011101111111
10001011101110100101101001111100101111001011111111111110101111001111111110101111111001110111101110110100101111011
11001110111111010111111010101111111110111101011111011111111010111111101101101111111001111010111110111111111111011
11111111110110111111111110111111110111110110011101111111111011110111110110110101111101011111010111011111101011111
11111010011101111011111101101111101011111111101111010111001001111011101111011011111111110111010111101011010100111
00101010101000111111111100011111010111100101111011111101111011011110101011001001111011011100111010101110011110110
11111010011101111001110111011111111111001011001110111010001011100100011111111101110111111101110101101111011001100
11111111101101110011111010101101101001111011111110111111111111110101110111111011111011110111111111111111111111101
10101101101110111010011111010110111110110110101011010111111110110101011110111111101111110111000111100100100111111
01111110001111111110101101011111111110001100010011000110101111110110111101001101101011111111110010110001010110011
00010011110011101110111011001101100110010110110111111111111111111101111110110111110110111111111110110110000111010
11011011010001110100111101000111011001100111111011101101111111111111101000110011011111011111111101101111100111010
11110111101111110111100111111111101101111111001011111101101011101101101110111011101111111100001001110111101110111
11101101111111111110111111111111101101110111100111111101110111101111111111111101101111111111111100101100110010101
10111111111111011010110111111110001111111111101111111111011111101111011101111101101111101010101110011011000110111
10011100111110111101111111001110011101110011110101100111111111111111101111110111001100110101110011111100111010101
11000101111001100010111010111111111011101010111011100101110111111111011110001111111111110111010111001101110110100
11101011111110111110111100111101110111101110101110110100011110111110110111011111111001010101111111111111111101111
11110011011110101101011010110111110011111011110000111011111111111111111101000001110111011111111111001101111111011
00110111111111111001011111111101111111111111001011111011110110101111110000110011111111111101101111110110111011101
11110111010100001110010101111101101011001111110111101001110111111111111111111010100011111010111111111101111001011
10011110111011111111111110011110111111011111111111111101111110111110011110111111101100011111110101111011111111011
01110110111111011101111111001111011101111111010111101111111111111011011111110011111111010111111111111101101110111
01110110111101110011100101110111110101001111111111111011111011111010111111111111001111011111001011111011010100111
01111101011101111111100101000111011110111111110111111011110111111011111111011111111111111111010101111111111111111
10111011100111011111011110011101101110111111101111111111101100111000111111110111101111000101001110001111111101110
11011111101111011111011111111110010101101011011010101110111101111110111101110110111110111111011111100111011111101
11100110111110111100110111000011111011111110111110011111011011011101100011101101111111111101110111111111111110011
11111001111011111100111011101001111000001110101111101001111001110100111111010111111111010110110110011100110110011
10101010110011011111111011011110001001111111110011101110111010101011111101111111101111110111111011101001111111111
11110111010111111011111111111101111111101101111010011101010110100110111110111111011111010110111100111010111111111
10111111111111110110011011011011111111001111110100110110100010111011100011111110101011111001111011110111011111111
11011111110111100111111011011111011111100111100101111010110011011111011111110011100011111101110111110101111111101
