88 179
11111011111111110111110111111011000100110111111101111111111110111110111111111101111101111111011111111110111101111111111111111111110101011111111111111111011011011111110111111011111
11111111001111111101111111011111101001110111101011111111111011111111110111110111111111111111111101111111111111010111111111111111111011101101001100001111101011011111111001111011011
01110011111111111111111111110111101111111111101111111011110110111111111111011111110111111111011111111111111011111111101111111110011111111111111110110111110111111101111111101111001
11110111101111111101111111111111011111011010110011111111111101011101111101111100011111110111111111110111110111010110111100111101011110111101111101111100111110111111111111110111011
01011111111111010111111111111011111011111110110111111111111111100101100111111111111101111011111010110111111101111111010111111111111111111110101111111111011100111111111111110111101
11111101110101111101110111111111111011110110011111111011101111111111111110011101011111011111111111111101101111111110110111101111111101101101111011110111111101111111101110111111111
11111110111101111110111101011111100111111111110111011110111111111111111111111111111100101111011110010011111111111111011110111111111101101011111101111101101111100111101111111111111
11111111111111101111111011110111111111111111111011110101101011111001110100111110111101111111011011001111111011111011111111111110101111101111111011111111111111111110111111111011101
10110111110111100110111111111110111111111011111011101111101101101110111111110101111011010111101011101111111111011110111111110110111111111111110110111101111111001111111101110011111
00101111111111111111111110111001111111111111111001110011111110111111011111110101111011011111111110111111111111111110100110111011111110111111101110111111111101110111111010011111111
11111111110111111110000111111101001001111111111101111011111111111111111111101111111111011111111111110010111110011111110110110111111111111111111101111110110101111101111111111111110
11111111010111111101111111111001101111111101111111101111111111101100011111111111111111111011111111011111111111111111111111110111110110111111111111111111111111111101111010111111101
01111111110010111110110101111101011101111010111111111111110111111100111111001111111111101011111110111111111110011111111011011101110111101111110111011101110111111111111101110111111
11111111110111111011111101110110111111101111111111101111001111111101111111111111101101111110111111111111111111101111111111101101101111011011111111111110111110100101110111101111111
01101110111111100111011101010111110111101111101111001100110111111111101011101111110111110111110010111111111111011111101111111010111111100111111101111100101111111011011111110111111
11111110111011111111111100111101111110101100101111101110011111011001110111111111111111111011111011101110111111110111101101111111110110111111100111111111111111101111111110101101111
11101011111111111111111111111101111110011111111101110111110111111111111111111111111011111100111100101111111111111111111100110111111111111111111111101011111111111111111111011111111
11101111111110111111111110111110111111111011111111101100110111111111111111111111011111111111011111111110111111111111111011111111111101111001111101111011101110111111111111101111011
01111101010111111111111111111111110111111101111100110011111011101011011011111111111011101111111101001111111111101111110101011111011111101101111110111111111111111011111011110110111
11011111110111111001110111011111111111111110011110111110111111111111100111101101110111111011111111111101101100111111111111111111111101110111110111111011111111111011111111111111111
01101111111111101111101011011111001111111111011111101111111101111111110011010011110101110111111111111111101111101011101110111101110101111111101110011101111111101100111111011111111
11110111111011110101111111111101111011110111110111111111111111111111111111110100010111111101111111010111110111100111110010101110001111111011101111110111111101111110111111101111111
01111111011101110110101110111111010111110110101101111111111111110111101110111111011011111011101101011110111111110110111011110111101111111111000111101000111111110011111111101111110
11111101111111111111111110111111111101111001111110011111111111101111111111111101111110110111111001010111111101111111111111011111101011111101111111111111011110111111111111110110111
11111111111110111001111110000110110101111101111111101111111100010011111101110110111101111001011111111110111110101101011111011110111111010111010111101111110111101111111111101111111
11011111111111110111111110111111011110111101111111111011010101111111111111110111111111110111111111101111101111111111110111111111111100110111101111101111001111011001111001110111101
10111111111011111111111100011111111001111111100111111111100111010111111101111111011111001011111111011111110111111011111111101111111110111111111011111111101110101111111111111111111
01111101110110111111110011111111111111111010010110111011111110111111111101111110111111101111111111101111011011111000111111111111110111111111111111011110110110110111110101111111111
11111111001110111111100111100101111111101010011001110000111011011101011111111100110101111011111110111111101110111001011110111101111101111010111111101111111111111110110111011111011
11011110111111101111101111110111111111111011111101011101011111111011111011111111101111011111111011101111111111111111011011111101011111111111111110111101111011111111111101111111111
01111111111111101111111000011011111111101111110111111111111011111111111111111111111111011111110011111101111111111111011100101111111110111111101111101111111111100111111111111101101
11111111110111111111100111111111111111111110111110111111111111110011111101111111101111111111001111111111111101111101010111110110111111111111001111110011101111110110111011111011011
11111111011111111111101111111111111111111100101101111101111111011011111101111111010111111111111111111111111111111111010101111111111110111101011011111000111111011101111111111111111
11011010111111011111111111100011110111111111111101111111111111111100111111111111111111111111111010111101011011111111101111111011111011101111001111101110111111101111110011111111010
11111111110111111111101111111111111111111111111110111111111111111011111111010110111111101001111111111110110111111001100101111111011111111111111101011011111111110111111111101110111
10111101111011011110111111101111111111111100011111111110111111111111111111111111011010110110111111001011011111111101111111011001110111110000011111111011110111111011011111110011111
11111111101101011110110111111111110111011111100011111101111111111011110001100100011110111111111101111111011100001010011101111111111011111011111101111111011111111111101110011011111
11111111101110111111111111111111100111111110110111111111111011111111111011011111101101111110000111110111111111001111111111111110111101011111111111011101111011111111111110001111110
01111111110101011111111011011101111111111011111101111011111111111001111101110110111111100111011111111111010011111111111111110111111110111111110111111101110110010111011011010111011
11111111111111111110101111111110010111001111101101111111110011111110111111000011111111101101111111101011011110111101010111111111111101011110111011111111111101011111011101011111110
10111111011101011010111111110111100111101111011111110111110111111100110110011111111101111110111111111101010111111111110110101110011111011111111111011101111111111011111111111111101
11111111111111111010011111111101110101111110111111101110111101011111111111110001101111111110111111111011111110111111110111111111111101111111110011111111111111111111111000011110101
11101011111011111111011111111111111101100011111011111111110010111110101001111011111101011101101110101111011111111111011011111101111001110111111111011011111111111111111110111100111
11111011111110011101111011011111111110111111111011111110100111011001100111111111111011011111111101110111101111111111111101111101111111111110111111111011110111101111111111111110111
11011111110101011111111111111111111111110111111111111001111110011111111111111110111111110011111111011011111111101111100111101011111111010110111111111011101011110111000111111111111
11101110111011111111011110100101110111011111001111111111101111111111010111011101011111011111111011101110111111111111011111111111010011110111110111111111111011011011100111011111111
01110001011111101111111111111000111110111111011111111011101111111101111010110111111111111001101111101111111110110111111111101110110110111010111010101111011111111111111111010110111
10111111101010110111111111101111111011111011011001111011111111111101111111010111110011011111111111111011111111101011101100111101011111101111111111011111111101101111111110011111111
11111101110110110101110111011111011111111111111111110110111111011100101111110011111110111111111011111111111111110111111111110100111111100111111111110111110111110101110011111111111
10111011111011111111111111000011110111111101110111111111111111111111111101111001111010111011111111101111111011111111111111110111100011000011111011101011011111110111111101111111111
11111011111111110101111111111111111111111111011011010111111111010101111110111111111111111110101111111111110101011110111111111111010110111101011011101100111101101110011111111111101
11111110111111111111101111111011110111101111111101110011101110011110111111101001111110111111111111010111111110011111111111111111010111111111111101011001011111011111001111111111010
00101111111111111011100111111111111101011111111111011111011011011110011111111101111101101011101111111111111111111111101111111011110111111110110101111110011111110011111111111101111
11100111111011010101111110110111110111111111111111111111111111101111111111111011110111111011111101111111111110110001011111101111111100111111111111111101101011111111111111110111111
11101110111011111111110111111010101111110011110111110111011111111110111111111111011110110011011111111111101111001111111011111111111111101011111111111001111101111101010111100010111
11000111110111110011111111111111111111111101101110111110111111110101111111111101111110111011011110101011111111111110111111011110111011010111111111100011111111110111111111111111111
11111111111111111111111011111110111111011111010011011111111111101111111011111111111111111111011101011110110110111111111101111011111111111111011101101111111111011111011101111111111
01111110101011110111110111101111111011101101111110111011111101101110101101011111011111001111111101111111011111111101111111110011010111011011111011011110111111011111110111101111111
11111111111111111111101111110011110111111101101111111110111111111111111111111111011111011110101110111111111111111101101110111110010100111111111111111111111111111101111101100111110
10111111111111101010011101111111111111001111111111011111110100111101111110111011111111110111111111111111111111011111111111010111011111110011011110011111111111111110101110111111011
11100111111101110111111111111101111011101101111111111111111010111010011111011101110110111110101111111111111111011111111111111111111111111111111111111110000011111111111111101111111
11111111101110101111011111111111111111011111110111011101111111001100111111111111111011111011111111011001111111111011111111101101111111111010111111111110101101101111011101010111111
01111110111111111111111111011011011111001111111111111101111011111111111111110101011011011111101111111111111011111011111111111111111110111010111111111110111111111111111011111110100
11101101110101110111111111111111111101101011111111001111001101111111111111111101111111110011111110101111111011111001101111111101111111011111111111111111111111111100111100111111010
11110110111111011111110111111011111001111111111111110010011011111111101111111111010111111011101100010110111101110111111110101110101111111111101111111011111111110110101110010111111
11101111111111001111111111111110111111111001111111111111111111111111101111011111110101111101111011111110111111111111110101111110111111011011011010110111111111111101011111111100111
00011011111101101111111101101111101111111101111111111110111111111111111111111111101111111111111110111110111111101001111011111111111101011111110000111111111001101111110101111111011
11101111011011110111101111110111011111110111111111110111110111111101111111011111111111011111111111111111101101111111110111111111111111111111011111111111111110101111111111111101110
11001111011111101110111110111101011111111111111111111111011111111011111111111011111111111110110011111100000111110111111111011001111101111111000111011111111001011111111111111110111
11111111101010111111111001100101111101110111111110111110111010101111111011111111111011111100111111100011111101011011111111111111110110111111111111111111001111111101101111111111110
11010110111011001101101111111101111111111111111111111111111111110101011110011011111111111111111110111111111101111111101011111111111101111111011110100111111111100111111101111111111
11101110111011111001111111110101111111111111111111111011111111011111111111111011100100111110111011111101011111011100100010111111101111111100000111011100110111111101110111110111110
10110111111111111111011111111110111111111101111111101101111101101100101111111111110111101111111101011111111111011111111110111010110011111111111111111110101111110100111101011001111
10111111001111101101101100110111101101111100101101111111001101010111111111111101101001011111101011011011101110111111101101101111111111111111110110100101111111101101111101101011111
11011010111111111111111110011011111111111111111110110111011011111111011010111001110111011111111101111111111111110111011111111111111111101101111111111111110111111101011111111111111
11101111111111111011111111011111101111111110111111011110111100111101111101111100110111011111111111011111101111111101111111111011011111111101001111000111011111101111111110111110111
11111111101111111011111001111001101111011111111111111111111111111111111101110011111101111101111101111010011111011111111111111111111010111101011110101111111111111100111111101010111
01111111111111111111011111111101101111111101111111111101111101111111011101111111110110111001111111111111101111111101111110110100111111000110011111110111111101011111111111111011111
11111111111011111011111111111101011111111111011011101111111101110111011011011111101111110110101111111111101011111111111110111110111110110111111111111111111111110110111111111111101
01111111111111110101100111111111011111110111101111111111111111111111111110001111111011111110111111111111111111001101111101111111011101111011111110111111011111101111111111011011111
11111011111101011111011101111111111111111111101101101111111111100111011111111111111111111101100011011111001111111111111111101110110111100011111111111011111100011111111111110110110
11110111011111111111111011111111111111111101011111100101101110100111010010110111111111101111101111011110110111111111110111011111111111111101111111111111110110111010011101110111111
11101110011110111111110110101111111010111111011001100110111101000111111011111011111111111111101011111101111011110111001111111111101111111111011111110111001111101111111111011111111
11011111100111110111101110101101111110111111111111010011111111111110100111111110111111101110111111101111101011111111111110111111110111110001111110100111111110001100111111101111111
11101111110111011111101001101110111111111111101011110111111111111111110111111111111111111111111111111111111111110100001111111101011011111101011111111101111111101100011101111110110
11111111101100111110111111101111101110110011011111110100101111111111111111011010111111010110111111111100011011111111011111011110111111110111111110000111110101111101101011011110111
11100111111101101111011111111101110101101110111111101110101101111011110011111111110111010111110111111101111111011101111110111101111111111111111111111011011111111110111111100111111
11111111111111110111110101111111111111110011101111011101101101110111111011111111101111111110011011010111101110111111011011111111101111111101111011110111111101011111110101101110110
