410 104
01010101011110101010110110001110110011010010001111111111010011010011110111101011110111011111011101011001
01000001011101110101100010011010110110110111101111101000000100100111110111011111101111111011110110011011
11011111101111010111110111011000100011101111101001111101111101111000110111111111101011100110110111111111
11111011011010101100111001111011011101001001111100110110100111100011101111110010010101110101010101011011
11111100001001011101111111110111110111110011101111111111111101110110011111101000111011111001111001111101
10101111110110100100101101101111010111111110010111111000001110011110010011111011010001010101011111110111
01001111111111101001100011100111111010111011010111111101111100111010111011101111001011011110011111101110
01100001011111111001110001101110111001010111000101011011110010011001011110000010000001111111110111100011
10011110101101110001101110011100111101011111110001111011101101011111001110101111001001011110110011001001
00111001011010101110111110001101110111110110111111111110111101111000001111111011010100010111110011100110
11011011111010101111111110001110111010000111111111000111010100010010100111001110100011111101100011111011
11111100111110010111111100000101011110110110110101101110111000011101001000101111111101001111011110010100
00001101011010101111110100011011001111111111101011100111111111101110110101011001110101110110011010101100
11001010011111101100111110010110011100001111101101011000010111011101111110100111101111111111101101010111
10111111101101101111111110111100110011111100100101010101100100110111101101001110000011100110110101011111
11110100111110110101110111111111110111100011001110111010111111111011110101000100011110100111110001101011
00011110011101011100111010001110100011111101010100111100001011011111110111111001011001011101110111010100
01111011011111111011001110001011111111010111111111111000111110111000110101100100110110101111110011111110
01111011111011110111010010100011111101000110101101100111111011100011101001111110000010111111100011111110
11110010010101010101011110001111110111110111001010111001110011011101000101010011111001011111111011101010
11001000001110110111001111011000001001010100011101100011100100110110101111111101011111110010101001011011
11110101011101111101111011110110011101111011011111111110111010110101110111110110111011101111100010101011
10001111010101100111111110111111100101111101111010100110101101001011110011010111101110100111011110110111
11101001111001111000011111111111111101110011110110011111101011111111111101010111110101100111010100101011
00011111101000100110111110111111111101111111111011100111111110111111000101101101101101010110011111111101
11101111110000110111011111100000101110111111111111101110111010010101111110111000110111101110111001000001
11111111111010111011101011110111101111000011001111011011101011010101011110011111101100111101111010111011
11111111111011101010111111001010111100010110011001110111110101101111100011110011100101111110101011101111
11101011011111001101111110100011011111010110111100011001110101011111111011100110000000011011000111110111
10001110000101110100010110111001001111110011111111111101011111111111111011101111101101000011000110000101
11101111011111000000011110101110111111001101101011011001110111101010111101111001010111010011100011111111
11110001111001011000101011010001101110110011011111110110101001011101100110011111110011111101011010111110
10010010100111111010111010011010111011111101011111011111111111111011110111011011101101001100010101111111
11100011011011111011110111000101111111111111100111110111100010110111110001010011001100111101110100011000
01000001111101001011111111111100011101010101100101111111110101000010011010111101111101101011101100111001
11111010111111010100001011110101001001100110100111101111011011101001111111110111101011001100011000111111
11101010111100101110111101010111011111111001111000110110111111000011110110101110110110000101110111000110
11111101111111001111110110011101111100100101011011111000011101001111011111111111111011111111011110101010
01111001001011011010111101010101111101100011101111000101011001010111111111011111001101110010111111111111
11111111110101111101101111111011101001101111100011110011000110011011110010110101111110111010000111100110
01011111011011111101110110110110110111111011011111111010111111111111101111101110110110011111110111111100
10010011101101111110110100111101111010101111010100101010010011110011111001100111111000000111111110101111
01001111101000001111111101011100011110101000111111000010100110011100111010110001111111000010101111000000
10111111111011101001011011101010110011011101111101110111110111010100010101111111100010111011011000011111
11011111110101111101101011110011000111011111000110111011001011111110110111011111110011011100110111011101
10111111110101000000111101001111101110111111111100111101101111111011001111100101111110100111111010101111
10011011111101000001001101101011011000100011101011010011101111011111101110010101011110111011010110111011
10011100101111110010111110010111111101001111111101100111001111100101111111001011110110001111101110011111
11111110101111001011101111111111111111100111111101011111111010010011101101011110111110101111011111101100
01111011101111100001100100110000101111111011111101111100101110010011110111110110111111000111001111110110
01110101111111101100111011111101101110001011011100111111111011011011111110101110001101011110110100111010
01101001111111111110111001100011111101111000101111011011010111011111001101111010101001011101111011101011
11111110111011100110111001111001110001001101101100110010011111101100110110000111000011110101101111101100
10101111110111110011111011101011111011110111111011010111111100011111011011101111011011001111101010110110
11111101111111000111000011111110111111101110111101001011111000010100111110110110110110101111011101110101
11101001101000110001111111010110100101101000111011111111111111101011101101110011111010110101111011011010
00110011111101111011111011111110111001111000100001111011101110111000110111110001110100110110001111001011
01100010111110110011110011011011111101100111101101110101110111011100111111100110011101010111111001111010
10110111111100000100001110011110111011111101101111010110100011111011001011111101110011111111101110100101
11111010111111101011001111001111110111011111101111100111111101010000101110111011111011111001111111010101
11111110111110111111111011111110011111011110110111110010111100111111110110110110011000111011111010100101
11100110111010110101111110101111101101001001111111110110111111011111111101100110101111010101110111010101
11110110111111110111101001111110011111001010011111011100111111111001111111001110101101111101111001101111
11111111001111111111101000100001011110001101001001010110010101110000110111111100111111111111101111111111
01011001101111011111110110101110111111110111000111011111110111100011111100101101011101111011111101111100
10111110100110011001111100011110111101010100101111101100110111111011100110101010111101110101111110100011
10111111110010101111101101101111100110111101011110111101010011110001110101100111111111110101011001110101
11100101001111011101110010010111110111010100101111110111111001001000010111110011010110010101111100110111
11011011111110101110110010110111111010101111110110111100100010110111110111011111110000111110111101011110
11110011111000101111100011011101001011011000111111110011110111111011111101101100011110111011001110110111
10110110011011101111100111100110101111101001100010000010010010101011111111101111111110100001100111111010
11111001000111010110110101111111111111001111111111011111111110101111101011111010111011111101110011001111
11111111010011101110111101010010000111110011100010101110111010101100111001111011111011010110100001100110
11000111111100110111010111111101001001110101111001101110110101110101101000110110111101110110100110111101
11011110001001001011101111011011111111010001110011100101100110001010101011011110110101110110110001011111
01101111101110011110101101110011110010001110110010111010110000101111101110011111110101011100101101110000
10111010110110110011101100010101111101001101010100101110111111010011011111010111111110111111011111111111
10010010110101111100110011110011111110100101101101001111011000111110110111101010111010110101110110011111
10011111111111110110111110101101110001111001011010010100101111110011110100011011111011111110101101110111
11111101111110111111000111101101101111010001001111101011100001111110111100110111110011111100101110111100
01111110111110101111011010111000000111101111010111101110100000111111111110011101101111110111001011100111
01001011110111010001001110111010101111100110010001110101011011000011110001110000101010110011101110001100
11110100011110111011001001011111111010101101111111010011010111001111111010100000010111110100110111001101
01010110100100111110111111111110111110111011001011111110111111011111110111101011111111111111001011100010
01111011001000110011001011110110011110011111111010111000001011011110011111010011011101111111011011100101
11010111010010011011000010100010101001101110110111110001111101111011101011111111110111110101100101111100
10011101111110001111100100111010111111111110100111110111111000010111000100101110011111010010011010110011
00111111111011111010011111111111111101111101111111111111110101101110110010011101111010011110111101101001
01100001101011110100010111011111111110111011110110110110111001011100100111011111110011011111111101111011
11100011011001000100110101010001110111111100101001111111011010101000111011001111100101111110110111011100
00111101111110101110011110111100001111000111111101111001010111101100110111010001111111000111011101110111
00110101011000011111111110111101011001111001110111001110011100111111111001101111110010110111111111101110
01010111011111000111001111100001111111111111100110110101110100100111100011110110111001011111010011101010
10001111011101011011110110101100111001100101111111110111010101010001011011111111111101000010000111111011
10111011010111111011001011111110011101011101100101101100111101101011110100101111101100110111001100111111
11001110111001101011110111101101111111110111101101111010010010111110010110110011111100000001111110110011
11000011100111101111111101001001110111011010100111100111110111001010110011010101111010011101110111111110
11010110101111011011110101111111111100100111101100010101011110101100111101010111011110101111111011011110
10101111111111001101101000011111111001111101111000101100011110011111011111111101111111011111011101110111
10100011110110110100001000111110100111111101111110110101110101110001001111111011100111001110101110111101
11110110101111110100110101011101111111111011100111000110010011111111110111110001100011100111111111111111
10110111001111100111111011101000111101111101011100101110111000101010111110111011011011110101000100110101
10111111011010111100110111011111011110110110011001111010101101111010101111010111000001111011100101111111
10101001111001010101010010110000101010110010001101111111111001001101011101111111000111111010111100111111
10111011111010111100010111101101101011111010111011111010010101101110100110111111110111001110010111111000
11011111101011111110111111110001111111101110111000100001000110011110011011111111111001101001010010100111
10011101111101101011111111110110001001000111110101110111111111111101000010110001000110111001101011110110
11111010001010101111110011111111111111011101110011011101111111110100110010111001111101011111111010111110
11100101011000001111001101110010110100001111011101111110110111111011010011100011111001110000110001011111
11101001011010110111110101010011111110101111100010001010011111111101111111111111100011011111100111111010
10110111111111111111111111111110110101000001011011111111101110101011011111010110001111111110011111111011
11111111011111011100111111101000010000111110101111010110101011111110011001111110100011110011011110100111
11011000111110101101111111000110011111101101111100111010000100010111001111101101110101011111101011110101
01110011011111101111111011110110111010011100101001111011111101001000011111011110111101110111110111010101
10111100111010011000101111011111001111010101101101000111001101000101111010111110011100010011100111011110
10111111111010111010111111101011110111110110111111100011011101010001001011001111011111110000100111101010
11110101111111100101111111010101111011111101111101101101111100100010101011101101011110111101111110101011
11100011001101110001101111110101101100111111011111110010110100101111100110001011001111100110101111000100
10011101111110101110011111101111111110110111001101111110110101001001001111011110111011110111101111101101
00010100101010111011111000110101011111110000001100101111111111101001011111110101101110101100111001101000
10101111101111100101110111100110111011110111110111111111001011111101000010000000011001110011111111111000
11100111011111001111010101111111011010111111110101011000111011111110111111100101111011110001111100010011
11011101101111111111100110111111010001110111001111111111111010111100110011101111111011111001011101100110
00111110011101010001001110000111100011001101010111110110001110011101111110101100111111111110111111101011
01001110111111111010011010101000011010011011101111101110001010111001110011010101101111111010111111010101
10110101010111111101011101110010101100000000010010011011110011110101100011111111001100101011010110101010
11101101111010001110100101000000111001101110010111111110001101111110011011010111101011101011110110000100
01110011101110110101011100110101111000111100101011111101011111101001111110111011011010011010111110111110
10100110100111011111010001111001111011001111001001101110101111110010110111111111001110101001011111110111
11010101111101000011111111111110100010110010010111011111101011111101101101101001111011111111011110110111
11010111001001111110100110001111101101111011010011110101101110111001011011100111110111111101000110100110
11110001110110111010111011101011101111111000110101101110010111011111110111110111000101011110100001110001
01001000111101111111111110101111100011011110101110111001101011101000101111110011111011101011110111111011
01101110110111001100111111011110011110010111101111010111111111110011111010111111001011010101111111101101
11110100000010101010100111001001111111110011111000001011011111111101011001111110101111101011111001011001
01010101111111111011111011101110110110010011001110111111111011011011101110100101110011101111111100100111
11001110010110011110101011111110100010110111011000101101010110010010010101111110111110111111101010111111
10111111000111111111111010011110111110111101111100001111111111111110111011110001110101111001011110011111
11101111001010011110110101011011010010111100111010101111111101100110111101101111101111000001010101011111
10011101101011111010111101010110110111111110101101011100110110101011110111110101110111001100101011010111
11111110011101011111111010000001101111110000100010101111110111110010111101001011111001111011111111011101
10011111000111000110100011110100010011111110001111111100111000100100111101101110001111011101110110110100
10111001010011010101011011010101001100110011011011001110011101110111000111111110001000011110111011001111
01111110110111000110100001101110111111111110001110110011110011110111100011111010001101110001111101010011
11111101010100111011011101111111101110111100010101001010101101011111111011100011111111111111100111101101
10011111101011110010111011110111101001111001101110111000111111101111100110101110101111101101100111111101
11101000010011101010110110101011110100110110111011101011001000110111111110111111100100010010000111000111
10001001011111011010110001111101111111011111011101001011100111111101110010111101111110111111111100001111
10011001010100111101011100011011010111111111111001110010110110010111101110101111111000011001101010011101
11100101110111011111111010010001011101011101011110010010001111100101111010110001101111111100100110111110
01110111010001011111110101111101011111111011101011001100111111111111011010101111111111111010111010011000
11111111111111011111010110111010001011100111001111110111011110001010000101111111100010110110001110100110
01010100111010110001011010100101101011000101010011110011111011001111110111111101011110101010111011110010
11101001100011111111100101101001111111111011111110111100111011011001101110111101111100110110000011011111
01011011010111010101111011001101110001111111111100110010101100011101110100111011111010101110001101101110
10101101111101111111110101010111011111111100111111110111101100011110111101101011101101111111110110010100
01111111010110001101110001111111011111111111111110101101011111110010011001101101001111110011001000110100
10110011010001101111010111110101001011001110111000111101001011111000010011111011111101101011101100111111
10010111111100110111101101110110011011101101110010101011111011111100110111001111011011111101110100111001
11111111110011111111001111101101101111101111111011001111111001010110011101101001110101001101011010111101
10101101100011011100101111011110111110111101110110101110111010001110101111111110010110010011001111011001
11111111001011000111111110101011110011111010001101111101111010011101101111010111101100000000111111100111
00111011111101111101010110111110110111111111110101101111111000100111110011100100101001110001011111011101
10111111110001110110111111110101111100001010111101101101011110101111111111000111101110001111001101110011
10001101111111111111011111110011101101111110010101111010011110101111000001100010101010111111101111111001
01111010111011101011101111111110110101011110101010111111110101110101110011000011101111111101011101010110
01001110101000100011000111010111101101100111111010111111101110010110101010100000101011001111000111101011
10111111011110001110101111111100111111011100100001010111111001101110110101110001010111101110111110111111
11110011100001101111101001111101011101011011010100110110111111110001111000111101101011011101011010011111
01111111000101111100110111000110010000011100110101110101011111111111110110000111111110101110111000001111
11111101011011111111011111111100010001101011101111111011101100110011110110110111110111010101111110101111
01101011001111011100111110111110011011001000011110100100110011010111000000010100000000110111011111101000
11110001011111111101010111100111001110111101110111111101110101011111111110001010010101110110110111010011
11100110111101111110011111111110111100011101000101100111001101000111110111111110010101110010100011011101
10101001001101011100111111001111010111101111111111110111110111111101001001000101111110111011111111001110
00110101111010100001010111111111011110100111111001100111111101000111001100111100011001101111101011010111
11011011000010110111011010010111010100101111101101011111110110101101110100100110010011111001011111111111
10001010100001111111101100100101110111111011111010001011111111111011011111110011101000111111011110001001
11111111001011111111100101100111110110110110100101110001111110011001111011101010011101111010111101111100
01101011111101100110011011101101010111100010000011001100011111111011111111111111000111101100110111110011
10011100110111110101101101000100100111111110010101111111000111110111000100110101101101011100111111101100
11011011101111011101110111110111011111110111011111010100000110011011111111101111011111111101111110011001
00011011111110001101011100111001010111001110000101111111001111101111100110011010110110111011101110101011
10111111011001111101101110111000010101001110110110110011101010000111110111011111111110001001011110110101
00111011110111011000011101111010101100111111101011110000110111111111011101011011011010100101011100111110
01101000010101111001101001001100011110111001011011111111011011000111111101101100000111010100011111110010
11011111101111111110111111100011111111111100101111110010111100101111001111111101110001011110100101111011
10011101010101111010011100010111010101101011010111111111011011111101000101110011010010111111110001101110
11101101010110100101111111110011011111111011111011101101111011001100001101110110011100101111100110110000
00111110011111100111001010111001011001010101111011001001111110101111011000011101111111111111011011101111
11010110111001000111010111111111111001111011111101000111110010111111001101111111011111001011111111011111
11110110101011110010001010001110111011111100111011101001110001110110000111110011111110001100101001111111
11111111101111110111011011101011011111110011111101111001101100101011111010101011111101001011111011101101
10101111101111111101111101000100111010111110100100100111100111110101001100101110010010110001001111111101
11111110111101000000101101101011011110010111111111111010110100111111011110111101110111111011110111001001
11101111010110011010101010110011100110001111011000111111001100101011110101101011010111111100000000011111
01111010010110101111110110111011010111011011111011000101110111101101110111001110111110011011011111101011
00011101110111111001011110001111101101001111110011100000001111011110101111101001001111011110001101111101
00110011100111111101001111011110111001001111111101111101111011111011000111101111010111101011101111100111
11000111010101111011111111111110010111001111111111011110111100111110111100001111110111010111101011010101
00111111010101101011110101011001111111011110111101011011000110111111110100011101011001011100111011111011
11110111110110101011111100111111111001110111111111111110000100111001101111101101111011100010101101010010
10111011011111111011110011101001010101101111110111101111011100010000111111111110011100001111000001100111
11110110111000001100111010011011011111000100111000101110011111111111001011111110110110011111101101111010
11100101111000001110111111111001101001111110001111011111111110100001000010111110100110111111110101111111
11111111110111011100000011111111110011100101111101111101001101110111010101111101011110011110011110111111
00001010110101111010001111110001111111111110101110010011111111101111010111000010111101110001110011101111
11011001111100101011111011101010111001110100011110111000110110111110111111111001011111111110110111001101
11011111111111101101101110111111111111100110111101010100111011011011111011111111110011101101110101110111
11011111000010000001011011011011100000111111001111100111011111101110111110101111111100111100101101010111
01101110011100111111101110110000010010011110111110010101100111100111101110011110100001100100110111100011
10111100101110111110011101100011111101101001111101110110101111010110011000101101001011111110101001011101
10111100101011111111011111111001111011111110000110101110111101101011111111011110101011011000011011010111
01111011111011110010111110101110100101111101110111001010110101101111110111010100111001111101101110111101
10111011110110001111101101001111110101111001110111011011101011001111111011011011011110111110101110111010
01001111110010101001101101110100011111011111101111101111111001111111101111111111100101001111011100111111
11111111111101011111010111111111011010111011111110111111111101111101111100010111011111100110111111111111
11111111001101111011111101010101111110011111011111111011001010110110111110011110101010111111111111111110
11001011111100111011110101111010111111110011001111011111111111011111010001111011101110100010101101111010
10111001100100110001011001001101000101100011111111110011011010010111110011111010111101010010010111111101
11001001010111001001100010110110011110110010011111010111011000000010101101011101111001010011011111001111
11011111110101111011101111110111011101001101111110101111011110100110111101010011110101001110011111011111
10111011111111101111110101111110111100011010111111111011111011101101011011001100010110001010011101000100
01110010011100000110111101111111111101001110010100011100111111101111111011101111100111101001001111111110
11101011111111011010001001001110111110110011111101111111000010111111000111011101011100001111100001110110
01110100111111010010111111111110100110001111110111111110100101111001001111110111111110111101111011100110
10110111010111101111111110010110110111101111101111110101101111101101110011110111011011101011011000011110
11011100011010110111111101101101111110100011111011101101111111111111001001101111011011110101111111111101
00111110110100010100101011101111100010011110011100101110000100111111110011100111011110101110111101011101
01101111100001011111111101101011111011011101011010111111111101000101111011000101100001000111100101010101
01101010011101110110011111101001111011110111111111111011111011111001101110000101011001011101111001011111
11111011111110111101011011011110101101111111001111100101001101111111110111101011111101011110110011011011
00111010001000111011111011110110101001111011101011111110111111110111111100011111101110000110011111100110
11101111001000010111111111010111110001110101111110111011010000010010111111111110111111110010101111001111
11111001100100110011111101110111111111111100001100011111101011101100111100111110011101000011011111101111
10111000001100001011011101001011111110111110110011111101101000011011101111111111011011111101001101110000
11101001101101111111011001001101111110101100101010110000001010110111110111010111101101011011010101110111
00110111101100011110110101100110010101111011011011110110011111001001111011001011010111011101111100010101
10110011100010110011011011111011110101101100101101101111100111111110111101111011101010110011111101001111
11011111010101011110111011000001111101101110101110110111011100111111011110111111111011001111111001101111
10010111011111001101011010010110010101110101111111011111101001011101010111001100011010111110111011100110
11110110111111101111101101011110101111010011101011010000111000100110010101100010101100101010111111101101
11110111101011011101111110011011010100111101111111111011001111110100001010011100111011111111111111111111
11111011010111101110011111110100001010111110100101111011111111111000111110101001010111111011101111010110
11111100011111011011111011001101111000000111101101110001111100110010101111110000000011110110011111000000
11110101111111001111100011001100010110000100010011111000111011011110100000110111110101111111011111111101
11111011111011111110011001011111111001011101010111000111101111001111111001101100001011111001011101111101
10011110111001101011000110110001111111101100111001100010010111100111111001111111011111111101011111111011
01111111001101110001010111110111101011011111010111001111010101011001000110011111100101000111111111101111
01111111010111001111111101111011111111111111000011110110011111101010011101101101111111111111111111101101
00110011110110111111011011101111111101111100001111101011110011111100111101111111011110011111111101101011
11101100101000111101011111111111100100101110011110100111101000111111110111011010100011100111111110111111
00001011110101011111100111101001100100011000011010111111111011101101101010110000101010110111111101101110
01101101101100011110011111001011110111111111011101110101101011001111001111110111010100111011101101111111
01101100101111110110111011101111111111111101111111101111110100000101111010110111111111111110100101111101
10011111100001110111100000111110001100111110110001110011101001011111111011111010011111011111100111101111
11101001110110100101110111110111101111100101101100001011011111111111010110000011110001000001111100110001
01110101100011110011101110100001111010100111111010011111011111011110110001101101111111011101000101011100
01111110111111101111011000101001001111101101101100010111111110111100111111111011111001010111101110101011
11001111111111001101111110111110011111011100001010010111111001111101010111100010111111101010111110101100
10101010011110111111001101111010000011010111100111011101001011111111111011111010000110111011111101100111
11111000010011100011101111000100010101111111110011101111101100110101110011101101101111010011100101101111
11111001001100011001001111011101011000011110100011110101111001111111011111111101011111110110011011011111
01111011011010000111000110101100101001110001111001101111011111110110010100110111010011100111111111010110
11111010110011100011111011111100010011111100010111101111011110010111111101100101111100010011111110000110
11111011111000110111011100001011111001001111011111111111010010000110111010100101111010111011011011110011
10111011101000111110110101011101001111000001111010111100111010100011111111010111111111001110011111000100
11111111111001010110011110110000011111101111011111011101101110011001110011011111011011010111110100101000
11111111010111111110010101110011101010111110111000101111101111001111111010110111110011111011100110111011
01111011111010011000111101100111111110101011011111111111111101000011010100111110110111110101010011001110
11111101011110010111101001101100000111000101010110110111101111011011101100111111110011011111111010001011
11011111101110111001010011111010011110110101111100100111011100111111111011110011111111001101100111100011
11001011110101101010101110100110101101111111110000110001000111001011011001011100111111110011100111100101
00111110111000011111011111100110101110101001010101010001111110001101111101110010011111111100110110111111
11110011111111111000111111110101010111111001111111111010110110111110010101001100011000010011000111011110
11011101101111111111111001101101101111011101111110101011100011001001101010110111110111101101111111100110
10000011111010011111000010011011011101011010011111111101111101011101000010111101111001101111111101001101
10110101001111111011111010110110010111110110101011011010001000111111011111111110111110111001111110111011
11010111110010101111111011110101111110100011111110100110011110101101110001110101111101100110111111111111
10110101111111111010001110111101110101111101110011111010111111000111111111101110101110111101100111111000
00101011001011001101101101110110011011111100111111111010101111111111011101011100110101111111111101110110
01111111000111011101011110101011100011111110101100111110101001111000111110011001010110101101010100111110
01111111011111100110010111101111100111110011011010101010101110011111111111101011001101101000001011011011
11101101111110010100100011001111111111111101000111101111011110111101111101101000111011101110111110100111
11111111101101111100110110001001011101011100110101111111111100101111111101111101111011111011111011110011
11110001100111011001111110011111110011111011110101100010011111111101011101111000011001110111011101011000
11010001101101110101011110110100100100100111101111110111110111110101011010111110101110101110111111001111
11101110100101111010011110001110010100101001010011010011110110101011100110111011011011100110011101110111
11111100111101110110011111111111001010000110011101100111010101101111011001110101111111011101111111101011
10001111000001110111010111111110111111111111111101111111011111011101000110011011101100000000010101111101
10111111011010011001111111100111111111111001111111010100111101110101110011011111001011011101011001001011
11011100011110100001110110001010111010110011111110110111110010111100100110001110110111011011110010110001
01101100101010111110101011011000011111011011011001111101011111111011110110111101111101100110111011111010
11100011001011101110011111111011101000110111111101011110101111011111011001010010110110111111110101110101
10101101101011111111110100011101011111111111101000111110110111111111111110010011101101111010100111110011
01011011101010100110011101010111111100110101110110001111000110011101001110111010011011111011110111001110
11011110101111101111110101011111011111101011110111011110110110000011000101101011111111111001111110100111
01110111001101111000100100110111101110110111110010111110111111001001010110111011110111011000110100110110
00000101101100100101100011100011000000010110111001011110101101110110110110111010110110010111100111101110
10101110111111111010111111101110001111010101111111011011000110110011011101111111110101111110010101100111
01000110111000100100111101111101001101100011101110011111100100100111101101110011111111111111111110000100
11011011011111111111111110011011111111011111101101001000110001101001101111111101111111111011111010111110
11100100111101100111011101111011111000111010011101000100111100100111110111101011010111110011110111110000
10011110111011111101101111100111111001001110110111010011110011110010011110101001100001100110110100111100
00101010101010100101111110111110111100111110010111111110111100111001111100110100011010111110111101111110
11001111111111000110111110111010111011010101011110111110000101101111000011101111110110101011110101111010
10101111100110111111010111101101111111001111101110111011011011101111011101010111111101111101011100010111
10111010110101011100110101110111111101111011100011111100110110110110111010110101110010111111011000101101
11101111101111100101110101110111110101111101011001110011011001010100001111111000011101101101100100110110
01011111111101100001101111100110101010110010001111010011000111001011100110101111011101111000010010111110
11100111110110101101101111101110111010101101111111010011011101110000010110111110110110101111011111111011
00111111010011011101010101011001111111110011101111110111011011101110011010111010111001011011001110100111
11110000101001111110101001011010111100101100101110111111011011101111101100111011011001101100111100111000
10001001101111101111011110001100001011011111001111101111000001111111011100110100111110110110101110010111
00111111111101000111111101001101011111111111101101011101100101111111011111011111001010010110111011001110
10110101111111011111101100111001001011101011010011110101111000110110111111100011100101010101111111010110
11111111001101101001111111011110111101111111101101010101011111110110111111000111011111110010100100001100
01010100101111101110011101110111110001110110111111011100110011100111010100011111111101110011011111111101
11101111110111111110111111101111110101001101011010111000011011111010110111111001010101111011111111100111
01110110111010101011101111011111101101001011110100111011111100010111101100111011111110111111111100101000
10111110111101101010111000011001110110010101111010101100010110001011010010011111010001011010011100110011
11001110101001000001111001100101110111111010111111001111111010011101001001111011111100101101011011010110
10111101101100010010110111110101111110110111110111111010111101000010110110110110011010110111010000111101
11001011110111100111011111110111110111011111011010111010011111010111011111111111001110101100001111100111
11101011110111111111101101101100101001101111111100111100011111101101011010110001111101111111111110010011
11001111111111101111110111110011011111111001100010010111111101111111010000110101101011011111111110011110
10001001011001101111111110101101010100101010111101111110111001111011000111111100001111010101111010010111
11011110010001110111111001110111111111011111111010111111011111111110000101101101001100111111111011001111
01010110101001011111111111010111110011111100110110111111111111111100101111101001111010101011101110111011
10101011100100111001110111111100100110001001111010101101001011111100011110011110011111110111110011000101
01001111010111100110011000111011110101110111110011000111101100011111011101111111011011101010100111110011
01110111101111101111100011111101111111001111111000101111000011111010101101010011100110101111011011010110
11101110111111110101101111100101111011010111110110110101101111111101110010111011101110111111010011011100
11101010101010111111111110111011111110111111110100111010110011111111001101111011110101101101111110110011
11101010111110010000010111101010100111110011001111110010110101001110111111111111001101101111011011011111
10011001101000111001101011111111111101111111101010100010001111101110010010000010010110110101111010011110
01110011101000101111111011111111001111000111100100011100010111001111011101111100010110100100000011111111
11111111010110110111100110010000010111110101001011111111011011110111001110001110111111111111111100011100
01011011011001101100011011101011011011110110001110010110111111000000110011111100111001110111011111101110
10101111101111111111010111111111101111111111101101101111000101011111111011011110110111110001011000111011
11111110010011100011010100011111011001101110011010111011111110111101001111110010110110010011110100101111
00100011110010010111010101011101100110111111001111010001111101001100111010101100011100100110111101000001
01111010011110111100111000100101110111010011111011110111100101110111101101111011100101111100110110101110
11000100100110011100111101110010101111111101111110011101101110111111110100101110111100100000111111000111
11010111111101110111011011110010111011111111111101111111000111111001101001111111111011111001000100001110
11110100111111001111111111110010111101111110000111101011010001111010101111111011111011001011111111100110
10111101010000000111001100011101101111111111101111010110010110111101110011011101011011111000111101111011
10110111001011101111011001110110110111100111011010101111110110010000101111000100011001111111110111100001
11111011111101100101110101011101110101010110111110001101101110010001111110010111010110000110111111011001
11101111111001000111100101000101100011101001111011110110111111011100111111101010011100111011111111001010
00111111110011101101110011011111100101101111101110111001011111111011001111111111011001111011010011001001
11010101110001100111011100001101011111011111110011110110110100001111110010011110111110001110110011101010
11011111101110100001011100101011111011111101011110010111111000111101000001111101011100011111101011110001
01011001101100111101001100110111111011101100011111011110001101111111101111011111111111011111010111011011
11110111110111000100111111011101110101011110111000100001100011111001111111011011111001100111111100111000
11011011101010110111111001111101111001101110011111111110111111101101111010010101111101111100111100011000
00001011110100010001111111110001001111011100111100011111101111110111111111110011101001101110111101101111
10011110111101001001011111111110101011011011111110110110101101110110101111110010101101000111110010011111
11010111000110001100110011000001111100001101001001111011010101011110101101100110010110111000111111101010
01101100110111010110011101111100011000001011011100011011110010111011010100010101011101111000111111101011
11011100101101111110111101110001110100101111001011100011010100111101011101111011111001011101100111101011
11010110100111110111011111100101001101110011010111100101101101111011100011101111110001101101001100101111
10111101011011111111001010101010101111011001001111011111111010011010111111111011101000000111111111001110
11111011011100111111111101001111111100111111110100100110110010110101110111110111101110010101001111101110
11110111001101101111111110010100110110111001101111111001110111011001110010000111110010111101001101110001
00001111010011100110110110100011111101001111001101010101111000110010111111011110010110101000101110111101
11111101011110011101011101000111100000110011001111101111111110011111110110111111001110111000111111000111
11111111101011101011010110110110111100110011101000100111101110111110011110101111110011110111011110111111
10111110011011011110111001100001111111000111010110111000011110101111011110111111111101101011010101010101
01110011110011100110011111101110101011111111111110010011100001010111100111111101111101001111110101100111
01100111001011111100111110001111111000000111110110101111110010111111011101010111101010101011100100001000
00011001101110011111010010111101111111101110110110000000111101011011110110000011011011011011101101111011
10100010111101111011010111101011011011111111111111111001011111110100110110111110111111111101111110101100
11111011110001111111100010100000111010011010100011111101001111000111111111111100111101011110111100111110
00111111111111011111110011000010000101101110110001110110001110001001111110000011110001101000111111110110
11111100100011010100110111010111100100001011111110111101111011101101111010000011101100111111010110111100
10111101011011101111110110011101100011111101101010101010111101110001101011100111110001011011111110111111
01110111101110111110111001010111101111101111101100111011100110111111010011000010101001011010011011011111
01100000011100010111011111011101111111101011011101111011010111101011011100011100011001100101101111001101
11101110011101111111101010101001111100010101101111100010111011011100010110101001011001111110111011110011
11110101100110100101011101110110101110111101110111111111110010011110111010011101110111101111100011111001
00100011001011101111100110011101001111100111001111011110111000011000100111001111011110011111011111100110
11110110111101010111111000110100110110111110111000111111111100001111000011111111001100110111001000010001
10110111111101111111010111111111110111111111010111111010111001001000111110010100100110011111111011110011
01101111001010111111111111111011100101111110000011111110111010100101011110001010011100010010101011110110
01110111110110011001111011001111001111111110001111000000111000101111010101100011100111110100111111111101
11110101010101110111111010100010110111010111101101111000011111001111101110010001011101100110111111001101
00111110111111111100111111111111111101010110100001110100010110111100111110110111011011011010101001110101
11110011011111110100101111010110100100111011011110111101111011101001100111110110100101110110101111110011
10100111110101101111111110101010111001101111011111101111111111111111110111010011110011101111101111111111
00110101110110010101111101101001101001111111110110101101011100111001011101111101111001101001011111111011
10100011111010010110001110100101110001110111011011010111111111010111111111101111111101011010101100111011
11011000000001110101100111110011011110000000110000110111101001101110110100111011111011001111111111110111
01011100111111111001010011101110011111011101110101011111101010010110101101011101100001111011001111010111
10111110110011111100110111101111111111011111100011111110101100011110110111110100100111101111111001011101
11011111111101110110101000100101111001111110111111111010010101111111111010011011100111010001111011010001
00010110101110111001111100101101111101111110010101011111011110110011110110101011110001110111111110111100
11101101101101010110010110111011110011010010101110110101110000101100100111010100011111111111110101100110
11110101111011110111110101111110110111001011101111111110100111010101111011010010111111110111001111111011
10101011010111111101111011110111101110010101001101110011111001010111011001111111001100111111011011111100
10011111001001101011111111100100110001011101111101011011101010101011101111111100110100110111101100111110
01011110010101111111110011110110101111111101011101110100100001001000111011101111010111110011110001011100
11111110100110110101011111111110100010110001111101110101010111101101110111111111110111010100101111011001
10000111111011111011111111101000110101010111011111001111110111111011110110110111100010001100101011111011
11110011001110011101001111001111111110110100111101101100001100111001111111111101111111111011101111011000
10111101110111101111111010110110111111001011101001111111101010101110011011101111001110001111100001011101
01100111111111010111111001110111110100111101100111100111101110101111001111101011011110011011111111111111
01101111111111111111001111011111011011010111010110001101011101111111111101111111111001111101100010011111
11010101101100111110000111111101001111010111111010101111100111001110010111110101111100111101110001111000
11101111111011011101111111111110011011110101001101011010111011001101110101001100110110101010111101100101
