10
100
12 12 6 50
27 27 30 87
85 85 11 48
76 76 83 83
94 94 44 86
60 60 34 58
51 51 73 80
82 82 61 92
93 93 38 99
47 47 52 71
96 96 5 53
64 64 4 20
91 91 62 92
58 58 34 50
57 57 89 98
50 50 34 60
41 41 43 90
78 78 55 77
59 59 5 18
79 79 19 100
46 46 6 49
92 92 51 81
16 16 9 83
25 25 7 39
37 37 28 65
30 30 15 36
71 71 34 34
40 40 5 19
23 23 5 38
63 63 14 72
97 97 41 50
98 98 6 73
5 5 3 49
48 48 41 93
61 61 22 39
11 11 51 62
89 89 34 69
74 74 32 35
53 53 14 40
17 17 16 54
22 22 18 40
7 7 6 22
20 20 1 39
75 75 15 46
19 19 3 23
24 24 14 35
65 65 53 87
84 84 9 46
15 15 27 64
8 8 20 85
67 67 42 44
77 77 14 20
13 13 16 86
52 52 9 26
43 43 5 71
45 45 22 57
6 6 85 99
86 86 87 96
99 99 51 65
39 39 5 33
44 44 62 76
35 35 34 67
95 95 29 97
62 62 92 98
14 14 29 30
3 3 30 32
55 55 9 87
26 26 10 94
88 88 18 95
83 83 6 87
9 9 38 60
21 21 21 59
2 2 2 35
73 73 57 67
32 32 46 54
34 34 56 78
10 10 47 66
38 38 8 33
66 66 12 65
28 28 25 32
68 68 6 78
36 36 10 92
70 70 13 88
33 33 6 12
72 72 48 86
56 56 14 79
69 69 79 89
4 4 45 50
81 81 13 68
100 100 49 92
18 18 24 75
80 80 6 54
90 90 17 39
49 49 17 74
87 87 41 42
1 1 64 86
54 54 40 81
29 29 29 85
31 31 56 70
42 42 19 25
100
90 90 47 98
8 8 42 48
74 74 20 59
50 50 58 69
14 14 38 57
29 29 57 86
47 47 33 93
56 56 21 25
43 43 54 94
92 92 34 92
31 31 11 20
19 19 53 100
9 9 17 28
40 40 91 99
71 71 19 54
70 70 44 60
35 35 32 61
55 55 48 59
2 2 8 15
91 91 54 91
48 48 21 92
45 45 23 83
97 97 1 66
93 93 14 100
60 60 23 100
11 11 76 95
51 51 31 65
65 65 33 57
41 41 75 87
4 4 23 61
38 38 29 80
88 88 30 93
36 36 59 62
15 15 76 97
99 99 53 92
46 46 80 89
58 58 3 33
79 79 48 49
34 34 1 35
39 39 42 55
77 77 6 94
100 100 25 49
73 73 46 47
63 63 33 34
3 3 56 63
96 96 38 92
85 85 40 68
49 49 32 51
16 16 3 86
25 25 9 12
89 89 7 42
80 80 1 42
20 20 51 79
23 23 13 92
26 26 48 81
30 30 37 59
86 86 34 68
75 75 80 82
57 57 15 66
83 83 48 48
44 44 48 96
37 37 51 84
67 67 38 78
21 21 72 100
1 1 65 100
68 68 71 91
53 53 41 76
42 42 86 95
72 72 5 14
54 54 1 72
59 59 38 77
66 66 23 60
76 76 28 93
98 98 1 94
22 22 54 79
5 5 12 40
28 28 13 91
64 64 3 26
69 69 59 79
84 84 42 97
32 32 42 87
24 24 66 91
62 62 96 99
33 33 4 21
18 18 29 92
81 81 13 41
94 94 50 54
61 61 56 88
10 10 68 91
52 52 1 9
13 13 45 89
7 7 47 97
27 27 2 78
17 17 24 65
95 95 8 92
78 78 74 80
82 82 22 92
87 87 18 53
6 6 34 76
12 12 39 66
100
69 69 9 60
51 51 17 64
10 10 43 49
83 83 39 48
26 26 34 97
9 9 66 70
63 63 12 39
39 39 37 64
78 78 4 50
81 81 63 81
19 19 50 71
25 25 9 66
87 87 60 89
100 100 64 78
23 23 59 71
24 24 45 88
11 11 76 79
20 20 49 54
40 40 86 91
57 57 1 3
5 5 74 75
46 46 97 98
32 32 19 95
37 37 49 91
90 90 32 76
15 15 5 10
93 93 43 67
17 17 42 96
34 34 69 99
45 45 57 62
56 56 31 96
50 50 53 70
14 14 44 63
33 33 38 48
30 30 6 6
67 67 52 76
21 21 20 21
86 86 24 95
58 58 3 72
68 68 8 12
6 6 23 30
88 88 4 57
95 95 22 94
1 1 26 27
53 53 1 74
76 76 35 90
99 99 36 76
7 7 49 61
16 16 25 49
96 96 15 67
74 74 50 75
82 82 33 45
31 31 4 86
28 28 12 87
43 43 9 12
42 42 29 59
22 22 63 69
59 59 36 92
97 97 46 48
84 84 22 63
60 60 9 94
18 18 18 53
13 13 9 95
36 36 11 45
55 55 41 95
77 77 22 59
66 66 28 70
35 35 57 77
41 41 17 69
91 91 19 29
61 61 11 80
92 92 2 10
12 12 9 86
98 98 84 86
64 64 14 77
85 85 21 45
94 94 56 76
38 38 19 100
2 2 62 93
89 89 9 88
4 4 95 96
70 70 10 19
79 79 13 69
62 62 27 31
65 65 49 86
52 52 57 99
29 29 95 97
54 54 85 100
47 47 13 82
44 44 64 70
8 8 16 27
49 49 17 47
71 71 18 97
3 3 36 100
73 73 7 90
75 75 73 97
48 48 9 49
72 72 4 87
80 80 9 90
27 27 29 46
100
71 71 71 73
68 68 10 78
16 16 58 84
64 64 50 63
49 49 9 41
93 93 84 87
31 31 41 94
4 4 13 33
79 79 50 57
89 89 76 85
7 7 37 55
76 76 2 57
78 78 5 26
18 18 70 75
84 84 50 91
82 82 77 85
60 60 76 93
13 13 40 66
34 34 14 60
43 43 1 80
99 99 3 74
65 65 87 96
17 17 36 41
46 46 90 97
42 42 2 40
2 2 55 55
58 58 54 75
56 56 87 91
21 21 59 73
85 85 27 52
59 59 35 81
6 6 4 71
83 83 67 71
63 63 72 90
51 51 1 99
14 14 59 95
53 53 68 74
40 40 33 99
36 36 19 24
74 74 32 46
66 66 80 89
8 8 23 76
100 100 51 99
57 57 17 100
10 10 1 75
86 86 3 21
90 90 28 41
81 81 1 24
62 62 59 85
26 26 30 45
44 44 64 78
5 5 31 40
75 75 27 42
77 77 27 85
69 69 3 93
41 41 52 57
30 30 20 86
19 19 58 71
98 98 44 85
27 27 35 58
1 1 69 92
92 92 32 38
67 67 24 26
3 3 1 54
72 72 3 15
32 32 18 52
45 45 93 94
94 94 25 82
29 29 17 38
73 73 50 77
15 15 38 93
55 55 32 85
52 52 11 86
35 35 89 99
39 39 35 62
47 47 32 98
33 33 66 72
23 23 62 75
70 70 14 93
12 12 84 91
50 50 7 74
48 48 38 56
96 96 1 47
25 25 3 64
11 11 60 62
80 80 27 49
87 87 34 100
9 9 5 72
91 91 29 85
38 38 8 95
24 24 15 93
37 37 12 91
61 61 33 79
28 28 38 41
95 95 45 95
22 22 49 91
20 20 6 85
97 97 21 33
88 88 26 91
54 54 30 40
100
89 89 13 30
22 22 68 73
85 85 1 93
82 82 87 95
75 75 50 85
77 77 69 90
16 16 17 57
55 55 85 98
3 3 41 86
14 14 22 34
53 53 2 60
97 97 11 72
11 11 23 57
43 43 19 45
12 12 14 24
18 18 31 60
17 17 8 37
91 91 19 35
74 74 12 15
32 32 61 95
33 33 12 53
9 9 3 38
21 21 2 98
70 70 63 97
65 65 18 92
8 8 20 42
67 67 63 65
79 79 57 96
13 13 49 51
5 5 9 84
90 90 28 74
46 46 34 60
10 10 16 94
80 80 32 60
58 58 7 33
23 23 24 62
42 42 73 80
20 20 56 97
38 38 22 81
30 30 76 86
34 34 2 76
57 57 43 56
50 50 22 82
96 96 51 99
15 15 18 63
92 92 8 26
28 28 87 93
60 60 87 91
59 59 17 36
63 63 55 58
93 93 4 100
29 29 14 71
62 62 6 50
49 49 30 81
98 98 84 93
39 39 17 52
51 51 15 58
4 4 67 69
27 27 22 95
78 78 58 69
19 19 44 63
69 69 26 56
36 36 28 64
86 86 57 62
2 2 40 62
76 76 68 75
7 7 72 89
25 25 71 90
54 54 15 16
87 87 5 99
52 52 21 49
66 66 92 99
26 26 39 46
72 72 47 64
88 88 4 35
24 24 10 76
31 31 45 66
81 81 16 41
61 61 8 90
64 64 4 10
83 83 18 91
84 84 8 35
47 47 70 95
44 44 29 72
37 37 16 86
1 1 25 35
94 94 16 35
73 73 60 81
71 71 54 61
100 100 63 86
41 41 79 91
40 40 33 66
99 99 28 42
56 56 21 62
35 35 27 88
95 95 1 79
45 45 43 87
48 48 48 97
6 6 12 77
68 68 49 69
100
94 94 15 30
19 19 27 88
76 76 60 90
41 41 68 96
66 66 11 28
91 91 86 86
1 1 27 82
54 54 36 96
63 63 7 42
36 36 65 81
5 5 18 68
62 62 33 100
88 88 19 56
90 90 21 22
29 29 72 79
28 28 81 87
93 93 80 81
38 38 22 30
46 46 32 62
42 42 3 58
73 73 3 50
79 79 12 70
55 55 55 79
78 78 49 70
75 75 9 24
71 71 58 66
70 70 53 90
72 72 15 92
53 53 19 31
34 34 10 53
59 59 81 90
7 7 21 31
60 60 14 27
85 85 2 87
69 69 22 83
15 15 27 78
56 56 13 94
50 50 46 59
8 8 20 62
49 49 88 93
44 44 75 100
68 68 23 94
30 30 6 96
10 10 1 84
87 87 65 100
6 6 31 44
9 9 10 68
77 77 45 98
84 84 24 60
12 12 59 97
92 92 12 34
18 18 38 99
64 64 32 64
33 33 48 57
26 26 17 64
4 4 22 100
45 45 10 87
27 27 41 98
65 65 64 78
35 35 35 43
83 83 73 76
31 31 23 87
74 74 48 80
80 80 42 47
16 16 29 55
3 3 10 61
25 25 61 81
95 95 4 41
17 17 51 89
32 32 25 68
14 14 3 39
97 97 5 84
24 24 20 49
96 96 3 36
52 52 70 82
22 22 17 73
43 43 21 70
99 99 92 94
51 51 7 62
58 58 16 20
61 61 1 39
2 2 51 86
86 86 66 90
21 21 52 94
47 47 8 68
89 89 39 42
11 11 14 20
57 57 6 19
39 39 7 75
82 82 6 50
81 81 2 25
20 20 47 97
40 40 32 76
23 23 34 68
98 98 69 95
13 13 30 77
37 37 27 39
48 48 38 45
100 100 11 21
67 67 23 29
100
79 79 38 69
43 43 23 71
62 62 49 59
96 96 9 31
42 42 37 83
51 51 64 69
32 32 62 95
75 75 20 97
34 34 12 32
19 19 24 33
67 67 38 61
29 29 4 76
68 68 53 69
13 13 8 37
16 16 56 70
40 40 63 98
11 11 25 33
3 3 11 11
56 56 40 81
7 7 5 34
2 2 43 75
99 99 36 45
87 87 2 65
18 18 3 83
15 15 24 59
17 17 83 86
59 59 66 81
38 38 3 99
78 78 22 81
91 91 66 92
52 52 15 89
41 41 14 44
54 54 26 94
35 35 75 90
66 66 44 57
64 64 20 59
33 33 52 69
49 49 40 68
81 81 60 67
37 37 53 80
23 23 39 89
20 20 10 61
31 31 52 100
30 30 38 64
24 24 17 63
58 58 42 72
48 48 30 63
22 22 9 56
82 82 16 84
39 39 63 90
72 72 29 90
63 63 1 32
94 94 16 60
44 44 43 63
27 27 76 87
53 53 6 23
4 4 4 59
26 26 6 77
1 1 84 93
70 70 84 88
46 46 17 43
100 100 35 73
36 36 74 78
61 61 60 66
98 98 9 70
90 90 69 96
97 97 14 82
5 5 20 49
71 71 43 50
50 50 7 94
55 55 41 85
8 8 11 82
74 74 25 60
10 10 28 61
12 12 34 61
76 76 66 83
86 86 77 89
85 85 48 80
92 92 13 98
21 21 34 72
14 14 3 69
84 84 37 45
77 77 4 18
89 89 30 54
65 65 9 9
60 60 47 95
93 93 31 47
83 83 82 94
25 25 59 94
45 45 21 33
88 88 70 90
47 47 28 91
95 95 53 53
80 80 18 45
9 9 27 69
28 28 41 41
57 57 14 95
69 69 72 97
6 6 37 73
73 73 62 79
100
55 55 41 82
77 77 39 99
83 83 68 93
46 46 40 79
6 6 36 96
26 26 91 100
87 87 27 49
99 99 2 17
89 89 42 58
1 1 24 89
43 43 5 41
36 36 57 90
3 3 12 68
39 39 26 27
34 34 33 39
97 97 6 94
61 61 26 81
2 2 53 58
14 14 26 87
86 86 35 36
67 67 38 90
50 50 3 45
90 90 84 84
71 71 43 70
72 72 16 95
47 47 2 12
93 93 25 61
65 65 24 52
81 81 49 60
49 49 60 66
11 11 51 81
85 85 45 86
68 68 36 90
40 40 17 82
91 91 54 60
96 96 81 82
73 73 21 86
64 64 7 65
57 57 54 68
33 33 55 97
66 66 54 66
32 32 63 94
22 22 48 53
41 41 3 7
20 20 8 89
42 42 83 87
69 69 11 84
70 70 7 84
45 45 14 49
60 60 47 84
92 92 3 29
28 28 56 100
54 54 1 60
63 63 53 79
62 62 55 94
56 56 53 63
13 13 28 43
17 17 37 43
44 44 9 33
4 4 42 53
98 98 57 86
25 25 13 80
9 9 61 76
100 100 24 49
10 10 52 85
8 8 20 62
76 76 93 95
23 23 73 80
53 53 19 53
79 79 15 18
95 95 34 48
52 52 69 70
35 35 36 38
19 19 57 74
84 84 5 22
80 80 74 100
7 7 53 90
21 21 38 69
82 82 36 57
59 59 10 52
74 74 8 91
37 37 26 89
48 48 16 31
94 94 85 87
58 58 4 64
78 78 82 98
12 12 31 70
38 38 76 78
29 29 76 97
51 51 78 79
5 5 7 51
16 16 89 89
15 15 61 71
18 18 68 88
88 88 6 64
75 75 29 45
27 27 25 68
30 30 10 21
24 24 32 87
31 31 54 94
100
70 70 40 61
46 46 21 47
12 12 48 56
89 89 40 60
11 11 12 82
83 83 63 100
39 39 52 92
61 61 49 81
90 90 14 73
14 14 4 38
31 31 55 95
3 3 61 87
64 64 13 36
77 77 2 56
22 22 57 75
32 32 13 63
75 75 49 69
60 60 44 60
98 98 66 70
25 25 8 16
95 95 41 71
6 6 45 97
27 27 1 96
63 63 3 83
78 78 31 52
100 100 82 98
42 42 83 99
47 47 27 84
48 48 18 66
74 74 24 39
43 43 43 86
57 57 18 84
20 20 31 40
85 85 31 64
84 84 1 7
71 71 49 51
16 16 11 29
55 55 48 68
96 96 34 56
23 23 5 70
19 19 8 8
18 18 4 78
88 88 92 100
68 68 22 35
59 59 30 93
8 8 16 51
29 29 27 72
67 67 6 90
50 50 26 40
80 80 2 78
28 28 51 55
51 51 5 58
99 99 40 94
69 69 9 37
35 35 28 86
86 86 31 78
82 82 5 81
93 93 7 60
44 44 37 78
7 7 4 21
94 94 58 78
26 26 29 49
2 2 31 31
9 9 3 79
53 53 41 77
62 62 10 26
34 34 48 83
17 17 45 89
24 24 29 38
5 5 41 46
65 65 24 27
81 81 19 25
49 49 37 59
37 37 15 40
91 91 40 78
87 87 8 67
97 97 37 67
79 79 16 19
41 41 62 88
10 10 14 36
15 15 40 55
54 54 31 48
56 56 18 53
13 13 25 71
33 33 30 30
76 76 27 74
66 66 56 85
58 58 67 80
72 72 2 26
30 30 8 95
38 38 45 61
4 4 77 86
92 92 35 41
40 40 6 45
52 52 23 71
21 21 63 85
45 45 4 5
36 36 33 51
73 73 42 59
1 1 5 82
100
4 4 31 54
46 46 66 92
58 58 29 41
73 73 86 94
25 25 42 74
22 22 27 99
72 72 6 27
95 95 54 80
12 12 38 54
96 96 30 83
85 85 34 43
64 64 8 68
49 49 33 97
44 44 15 91
97 97 26 72
45 45 57 65
47 47 8 37
90 90 38 53
6 6 33 71
61 61 22 84
32 32 57 80
71 71 62 75
55 55 24 64
91 91 52 60
68 68 11 96
77 77 46 88
80 80 28 80
50 50 51 52
54 54 16 66
87 87 54 78
53 53 5 44
52 52 22 48
56 56 27 82
14 14 86 96
78 78 29 85
3 3 23 92
7 7 43 55
65 65 27 93
94 94 28 90
5 5 8 25
84 84 20 91
10 10 77 81
8 8 12 60
51 51 30 81
28 28 49 78
40 40 41 64
33 33 13 73
83 83 20 48
30 30 21 77
19 19 8 44
43 43 36 75
18 18 1 69
99 99 38 79
63 63 22 55
81 81 15 18
60 60 35 98
98 98 21 56
88 88 37 54
66 66 36 81
82 82 65 67
37 37 66 98
9 9 30 73
79 79 32 55
29 29 4 87
57 57 20 77
76 76 35 41
48 48 54 87
15 15 9 52
59 59 47 62
42 42 61 82
70 70 27 68
75 75 21 60
26 26 25 86
16 16 3 84
92 92 81 87
31 31 32 83
74 74 64 91
38 38 48 85
93 93 70 82
67 67 10 34
2 2 14 22
20 20 18 34
1 1 47 54
62 62 60 73
34 34 34 52
89 89 47 48
13 13 83 95
24 24 19 27
86 86 87 89
17 17 23 66
100 100 30 79
11 11 6 28
27 27 22 83
36 36 67 86
41 41 59 83
21 21 37 55
23 23 18 47
35 35 52 76
69 69 3 82
39 39 1 70
