10
100
70 77 51 70
57 72 17 55
3 29 19 46
43 68 27 81
18 34 16 39
46 91 45 62
2 95 13 44
10 96 66 93
39 83 25 98
7 94 13 78
49 77 81 99
12 58 60 72
41 94 13 39
20 68 36 63
22 22 58 97
6 63 5 16
40 61 12 86
56 100 13 34
1 48 25 67
76 83 48 52
19 50 20 65
66 77 65 78
50 75 31 80
4 41 1 38
26 79 41 92
45 49 23 33
17 82 6 59
32 52 47 48
22 37 86 99
35 81 23 31
16 64 78 83
39 42 60 99
14 78 52 75
8 25 76 88
19 94 10 46
80 94 16 22
11 100 31 95
10 30 86 89
20 95 22 71
52 88 12 81
7 20 6 43
12 90 54 96
23 92 57 75
28 35 8 84
88 96 8 76
13 61 19 85
43 78 1 41
73 97 8 42
36 62 13 82
43 67 15 77
64 87 2 53
17 83 11 73
29 61 5 100
24 75 50 89
7 64 9 36
33 36 21 68
5 67 53 87
11 76 1 98
17 59 25 96
66 83 52 60
73 79 1 54
59 87 6 79
58 91 38 58
35 72 66 71
65 84 12 45
81 88 38 85
55 63 84 85
17 22 16 16
11 24 87 94
15 89 60 74
27 79 4 16
83 91 18 30
68 88 26 98
4 70 80 91
11 39 24 60
29 71 67 99
14 93 28 99
14 74 29 86
15 79 64 92
44 69 17 42
40 52 12 90
49 62 14 89
30 33 1 68
4 39 12 83
48 96 7 81
7 36 38 87
9 74 39 61
49 98 86 98
84 87 9 85
47 78 71 74
35 87 33 73
67 99 3 97
54 94 82 97
18 29 17 73
61 88 22 29
74 88 74 85
40 58 38 92
12 86 9 75
89 99 72 86
35 85 19 69
100
64 84 4 67
23 72 80 90
3 11 22 69
52 93 8 69
8 64 35 95
35 60 28 60
1 26 63 71
90 91 37 47
19 45 38 64
88 95 72 93
56 81 70 77
19 84 56 95
47 78 44 69
17 42 39 63
13 88 34 87
9 74 54 65
47 50 27 34
2 86 43 66
15 48 66 95
12 39 66 66
26 79 36 70
13 31 15 82
70 97 17 29
8 82 89 98
39 60 35 89
78 95 17 46
22 36 62 71
47 71 50 99
15 96 87 94
66 74 34 95
70 80 90 98
74 81 16 60
18 32 36 40
75 85 30 38
35 99 10 83
43 81 25 83
81 88 40 76
26 67 18 49
17 79 16 80
23 69 6 18
10 89 16 47
17 83 1 96
12 79 23 66
35 41 99 100
24 69 66 68
72 88 1 28
6 80 2 33
7 10 56 84
30 47 5 37
17 26 42 64
2 66 34 64
45 53 74 95
20 44 16 18
14 70 1 59
55 59 16 16
29 50 19 82
26 76 47 81
38 57 16 35
57 92 20 91
7 20 12 85
57 58 30 31
19 98 16 95
31 89 82 92
44 62 52 56
8 35 4 81
36 62 1 30
67 75 24 55
2 53 33 74
36 94 17 28
16 42 51 87
6 53 32 72
28 70 71 78
18 100 7 73
6 74 37 49
6 90 34 54
55 80 59 87
4 79 3 79
9 37 49 70
25 34 58 67
62 74 5 52
27 100 38 56
41 68 13 84
50 73 43 83
41 89 9 37
7 79 75 77
19 42 87 95
80 92 35 45
49 71 14 69
27 34 40 65
33 33 3 16
6 51 70 71
6 16 17 25
3 4 45 47
75 77 11 95
37 73 21 29
8 16 14 97
6 70 12 31
45 52 34 69
30 44 14 75
41 74 48 91
100
36 60 24 58
26 26 40 97
29 54 2 54
24 42 4 38
74 77 69 75
16 29 23 80
78 87 73 90
8 14 52 58
17 88 32 48
88 89 30 50
54 89 55 97
22 23 24 90
4 43 83 89
15 58 25 54
20 39 34 66
66 79 20 69
55 87 1 70
77 97 55 93
16 81 9 63
36 63 64 74
9 14 44 99
62 75 59 67
5 10 31 51
21 87 8 76
14 93 68 85
13 82 32 57
33 50 23 74
42 93 1 10
38 87 58 87
77 87 10 81
1 22 43 86
46 100 23 58
3 90 18 19
81 85 6 91
21 50 55 77
8 45 26 89
29 56 37 92
21 71 14 66
40 70 70 74
40 58 23 66
35 67 1 80
31 70 29 73
28 40 23 78
15 24 23 83
17 80 68 84
10 75 6 80
21 91 7 99
65 80 5 18
66 84 11 11
17 44 53 91
44 48 22 54
54 92 3 54
7 7 55 74
18 92 46 87
61 87 14 49
76 80 65 84
47 76 28 98
1 58 42 47
49 72 10 61
56 79 38 46
30 86 37 58
52 84 61 80
41 96 15 97
5 44 19 34
80 83 13 22
59 76 54 89
38 42 10 84
39 77 28 56
52 52 16 23
58 59 2 44
3 47 17 29
95 100 63 100
10 36 21 79
58 66 22 88
81 93 61 75
42 43 39 64
2 62 32 66
41 53 20 98
32 98 48 69
6 76 23 35
12 64 47 98
64 69 66 89
13 70 60 97
90 98 89 94
17 99 23 71
48 49 23 65
34 95 33 67
17 49 21 96
80 95 70 100
55 57 44 54
19 79 30 64
81 84 35 78
15 34 58 79
33 78 56 83
27 62 61 95
69 75 41 52
38 80 8 13
71 74 27 81
27 77 29 34
30 44 36 42
100
59 100 4 48
46 65 57 69
54 62 1 85
25 25 2 25
35 88 70 95
11 54 28 46
3 50 28 48
9 35 54 96
87 100 32 33
22 76 15 39
48 64 37 54
8 90 18 89
9 75 48 72
93 96 21 95
59 87 21 90
24 80 29 92
66 80 80 100
3 16 72 97
37 54 72 81
78 99 6 35
27 44 51 97
33 59 54 73
10 67 37 79
13 71 52 74
4 64 8 39
43 76 16 30
26 39 22 25
38 60 53 76
4 72 32 88
45 82 49 88
50 79 24 88
10 44 30 85
39 90 16 65
38 42 19 49
72 100 12 34
38 96 57 94
63 88 18 91
61 74 25 31
61 84 1 37
55 78 19 32
6 49 16 17
6 25 25 29
52 94 32 95
6 48 43 66
29 44 17 68
51 93 10 96
40 95 15 89
21 24 34 80
53 97 28 55
4 55 28 92
20 70 13 48
6 94 27 34
1 16 9 87
19 54 68 83
28 100 14 45
47 80 39 44
64 92 75 83
31 86 28 83
16 61 26 95
12 86 62 73
7 49 83 97
15 46 10 98
5 86 21 40
17 31 82 83
29 89 7 53
25 57 59 88
38 99 4 13
44 45 65 86
9 28 73 75
33 40 49 86
30 63 60 99
19 25 78 83
14 41 64 93
46 71 15 41
50 83 4 47
4 90 39 88
54 72 69 95
33 58 71 95
9 19 22 76
3 85 19 43
29 81 14 78
70 80 36 54
26 37 35 92
18 20 23 42
4 25 19 79
29 100 47 60
17 22 47 59
69 81 88 93
57 98 61 96
35 91 13 17
34 97 9 57
40 56 5 46
34 72 63 80
14 44 20 93
19 100 11 59
62 80 43 95
56 73 37 92
3 54 43 93
66 66 3 89
2 27 85 88
100
23 77 80 85
84 89 60 84
29 61 35 85
19 32 4 86
55 91 41 70
46 71 9 58
25 98 13 37
37 89 33 34
36 99 14 22
57 60 12 35
9 92 61 95
1 6 19 85
9 36 44 67
21 33 17 30
43 65 36 45
10 90 40 65
67 86 76 100
35 97 82 95
98 99 7 100
28 38 7 93
54 97 35 64
86 94 48 81
55 59 35 90
76 95 12 96
70 76 69 70
1 2 11 92
5 10 37 91
41 70 43 84
5 52 30 50
60 82 70 100
48 77 1 66
73 96 4 60
25 28 77 89
23 81 40 60
22 57 28 62
25 78 5 48
15 69 71 77
37 84 52 71
43 79 71 80
8 80 46 89
15 87 41 73
6 26 7 40
37 99 47 60
37 68 20 24
47 57 22 47
54 74 15 26
39 39 21 31
16 93 7 29
37 85 80 92
78 97 18 93
57 74 4 30
54 58 84 99
4 34 42 54
31 35 49 56
19 99 4 24
29 34 1 40
15 36 45 45
38 86 6 85
9 72 35 62
29 39 80 87
20 50 78 97
27 31 12 39
22 68 12 42
45 88 12 82
22 29 49 94
15 59 7 23
18 59 68 83
34 92 40 58
48 48 61 85
6 89 75 100
7 52 71 99
24 92 79 97
44 97 32 84
42 80 22 28
13 62 16 49
36 100 10 94
10 51 13 73
14 49 10 12
12 40 37 48
53 93 2 70
62 64 6 7
19 55 53 94
93 95 32 98
6 88 34 85
34 71 58 64
2 3 23 54
6 19 26 52
13 99 50 88
38 63 55 77
69 80 27 89
22 49 52 65
3 67 62 74
26 86 1 53
12 53 30 60
43 73 6 63
9 16 4 72
10 28 3 88
24 42 2 88
69 86 39 77
7 99 56 89
100
25 91 6 100
3 67 16 81
3 91 4 89
51 82 92 97
61 92 80 86
52 54 12 17
6 91 57 66
42 64 6 86
14 64 19 31
26 97 25 79
35 42 2 15
38 83 18 44
72 76 65 86
1 98 69 99
37 40 81 86
22 35 30 77
73 84 44 85
90 90 70 74
60 88 3 35
3 59 18 64
40 68 79 98
3 8 5 11
12 64 35 88
5 68 28 56
18 62 44 58
44 69 27 41
60 66 6 19
3 20 33 85
60 97 3 41
16 43 55 82
34 94 13 46
60 63 49 55
83 93 57 63
68 82 29 43
78 94 12 92
53 69 2 10
61 68 9 46
29 80 43 43
84 100 15 51
34 81 3 66
49 99 21 87
10 89 24 95
34 84 12 16
20 76 33 75
63 69 63 71
39 59 40 40
2 99 2 3
3 79 7 61
3 100 53 53
39 46 3 37
11 18 60 83
13 100 19 66
79 94 95 100
80 85 14 76
69 77 63 96
33 36 10 83
21 65 8 71
37 73 61 82
4 58 78 91
4 70 26 83
13 45 68 93
17 48 38 57
34 64 24 45
50 89 56 79
69 74 2 13
24 80 3 29
28 98 46 52
29 59 38 65
7 60 74 82
89 95 52 69
13 19 50 72
15 26 20 67
23 43 28 30
62 89 40 55
21 99 21 38
35 75 19 21
45 51 8 17
86 98 18 78
56 99 21 49
34 51 10 84
36 59 83 86
54 90 67 72
3 77 4 37
19 59 43 50
79 96 21 51
30 47 34 77
29 56 1 57
53 90 62 89
27 84 44 99
70 88 1 36
52 57 29 66
8 70 71 83
78 86 10 78
3 30 48 90
3 70 83 88
32 85 13 72
30 100 23 92
35 77 38 64
88 89 6 90
37 91 53 89
100
8 65 3 28
1 18 19 75
38 66 17 74
21 54 5 30
27 37 4 41
41 68 10 77
39 90 2 18
44 75 66 68
65 89 18 31
8 82 87 87
3 73 52 70
1 29 32 95
37 97 8 28
1 41 7 9
18 37 60 74
8 78 10 100
30 59 72 78
8 37 32 45
61 65 18 21
46 73 10 49
26 90 22 68
65 68 56 92
97 98 3 64
56 80 86 99
55 58 62 93
11 13 27 93
8 72 9 86
83 95 30 100
21 25 24 42
12 15 67 73
34 97 32 84
35 49 46 64
15 78 44 47
19 27 39 50
7 57 11 96
31 39 41 73
12 41 15 76
3 57 59 82
8 46 22 90
26 48 74 82
84 97 15 47
32 65 6 37
21 24 13 54
17 57 5 88
66 86 74 89
56 71 52 100
85 99 5 75
20 83 46 57
5 63 47 69
74 80 15 53
53 96 12 57
14 34 48 97
36 44 49 80
13 13 85 94
66 96 49 75
4 28 87 99
7 8 51 78
16 42 11 21
22 29 21 64
11 87 24 26
26 61 5 56
61 89 1 56
18 43 40 76
5 39 53 83
18 67 10 25
78 100 25 52
29 79 18 35
32 76 16 67
42 84 6 27
71 79 80 91
1 60 14 17
15 62 43 66
5 29 39 100
30 35 45 72
9 50 77 86
3 20 63 98
3 12 37 74
1 5 31 62
26 94 77 92
28 51 25 67
80 83 23 67
36 88 64 75
8 28 6 20
51 85 9 79
62 92 35 86
50 69 49 86
48 65 33 45
23 30 13 21
12 91 67 81
22 74 32 33
2 88 42 79
33 89 3 60
14 81 9 31
29 77 10 69
14 86 9 66
10 57 18 44
48 93 75 79
54 66 9 100
13 56 25 40
24 64 7 19
100
69 99 37 87
72 75 65 76
29 73 19 47
81 99 30 58
59 83 10 24
34 54 70 70
21 45 5 23
35 96 64 83
92 94 50 89
13 58 2 24
90 94 41 54
20 64 70 86
22 100 32 99
2 21 72 72
6 73 12 19
16 88 30 35
13 94 60 70
14 34 10 45
12 100 51 54
46 69 49 62
26 33 14 94
59 65 91 98
17 99 18 92
41 90 38 51
52 76 33 84
83 85 50 54
21 33 27 56
15 15 59 99
72 94 17 63
93 98 20 79
15 78 13 23
79 85 61 76
38 61 40 82
59 78 25 47
27 87 1 17
69 71 25 65
38 62 37 85
32 94 8 8
23 78 22 30
20 63 10 94
53 95 38 100
76 100 83 84
43 78 55 90
30 57 57 81
16 32 28 66
66 97 2 67
35 98 20 52
1 18 45 54
33 60 53 71
36 62 38 94
6 88 42 66
65 94 70 91
9 47 29 47
16 17 31 55
82 83 10 84
51 57 63 68
7 52 2 8
71 89 26 47
60 78 53 80
13 41 7 19
11 98 16 82
68 92 30 48
22 98 24 33
53 99 10 60
17 93 10 35
5 26 12 47
38 74 95 96
15 26 44 61
46 50 18 84
45 92 27 75
14 86 27 85
24 45 35 60
44 75 10 93
66 66 7 63
8 94 3 53
20 46 25 90
31 36 4 82
3 3 65 95
7 49 22 58
57 73 40 46
21 48 72 85
13 53 70 90
10 97 25 57
7 79 10 20
25 68 78 88
1 45 15 100
46 58 6 100
59 61 29 43
15 38 3 34
12 77 12 12
7 84 98 99
4 23 43 82
52 88 30 74
28 71 67 74
41 47 79 100
48 75 11 11
40 90 38 77
56 95 16 73
31 75 23 47
16 72 20 38
100
11 43 83 89
55 75 76 76
28 49 57 70
56 78 3 91
96 99 9 54
47 70 27 83
2 24 3 57
7 53 8 33
10 65 55 82
11 49 10 60
18 73 82 95
51 99 38 67
77 92 27 44
16 40 32 58
13 53 20 77
23 30 36 84
1 85 40 70
12 73 28 29
56 92 48 61
26 46 7 47
6 36 20 46
9 19 34 79
70 79 1 4
62 88 48 71
11 47 56 87
60 90 33 34
60 83 39 85
24 30 29 59
47 94 4 39
40 100 5 39
52 52 40 64
10 69 2 43
14 27 48 62
30 57 42 48
25 75 75 77
5 92 44 62
72 91 14 14
29 55 38 62
34 56 67 91
28 86 61 63
20 34 50 65
20 44 53 92
17 68 90 91
60 88 63 100
33 51 92 98
11 69 16 67
17 89 45 51
76 99 18 97
27 28 64 91
12 27 38 93
39 98 34 36
47 97 18 26
5 10 3 47
30 45 36 90
55 80 26 86
50 72 27 75
3 93 61 68
32 78 12 18
5 22 73 83
10 18 4 78
22 56 32 56
15 43 30 45
42 43 13 88
87 93 3 41
61 69 65 77
54 96 8 81
8 19 3 29
52 84 89 91
20 43 3 70
75 90 34 91
15 37 17 91
47 51 80 86
30 64 31 89
88 92 21 75
8 45 29 68
37 39 8 49
37 98 24 42
1 54 25 54
60 66 11 26
43 58 62 92
78 81 18 94
40 49 55 96
21 97 18 55
40 81 12 33
11 51 24 83
15 68 65 73
49 81 23 36
14 62 22 76
16 28 28 99
47 71 13 53
30 67 41 88
11 42 33 80
60 63 14 48
11 96 3 35
57 71 48 80
52 82 81 83
56 90 3 38
4 7 6 35
36 46 45 50
25 86 46 69
100
2 54 63 63
40 48 51 74
1 21 20 84
73 99 45 96
5 6 4 5
55 59 43 69
45 47 43 68
49 68 57 74
92 95 3 48
20 60 78 98
39 91 23 57
44 49 3 44
37 62 45 100
5 72 10 95
60 92 53 54
31 91 11 70
56 82 59 71
18 83 65 87
66 90 4 31
70 80 65 79
21 42 4 83
54 56 11 79
12 76 9 65
14 42 18 82
7 63 85 92
43 93 43 87
1 82 11 56
32 84 85 88
88 95 53 74
33 67 7 64
12 59 11 13
37 72 33 56
10 86 3 22
57 58 42 66
5 28 48 89
24 54 26 50
5 89 37 100
39 64 16 54
37 88 31 63
7 19 3 16
11 70 38 70
27 78 37 38
7 26 58 65
1 70 29 32
3 47 72 98
19 43 24 59
38 55 77 85
15 26 6 16
45 46 21 45
12 42 6 44
45 82 58 64
4 6 58 100
14 91 16 38
58 91 58 70
45 72 3 54
45 52 14 96
49 61 51 54
29 81 43 73
33 53 60 82
60 100 93 94
7 40 74 85
26 82 13 68
42 90 13 44
4 80 16 78
45 66 40 50
66 96 1 90
45 90 8 27
17 86 45 68
45 79 77 88
20 49 66 81
23 63 10 67
16 89 2 93
12 27 15 79
41 45 31 77
12 85 41 61
6 38 76 80
43 51 49 57
36 79 80 89
35 42 25 61
55 74 8 61
8 92 57 85
13 48 32 60
30 83 26 89
55 94 7 44
64 84 4 37
42 97 8 22
47 98 17 50
47 77 18 68
34 99 2 5
45 71 13 92
56 86 62 64
51 61 10 16
30 72 36 63
60 73 7 94
20 75 56 94
8 8 7 32
40 42 4 100
49 56 25 99
25 39 23 90
40 82 15 53
