10
100
38 98 30 48
48 65 6 43
37 43 14 31
51 91 80 82
12 40 12 83
68 70 33 85
12 38 13 57
93 95 61 81
43 89 9 94
1 88 24 81
28 98 83 87
40 77 30 72
61 67 12 36
61 69 24 79
41 50 17 92
11 55 37 62
87 98 29 42
18 43 36 57
26 35 29 48
83 84 4 37
23 24 53 74
66 80 37 70
7 64 8 22
20 42 9 45
35 59 47 79
88 99 4 49
29 38 20 92
50 86 12 27
76 85 80 91
41 68 60 73
23 38 48 82
1 90 19 69
16 81 59 67
46 62 67 100
24 67 33 71
11 12 66 85
32 38 18 24
15 72 29 84
7 44 51 82
57 89 29 68
31 96 39 84
22 50 38 39
41 65 3 76
64 81 15 96
43 83 2 47
5 11 45 95
1 27 21 88
21 43 27 70
28 62 9 26
26 48 55 62
7 43 18 32
71 71 54 99
15 66 48 55
5 87 68 99
33 87 42 80
24 26 15 59
83 93 35 47
6 16 62 91
4 63 14 47
5 95 2 70
13 76 35 66
34 87 34 38
41 42 49 85
52 87 29 37
36 54 2 18
6 93 24 35
63 74 60 89
32 61 64 95
22 52 2 14
6 32 22 61
42 85 57 97
21 97 5 41
51 53 53 58
24 79 41 85
68 73 7 28
6 13 59 70
2 44 26 36
22 63 32 77
33 96 14 30
40 96 44 85
28 50 1 52
28 78 55 88
8 34 11 98
74 94 9 92
11 11 76 79
30 99 2 90
3 20 8 8
10 40 2 76
26 96 2 86
47 72 80 97
1 23 77 93
6 85 6 15
39 59 33 64
15 63 68 78
58 87 11 77
55 58 59 95
89 100 35 41
1 18 52 80
9 52 27 48
7 11 10 36
100
14 80 38 89
7 19 61 77
76 79 33 50
17 22 33 44
54 75 67 91
21 81 59 65
31 72 13 28
65 84 26 52
13 47 29 71
12 24 3 65
15 42 51 99
15 71 32 40
13 39 77 84
23 79 80 85
22 92 35 59
25 69 31 91
77 96 54 93
19 36 18 29
64 96 20 96
77 82 44 76
4 98 33 77
55 65 64 83
12 28 7 32
18 35 2 28
56 75 44 91
34 60 33 51
53 81 36 100
16 39 5 54
31 41 58 98
4 44 12 55
25 63 23 88
60 60 9 52
28 81 78 91
27 31 6 43
77 100 22 79
46 51 25 89
9 61 54 61
9 66 49 52
31 57 59 81
8 63 35 89
46 56 81 94
8 68 18 95
9 50 67 95
52 93 28 89
11 81 2 53
55 85 16 41
48 98 3 16
2 24 46 95
20 88 34 59
53 92 1 81
64 84 59 89
63 86 66 74
20 41 15 43
30 87 40 79
30 34 47 63
39 44 46 72
32 91 39 89
36 98 14 94
5 37 2 44
37 49 37 59
93 95 7 18
23 80 91 95
21 90 22 87
1 64 68 69
66 75 51 94
41 75 10 36
32 94 42 89
44 46 5 8
26 63 93 93
25 79 83 88
5 67 11 47
25 35 50 65
10 82 21 86
42 86 23 58
13 34 68 73
36 93 26 26
7 74 24 75
67 89 4 9
25 71 63 66
49 78 12 70
3 7 82 97
49 71 8 14
68 83 57 98
43 77 26 44
12 46 45 64
64 70 12 79
22 99 21 87
59 76 65 83
74 92 24 78
85 86 69 99
19 63 44 78
12 59 51 79
19 32 59 79
68 86 29 69
6 18 23 100
44 97 11 77
12 61 5 42
17 23 41 91
19 92 9 56
27 40 20 87
100
7 97 65 78
28 73 28 79
3 91 43 45
47 61 78 98
38 67 18 80
31 81 59 71
87 91 32 65
7 83 10 74
15 72 44 57
8 70 67 94
76 80 22 87
65 91 39 53
50 58 23 43
31 59 25 28
3 22 52 56
37 64 34 57
20 54 30 72
79 93 16 52
78 89 11 55
32 51 71 76
1 45 23 95
1 24 2 35
14 83 30 41
33 48 14 90
25 85 84 94
61 75 68 98
51 96 44 67
26 41 16 49
1 95 58 66
2 34 55 79
21 93 17 44
2 94 8 81
72 73 8 93
81 81 9 21
71 81 65 67
70 96 47 78
24 45 20 82
14 88 49 68
53 100 5 95
2 29 29 64
14 57 16 69
1 91 32 85
43 83 9 20
57 59 83 99
29 75 51 92
33 34 38 79
1 71 57 61
4 53 40 67
10 69 25 89
17 42 32 57
4 5 37 91
8 65 48 55
40 77 19 57
75 91 6 30
71 84 12 64
44 100 3 44
3 4 7 8
1 5 80 80
9 84 57 67
10 70 26 75
59 89 13 20
13 31 2 43
12 81 35 68
48 69 56 63
69 81 76 80
62 74 71 98
63 88 15 22
1 87 64 100
24 37 56 62
33 90 64 88
22 68 1 67
1 31 56 92
71 91 37 55
64 72 1 7
14 72 49 67
18 49 58 86
39 80 10 27
35 58 46 48
59 70 65 82
31 92 33 51
41 91 16 60
20 92 4 63
11 45 22 95
8 26 73 79
73 76 42 84
19 26 24 98
87 93 13 59
71 88 27 60
3 33 41 58
16 27 14 69
45 93 70 97
56 71 46 53
77 98 16 24
70 82 59 67
42 72 50 73
9 66 44 79
36 84 6 16
51 79 56 64
82 99 40 44
70 100 58 96
100
79 90 24 30
2 47 27 37
13 17 3 42
72 100 33 100
10 44 48 67
19 94 28 71
15 57 32 77
12 29 31 98
81 91 9 48
3 26 48 69
48 67 84 96
39 84 31 74
69 81 39 94
6 6 14 74
8 74 85 86
40 63 3 19
59 60 7 94
14 44 5 42
13 44 6 9
25 53 7 29
42 79 19 30
18 20 26 53
24 26 30 81
20 50 76 80
66 94 1 75
16 59 66 91
17 98 31 46
27 31 96 97
78 83 1 55
61 81 81 95
35 60 84 94
39 83 8 95
31 43 12 44
25 83 51 62
4 56 54 57
26 64 29 53
5 12 19 22
18 98 15 88
33 78 11 85
46 91 43 70
2 26 76 93
55 86 70 90
65 82 20 87
27 71 16 39
58 96 62 97
6 83 70 88
4 7 13 23
32 36 20 89
52 87 64 94
61 97 35 39
41 89 59 64
46 69 7 54
25 55 29 88
19 55 22 86
2 34 66 95
64 91 50 66
60 86 40 86
57 88 75 79
11 58 95 100
84 93 45 79
41 56 1 17
34 67 17 44
63 71 25 76
47 64 19 68
41 42 18 72
19 29 9 58
23 60 41 50
32 73 40 89
86 95 14 36
22 28 57 82
19 41 75 94
41 66 2 75
45 78 32 95
19 27 70 75
4 98 34 86
56 70 31 59
86 88 44 88
62 66 76 94
58 64 4 50
37 92 65 92
72 75 10 33
9 87 59 94
5 48 25 34
74 80 46 59
21 76 72 94
29 98 40 51
3 37 7 85
73 87 30 82
53 87 42 67
5 43 76 78
13 19 75 99
48 49 20 35
15 47 19 66
36 53 21 32
27 98 22 26
1 44 34 73
72 86 19 34
19 44 63 95
2 51 29 60
72 99 53 80
100
71 84 25 77
24 82 45 53
74 77 6 74
33 81 37 77
46 96 16 40
72 95 12 99
77 90 66 80
33 52 13 72
46 69 80 91
36 76 55 63
76 84 5 18
55 74 33 97
85 93 21 25
6 62 16 95
11 16 71 97
11 77 52 72
53 55 29 96
41 71 11 18
4 39 5 55
32 68 28 53
10 39 48 69
24 36 6 14
7 78 19 50
21 65 14 69
6 66 53 53
58 60 20 78
55 55 63 93
28 47 47 72
42 87 67 79
13 21 36 93
51 72 42 79
58 88 32 59
29 81 59 86
2 45 68 91
24 85 64 89
46 48 17 72
6 56 43 90
6 45 2 100
85 97 29 73
43 63 17 64
97 98 44 91
19 60 9 57
61 99 13 69
31 89 12 88
5 39 18 49
84 90 27 70
31 83 58 58
19 87 46 56
5 20 26 72
30 44 22 35
24 83 2 93
7 12 23 38
5 45 83 97
9 37 6 69
37 58 3 64
34 86 1 49
27 39 21 89
2 92 29 79
66 100 2 53
8 62 12 90
43 93 7 84
26 43 62 63
3 77 5 68
7 46 10 53
48 61 6 18
23 31 31 91
79 83 32 76
60 95 61 72
5 71 35 90
1 99 2 72
16 20 6 33
54 62 38 39
46 64 85 100
10 50 62 75
52 97 20 71
46 60 12 81
28 54 26 36
2 91 8 11
45 74 29 40
69 74 20 57
15 64 6 79
60 79 49 71
34 98 81 90
7 17 50 56
45 94 23 74
66 80 12 31
25 47 73 83
50 96 58 94
14 98 24 89
20 98 29 97
9 20 17 90
75 78 89 92
8 67 75 78
85 98 30 85
44 97 67 98
23 34 40 49
27 74 4 78
11 74 73 87
39 88 15 17
12 32 30 97
100
69 72 11 25
25 41 13 50
57 59 27 55
18 20 50 60
33 51 44 76
3 33 24 45
40 76 14 16
56 77 14 55
72 81 40 61
87 94 9 91
83 95 15 95
12 83 63 72
5 17 33 66
30 40 4 89
16 22 53 92
18 76 4 8
82 100 23 55
27 92 28 33
7 62 15 39
8 11 36 36
33 50 62 88
34 74 19 19
9 23 5 59
23 26 16 45
95 95 23 34
82 95 9 35
8 95 9 92
2 12 6 85
43 66 80 81
43 92 7 26
4 11 6 70
84 88 17 87
36 61 3 31
24 80 43 60
46 51 9 90
35 87 38 57
65 97 76 96
36 41 52 78
47 52 12 100
28 91 61 71
27 47 48 48
22 28 61 86
85 92 46 74
8 64 19 41
47 76 54 92
12 53 51 83
43 78 55 73
1 70 14 78
88 97 36 83
2 25 27 99
77 79 29 61
37 48 68 92
54 67 65 73
73 98 71 77
11 43 34 84
22 35 36 69
36 56 39 61
10 48 1 94
2 46 63 87
7 60 64 78
22 85 23 24
38 85 26 98
6 50 21 74
35 93 20 20
33 92 82 87
43 96 9 33
29 87 2 46
9 48 10 55
74 90 31 82
90 95 17 49
67 80 35 94
19 65 22 83
18 49 58 100
3 27 48 78
19 53 12 76
18 73 5 87
30 69 30 86
58 77 8 94
64 64 40 93
20 92 12 96
55 78 59 79
32 32 39 56
70 76 2 91
2 13 18 66
47 75 83 91
70 99 67 73
9 30 12 85
11 26 41 51
23 98 33 68
15 52 26 50
7 44 50 92
10 58 3 83
47 92 9 39
39 48 34 80
17 98 56 73
34 63 12 16
1 26 75 84
8 77 27 97
18 44 35 44
27 64 56 65
100
16 33 34 89
18 23 64 73
56 87 91 97
66 91 79 79
60 66 48 83
8 40 16 66
33 54 1 4
8 64 2 79
22 85 17 26
8 32 35 49
71 74 69 98
17 29 26 28
41 100 13 36
15 19 37 48
61 97 42 99
39 73 21 99
29 85 28 85
30 82 12 56
23 27 36 52
21 41 4 57
58 83 33 88
33 78 3 93
58 91 4 47
33 84 79 86
15 18 16 19
99 100 1 96
66 80 43 51
18 85 26 80
32 79 41 55
61 72 6 41
36 66 64 67
74 87 45 63
23 94 8 74
35 73 38 53
57 91 41 46
3 19 90 100
25 91 39 79
22 87 1 45
21 29 31 53
5 97 41 49
27 53 14 65
7 45 56 77
18 50 18 47
12 14 3 21
50 91 24 65
12 42 10 28
10 87 67 69
7 79 76 99
13 39 90 97
31 57 16 61
65 76 16 88
75 86 67 89
8 36 30 91
12 71 13 14
45 57 4 85
86 97 9 98
40 43 22 80
21 57 4 22
14 42 52 83
69 96 14 94
9 29 4 86
10 58 66 91
44 89 22 50
55 90 48 80
62 67 56 95
56 70 63 64
4 16 8 62
22 57 55 55
67 87 7 80
81 99 11 15
49 84 55 92
19 32 36 88
29 92 33 47
29 51 32 58
95 96 36 60
11 61 3 59
82 94 1 15
64 72 72 94
8 47 55 84
17 69 42 60
7 62 12 15
54 97 83 83
26 74 16 39
7 8 26 72
30 37 19 40
47 92 8 98
8 88 71 97
16 100 8 31
17 95 44 91
2 60 33 76
1 6 12 36
22 32 27 30
53 84 14 54
14 77 15 81
22 96 57 87
40 91 55 88
6 79 74 83
12 75 25 62
5 93 5 53
21 67 63 88
100
19 88 79 92
15 18 24 87
14 54 36 86
25 87 7 82
15 32 29 98
12 57 72 96
31 49 14 93
17 77 14 90
36 77 66 85
7 98 40 42
24 39 70 80
43 61 24 97
48 99 16 77
50 61 5 20
68 84 13 36
10 33 42 57
17 72 57 87
4 50 52 56
2 89 44 56
24 89 92 94
19 77 12 90
39 40 5 37
66 99 18 73
6 28 6 84
65 71 56 100
34 76 69 72
49 93 28 69
58 68 12 74
56 67 9 66
5 24 69 90
35 82 12 86
1 94 83 87
68 89 2 27
3 56 33 60
23 84 29 79
75 92 88 88
24 86 28 63
52 53 30 71
13 77 45 78
21 58 62 95
19 75 1 42
6 96 37 89
2 13 12 64
37 76 51 58
25 70 42 86
10 31 25 87
2 60 38 51
76 93 29 60
1 34 8 50
9 15 19 36
54 95 48 95
68 98 23 99
34 80 18 87
78 89 31 60
13 38 42 94
63 74 19 78
19 99 49 63
35 88 12 100
19 20 3 54
18 89 37 68
23 100 35 42
2 92 71 95
16 52 12 27
19 21 22 69
15 69 3 71
25 89 3 60
20 78 47 85
26 46 17 54
8 81 23 71
11 39 34 44
37 41 39 49
34 91 40 81
21 78 12 39
30 53 14 14
11 73 59 95
28 50 37 52
32 66 39 56
8 88 27 96
2 57 18 46
20 27 14 19
47 84 28 67
24 61 55 76
35 43 2 59
9 84 11 87
15 44 20 53
10 79 55 70
60 97 4 40
10 63 6 11
47 83 28 87
44 45 39 45
60 77 19 25
20 26 3 31
19 33 3 64
45 56 30 62
1 90 9 9
10 71 41 88
6 84 9 90
38 89 78 82
79 85 80 83
30 35 60 75
100
17 31 42 53
70 79 22 36
39 57 24 94
46 88 19 88
4 18 8 41
36 38 35 92
57 57 64 84
97 98 31 73
16 95 11 71
8 24 4 41
37 74 40 68
52 85 33 96
67 68 2 72
1 97 1 39
48 59 96 97
5 51 31 93
59 99 75 99
4 43 34 89
14 64 55 86
2 35 14 96
45 45 60 97
21 36 8 37
42 95 56 77
12 60 21 22
64 84 17 40
18 73 56 57
64 74 42 79
6 25 19 47
22 95 6 69
55 98 34 36
41 78 2 73
41 79 62 68
88 98 7 7
15 97 29 80
74 89 49 78
19 55 6 45
53 95 40 93
45 63 68 77
45 82 70 93
14 32 42 88
96 100 3 62
51 60 31 41
29 29 13 66
2 80 32 69
27 90 8 25
7 55 30 50
6 18 42 62
38 95 6 51
49 64 28 93
3 67 54 100
19 72 42 44
11 54 65 88
1 25 14 50
30 44 11 64
15 99 49 82
62 81 53 64
19 26 5 75
14 67 8 36
31 63 11 14
6 22 16 59
30 71 23 56
1 19 6 70
39 55 31 90
67 91 63 83
23 62 19 54
12 40 43 83
76 98 24 41
10 74 47 49
48 53 4 12
22 38 26 98
32 44 25 33
19 46 65 77
56 63 66 85
26 76 54 84
15 98 16 94
41 97 36 83
87 95 13 60
25 52 14 23
26 91 7 48
46 70 9 49
14 63 39 44
18 33 10 35
43 52 11 92
35 87 23 85
5 22 92 93
23 39 7 22
62 98 49 75
9 24 12 56
28 55 17 93
13 59 34 74
4 33 23 81
23 93 27 42
51 77 17 43
50 55 18 35
39 94 29 30
36 83 20 64
93 99 9 69
45 59 70 76
24 48 49 58
41 65 9 87
100
37 57 80 83
45 96 61 95
42 73 55 76
89 97 36 85
69 96 68 81
19 40 66 89
59 76 64 85
20 87 51 61
75 79 53 53
84 97 56 89
16 27 38 56
37 42 68 69
82 88 10 92
70 77 57 100
12 60 69 83
50 63 5 11
17 64 26 56
17 70 45 56
29 64 64 85
26 97 18 93
13 28 55 77
33 95 30 37
12 53 32 62
26 43 67 88
28 40 27 61
33 53 8 98
30 79 3 50
24 77 25 81
29 56 17 18
30 66 35 66
59 82 47 57
59 83 22 27
14 16 51 71
35 56 48 66
36 96 65 69
87 89 38 60
93 100 52 53
37 93 29 88
78 90 48 55
11 59 68 81
43 67 14 28
38 83 35 42
7 65 26 73
37 91 37 51
15 40 63 72
36 75 5 25
65 99 44 75
66 85 16 39
74 86 61 75
7 78 69 88
48 88 33 60
32 65 3 9
47 83 6 86
20 51 60 72
5 60 6 36
27 86 6 95
8 73 17 32
49 82 2 49
37 65 50 81
20 21 22 96
29 77 11 88
20 65 32 47
20 33 31 87
30 30 31 93
7 72 48 85
49 98 11 65
9 12 64 67
64 65 16 52
2 68 30 53
13 94 72 96
60 80 37 43
92 97 13 43
51 76 14 49
10 52 52 92
12 96 22 59
4 91 34 48
72 75 10 97
3 91 19 55
11 36 22 69
62 97 6 76
78 100 9 17
53 97 13 55
3 22 15 93
6 55 24 65
18 43 36 94
13 42 28 91
40 56 59 94
28 97 1 85
55 91 34 78
25 88 1 72
6 53 31 86
14 45 7 42
39 78 45 76
1 52 23 87
17 79 40 59
12 62 16 76
85 98 57 95
16 86 46 59
21 76 23 71
53 96 61 97
