999 4999
1 597 650 71
2 140 909 14192
1 120 122 42
2 86 622 17891
2 187 666 32441
1 540 967 23
2 520 982 32234
2 220 664 7523
2 488 785 5867
2 338 634 25804
2 304 626 6112
1 77 852 11
1 355 392 97
1 199 845 80
2 553 760 256
2 336 528 4657
2 88 676 6085
1 428 486 77
1 167 423 75
2 374 434 3370
1 179 280 6
2 207 967 8375
2 108 334 19092
2 252 920 21002
2 102 315 25671
1 311 701 96
1 134 567 14
2 684 787 22600
2 203 262 22267
2 226 987 3040
2 351 794 2254
1 690 821 16
2 205 874 27545
2 169 592 29072
2 319 384 20911
2 157 443 14318
2 73 312 13989
2 605 826 22362
2 208 832 11735
2 111 626 8576
2 851 898 24804
2 237 564 13202
1 92 887 26
2 338 486 3268
2 221 572 30555
1 76 967 18
2 763 918 28631
1 88 766 93
2 309 468 15184
1 720 804 78
1 370 495 28
2 77 244 15217
1 143 669 54
1 351 464 11
2 136 848 18677
1 674 740 57
1 187 871 28
1 49 626 47
2 124 323 14325
1 224 996 22
1 221 697 50
1 495 969 66
2 289 318 30554
1 507 617 24
1 334 508 21
1 466 874 45
1 430 531 96
2 546 857 19698
1 67 462 14
1 685 774 2
1 103 854 46
1 491 945 71
2 252 673 19686
2 479 488 5938
1 400 991 65
1 245 653 50
2 214 408 14290
2 679 735 19324
2 88 113 8344
2 294 463 32098
1 548 909 56
1 165 779 75
2 162 513 17130
1 914 968 9
2 421 896 26400
1 170 926 32
2 54 591 27584
1 248 792 28
1 466 668 70
2 860 952 14835
1 222 874 25
1 463 824 60
2 298 791 2665
2 166 460 13245
1 743 808 71
2 400 987 6146
2 821 986 11841
1 344 921 84
2 270 619 8594
2 402 991 12015
1 581 781 24
2 20 444 19812
2 273 459 30189
1 25 233 23
2 75 998 9457
1 619 926 46
2 305 539 28358
2 436 590 9441
1 129 378 14
2 161 871 5700
1 82 662 89
1 632 818 24
2 351 527 18945
1 80 364 70
2 62 630 11972
1 459 710 30
1 323 924 86
2 138 358 25606
1 537 563 4
1 705 818 0
2 4 519 30874
2 91 410 25496
2 249 272 7605
2 2 347 18099
2 178 280 29326
1 145 825 77
1 529 731 1
2 32 347 29132
2 246 807 20451
1 239 771 19
1 448 918 97
2 137 907 2020
2 28 930 19230
2 423 500 30926
1 674 961 25
2 173 700 22320
2 506 763 13061
2 569 843 17659
1 65 747 27
2 909 976 32293
1 396 929 3
1 315 658 48
2 113 474 28628
1 85 923 23
1 20 297 27
1 371 729 30
1 533 662 84
2 365 488 15900
2 68 411 18989
1 505 979 0
2 313 710 18065
1 431 508 26
2 235 660 32114
1 455 560 29
2 110 890 11795
1 367 908 92
2 241 453 18171
2 413 962 32766
2 59 348 5237
2 796 975 24400
1 724 928 26
1 487 961 19
1 78 786 65
1 667 764 67
2 173 221 16942
1 405 906 45
1 472 674 83
2 197 961 22578
2 204 584 16674
1 92 551 82
2 142 828 12802
1 25 526 22
2 229 322 4333
1 639 672 2
1 211 393 83
1 71 834 47
1 10 637 46
2 812 975 14222
1 819 837 57
2 217 995 18504
2 424 662 19553
2 832 908 20620
1 703 785 59
1 720 843 20
1 30 699 67
1 58 971 40
1 488 520 86
2 213 934 15021
2 45 432 20914
1 190 925 44
2 343 721 23205
2 149 492 2701
2 234 648 1473
2 525 730 10088
1 571 886 90
2 96 734 18107
1 371 572 3
2 20 283 17005
2 458 478 15521
2 30 361 16749
2 647 856 6472
1 177 532 13
2 799 995 10141
2 147 948 7448
1 219 440 48
2 606 715 21296
2 134 136 16052
1 124 692 80
2 792 951 10510
1 282 301 84
2 37 316 5450
1 255 864 92
2 123 824 15455
2 401 735 9397
1 576 597 14
1 270 403 71
1 583 715 46
2 507 910 15260
2 277 540 15306
2 515 719 32608
2 252 827 23729
1 347 518 47
1 513 794 30
1 416 447 54
1 188 228 74
2 743 963 13726
1 431 792 69
1 345 970 55
2 692 788 5289
1 9 564 75
2 178 906 16132
2 516 528 15584
2 508 986 1398
1 460 829 90
1 459 899 6
1 506 888 22
2 574 949 22892
2 779 899 4700
1 111 151 26
2 473 544 29442
1 584 697 32
2 850 908 28283
2 362 794 14793
1 17 235 49
2 458 473 25637
1 473 674 35
1 494 857 21
2 19 519 18064
1 104 973 57
1 432 826 93
1 269 834 47
1 122 492 67
2 254 323 12794
1 537 961 11
1 28 786 8
1 13 499 45
1 330 598 35
1 51 626 1
1 433 602 24
2 39 723 22901
1 286 995 43
1 233 364 21
1 167 893 77
1 160 832 37
2 254 777 20398
1 212 645 79
1 34 304 55
1 464 660 30
2 45 577 24473
1 54 805 48
2 54 799 23864
1 187 395 49
2 366 372 8986
2 472 920 9718
1 172 972 77
2 367 515 20127
2 83 235 3508
2 316 736 6865
1 745 751 10
1 431 606 81
1 608 934 14
2 618 805 15239
1 465 678 69
1 567 794 20
1 521 721 51
1 133 160 36
2 404 654 28331
2 514 548 8856
2 219 677 2834
1 652 788 49
1 64 105 84
1 602 843 60
1 95 127 11
2 93 155 17880
2 470 875 24582
1 393 517 23
2 870 923 16879
1 443 446 49
1 276 330 81
1 76 284 23
1 563 663 35
1 92 843 10
1 656 661 28
2 739 847 15954
2 776 808 749
2 579 978 21195
1 233 358 61
2 126 759 21679
2 609 970 780
1 186 535 93
2 163 924 8904
2 143 302 19675
2 41 128 2355
2 291 497 20034
1 494 716 32
1 687 864 49
2 45 710 25446
1 242 679 58
2 429 486 11391
2 437 752 26809
2 437 554 21482
2 242 433 3671
1 240 658 41
2 118 321 4116
2 203 373 24900
1 165 638 52
1 641 967 72
2 609 665 16530
2 456 796 9785
1 483 974 69
1 477 962 13
1 413 761 85
1 43 770 54
2 428 556 7284
1 171 362 8
2 238 867 1807
2 260 639 1865
2 147 381 24313
2 532 640 14907
1 172 566 87
1 143 850 30
1 883 947 86
1 457 938 99
1 342 493 99
2 13 16 16961
1 552 877 46
1 196 784 96
1 625 633 40
1 634 951 85
1 155 904 45
2 921 935 316
2 478 890 16019
2 291 600 26186
1 253 999 69
1 107 792 23
1 260 958 56
2 530 887 25354
2 345 592 21874
1 450 479 44
2 666 693 10474
2 169 515 18060
2 609 830 5105
2 543 772 19341
2 509 735 24636
2 262 596 29142
2 109 572 28676
1 763 808 2
2 555 659 29829
2 285 469 31278
1 295 486 39
2 655 907 14174
1 545 568 72
2 15 218 31000
1 264 592 44
2 405 491 32087
2 268 816 26635
1 62 939 41
1 250 970 75
2 398 530 5921
2 63 497 20979
1 708 904 14
1 52 131 65
2 17 546 30434
2 323 951 20005
2 819 851 3124
2 776 872 21476
1 662 784 91
2 481 579 14998
1 290 532 48
2 387 937 1444
2 401 579 28188
1 60 981 75
2 402 561 27880
1 364 744 95
2 422 883 30495
2 304 539 11592
2 136 499 6439
1 485 613 16
1 584 926 32
2 352 834 12468
1 313 713 28
2 459 731 15711
2 296 340 17322
2 111 378 16050
1 48 325 31
1 276 797 71
2 432 634 12859
1 88 777 36
1 632 726 69
2 48 788 18825
1 930 998 67
2 589 738 1916
1 267 643 75
1 230 934 86
1 564 939 1
1 145 238 53
1 874 930 7
2 466 873 7728
1 279 537 67
1 392 445 93
1 97 571 96
1 78 362 67
2 419 817 10997
1 120 872 49
2 107 660 25421
2 249 491 11005
1 197 288 65
2 184 663 13773
1 146 274 25
1 532 582 10
1 908 915 28
1 407 492 12
1 382 609 95
1 529 702 95
2 159 911 26910
2 674 863 24741
1 183 706 3
2 346 411 6798
2 779 799 31113
2 618 638 26655
2 473 902 23458
2 745 807 16296
2 47 409 15894
1 422 815 37
1 217 734 46
1 155 928 76
1 718 838 81
1 570 597 13
1 27 941 10
1 382 617 61
1 137 744 48
2 9 18 10492
1 664 960 37
1 329 629 44
2 30 544 32567
2 205 485 25415
2 96 671 29627
1 879 931 4
2 235 894 23613
2 835 896 9163
1 464 623 40
2 75 727 10057
1 396 592 80
2 437 988 15677
1 34 887 87
2 21 359 4393
1 164 373 32
1 288 448 30
1 206 452 93
2 414 566 15231
2 370 939 23872
2 11 518 18174
2 164 565 21717
1 252 993 23
2 7 180 1294
2 808 956 19960
1 494 718 1
1 323 885 71
2 233 566 330
2 294 411 31539
1 895 938 11
1 114 790 75
1 222 297 26
1 642 659 49
1 96 877 51
1 254 302 41
2 77 791 29923
2 368 439 22659
2 859 982 26673
2 266 927 30061
1 323 591 97
1 123 649 14
1 115 995 64
2 576 861 12092
1 819 856 18
1 51 191 83
1 44 650 48
1 10 498 8
1 44 868 15
1 46 712 99
1 805 946 7
2 126 295 8969
1 7 327 64
2 51 909 7446
1 29 863 88
1 665 722 8
1 255 941 63
1 424 961 35
1 33 535 86
1 688 733 39
2 608 693 24212
2 389 878 5545
1 8 675 84
2 376 949 4906
2 796 805 26229
1 506 631 79
2 70 512 15277
1 93 414 95
1 19 972 23
1 638 983 32
2 378 885 2737
2 142 223 30442
1 417 897 46
2 308 534 22578
1 363 804 37
1 298 796 85
1 658 904 33
1 828 993 14
2 121 263 20655
1 149 944 39
2 435 836 21618
2 400 877 3669
2 453 993 19058
2 752 998 15148
2 771 954 8681
2 144 880 5224
1 233 309 49
1 88 368 86
2 111 845 11257
1 344 630 15
2 89 205 29275
1 171 622 48
1 28 914 83
2 147 188 15321
2 88 96 3275
2 18 126 8923
1 522 884 81
1 411 799 70
2 505 625 12329
2 173 514 6806
1 322 899 64
1 142 263 18
2 812 896 9530
2 37 760 17217
2 379 827 11485
1 852 964 39
2 662 869 6403
1 53 995 2
2 173 751 28952
1 130 910 54
2 157 707 27850
1 784 826 24
2 12 678 17035
2 159 812 27692
1 235 383 54
1 308 340 35
1 35 527 50
2 728 868 22258
2 617 733 7842
1 201 323 25
1 966 979 71
2 17 788 21053
1 364 700 46
1 351 447 66
1 553 841 39
2 27 749 6082
2 265 948 14827
2 179 251 11492
2 462 945 9511
1 571 623 69
1 246 647 82
2 777 992 29279
2 246 985 603
1 179 855 37
2 348 503 460
2 476 693 17520
2 270 392 30308
1 152 819 81
2 580 697 24074
2 122 455 29613
1 26 810 1
1 254 721 23
2 74 738 32110
1 318 417 62
1 210 233 93
2 300 614 25084
2 153 189 10108
1 256 329 32
1 137 779 33
2 275 677 3765
2 429 565 30712
2 32 635 12793
1 9 29 67
2 244 709 24731
2 277 279 12009
1 339 576 61
2 49 286 4072
1 177 894 47
2 4 44 147
2 773 886 6982
1 201 480 77
1 198 367 66
1 757 787 80
2 496 734 17344
2 44 456 25002
1 738 846 73
2 20 147 27239
2 32 122 25720
2 4 154 21141
1 272 310 92
1 709 772 90
2 236 714 20484
2 94 279 7074
2 31 668 14905
2 220 482 19611
2 480 659 24888
1 562 642 15
2 665 715 6598
1 470 619 94
1 260 580 42
1 3 861 21
1 769 996 34
1 568 782 0
2 678 882 26926
1 44 861 36
2 286 407 31603
1 404 837 74
1 370 446 1
2 574 660 29910
1 11 681 34
2 65 696 10949
1 571 738 29
2 636 662 9340
1 93 704 44
2 61 698 14930
2 483 863 30906
2 212 484 5218
2 3 329 8709
2 225 906 10507
2 590 835 3418
2 476 891 19310
1 251 670 20
1 51 168 31
1 602 644 53
1 614 993 65
1 320 566 52
1 594 614 97
1 577 724 72
2 62 389 30667
1 16 630 52
2 649 889 17321
1 379 505 65
1 315 365 74
2 407 506 1511
1 455 636 84
1 126 954 24
1 27 401 38
2 8 293 19651
2 408 787 29851
1 536 839 22
1 779 794 77
2 639 876 4561
1 545 683 40
1 433 620 33
1 345 994 60
1 702 862 86
1 532 680 46
1 440 949 65
2 322 378 9348
2 260 688 22167
2 181 437 1976
1 81 180 16
1 22 348 77
2 80 186 1785
2 227 733 1237
1 58 282 18
2 234 783 7632
2 652 961 14049
1 334 673 12
2 225 471 26081
2 594 660 20104
1 214 971 31
2 11 953 21101
2 516 878 2769
2 709 729 31420
1 15 654 86
2 183 710 21041
1 35 466 23
2 189 689 23633
1 71 980 97
2 353 743 13282
1 600 871 92
1 53 970 1
2 774 841 26782
1 257 269 31
2 542 824 25730
2 217 659 13429
1 339 604 14
2 122 258 19035
1 509 927 90
1 767 815 82
1 587 722 62
2 352 750 20589
2 719 814 8616
1 584 853 32
2 528 562 2239
2 472 714 31488
2 738 767 417
2 414 463 10437
2 290 665 3146
1 380 990 64
2 24 372 13882
1 22 471 53
2 750 923 28919
2 45 198 28410
2 627 819 30857
1 60 956 82
2 771 935 18941
2 210 820 11180
2 228 268 10723
1 742 788 81
1 337 682 55
2 100 316 4977
1 714 862 79
2 494 767 11543
2 81 188 18212
1 12 315 32
2 517 804 2121
1 366 419 76
1 186 623 43
2 406 529 6540
1 174 987 15
1 35 388 81
1 689 804 14
2 265 995 19756
1 305 413 52
2 182 661 17904
2 492 579 27134
1 45 126 24
2 833 984 21084
2 142 919 18338
2 495 691 32364
1 398 979 65
2 699 779 18413
1 32 607 44
2 429 555 21669
2 385 460 25425
2 665 848 31963
2 717 770 20258
1 822 880 61
1 217 361 11
2 489 651 21628
2 561 898 5242
1 10 70 47
2 319 712 23882
1 327 438 51
1 118 444 61
2 129 418 22370
1 25 883 85
1 159 639 8
2 235 505 9491
1 172 863 93
1 417 736 7
1 285 955 77
2 135 358 26974
2 655 917 19875
2 580 985 18420
2 466 826 20825
1 220 245 86
2 194 687 21686
2 273 912 16689
1 230 324 53
2 113 932 1129
2 331 651 14151
2 933 968 8324
2 358 458 1273
2 357 814 11700
1 324 871 31
1 212 436 88
2 279 794 454
2 412 915 29939
2 269 864 10999
1 194 417 44
1 160 951 37
2 71 672 31244
1 532 976 23
2 53 164 23403
1 573 942 76
2 333 864 26916
1 118 211 42
2 106 637 28868
2 389 480 7392
1 495 721 3
1 636 662 47
1 63 249 11
2 467 879 21909
2 83 387 21283
2 349 474 7961
2 730 964 2757
1 508 621 72
2 395 781 13204
1 528 668 15
1 569 739 27
1 590 596 26
2 99 604 26905
1 60 957 95
2 712 903 30951
1 223 663 65
2 104 856 3348
1 539 840 90
2 66 662 31576
1 321 677 2
2 665 744 9517
1 175 497 5
2 402 802 30289
1 143 539 20
1 275 978 11
2 195 984 21101
2 183 664 22486
1 114 586 90
2 154 692 17800
1 440 645 78
2 39 68 556
1 491 715 9
2 399 489 18004
1 308 764 59
2 286 797 7128
2 35 722 4645
2 288 539 19537
1 231 885 91
2 414 508 24479
1 659 844 59
2 176 278 10852
2 226 265 28305
1 26 588 82
2 14 577 20773
2 9 104 32689
2 823 943 9512
2 153 845 5587
2 278 885 10523
1 345 939 50
2 317 495 8066
1 34 326 65
2 308 455 13670
2 180 630 27088
1 391 800 32
2 107 326 28655
1 102 227 12
2 547 718 2603
2 275 492 23699
1 630 765 5
1 181 812 93
1 189 593 41
2 46 251 22132
2 352 523 32028
1 84 806 59
2 352 881 8754
2 114 919 8812
2 192 752 6701
1 533 813 22
2 765 874 24296
1 366 566 19
2 589 733 4226
1 603 887 56
1 449 723 88
1 194 847 8
2 56 120 24862
2 53 190 13892
2 407 935 21043
1 245 860 22
2 143 178 16712
1 657 864 50
1 36 782 65
2 2 168 20243
1 328 889 68
1 344 501 64
1 132 472 75
1 210 361 97
1 604 967 87
1 628 896 13
1 217 639 16
1 233 514 3
2 278 462 29574
1 131 541 90
1 64 417 31
2 210 822 20887
2 237 885 11158
2 354 638 29278
2 202 522 26681
1 344 512 25
2 228 539 32076
2 111 678 21008
1 258 726 53
2 816 927 23760
2 418 951 26478
1 50 116 29
1 276 328 42
1 77 845 8
2 73 599 19711
2 137 480 10621
2 201 674 27293
1 27 282 9
1 139 523 34
2 152 285 29345
2 97 338 30252
1 3 122 6
1 15 761 91
1 267 849 51
2 754 911 22608
1 417 666 18
1 648 848 59
2 954 991 26927
1 118 782 74
2 480 915 12363
1 138 616 31
1 678 931 11
2 39 576 19498
2 180 191 20594
1 157 966 24
2 191 598 4666
2 212 224 8810
2 318 695 9216
2 57 772 3892
1 291 869 4
1 183 550 2
2 44 982 27434
2 766 774 11875
1 544 858 15
1 106 322 36
2 790 815 13925
1 88 886 73
2 866 920 5326
1 215 767 33
1 352 500 25
2 200 294 27597
1 3 380 78
2 68 143 32305
1 318 837 5
1 164 946 11
2 220 635 8531
1 239 432 78
1 430 574 48
2 611 671 2816
2 250 819 11486
1 825 845 5
1 159 628 33
1 852 861 90
1 78 404 93
2 117 344 16434
2 362 425 32007
1 180 376 36
1 454 699 28
2 633 811 23235
1 300 882 4
1 263 942 29
1 21 714 44
2 349 815 4900
1 309 743 25
2 615 693 12128
1 182 496 15
1 468 846 68
1 44 527 43
1 45 713 56
1 637 993 45
2 791 947 5421
1 127 881 54
1 102 191 77
1 79 356 84
1 435 785 83
2 482 651 28061
1 497 600 8
1 163 572 7
1 157 938 13
1 243 764 72
2 319 884 17603
1 235 332 94
1 84 361 1
1 90 305 95
1 222 671 93
1 533 831 72
1 182 514 99
1 206 347 40
2 536 554 20537
1 609 953 62
2 224 799 6981
2 287 352 4472
1 225 545 62
2 212 377 22765
2 435 914 28512
2 24 478 14985
2 197 554 13415
2 777 889 763
2 229 714 3160
2 218 274 4346
2 363 737 16472
1 693 727 76
1 77 342 87
2 176 479 18816
1 760 772 50
1 493 777 30
1 86 853 13
2 385 949 2322
1 223 985 55
2 295 935 31981
1 66 546 73
1 732 836 40
1 234 901 26
1 213 901 51
2 600 695 6022
2 618 878 17002
1 254 913 50
1 77 256 48
1 294 698 21
1 762 786 83
1 450 955 2
1 175 517 5
2 723 926 28144
1 134 321 74
2 130 668 16801
1 844 950 0
2 456 911 5892
1 12 634 65
2 202 339 1911
1 142 701 97
2 799 986 26909
2 119 723 12154
2 227 649 27997
2 551 682 19289
2 820 879 20321
1 208 458 28
2 210 881 4761
1 160 202 86
2 135 906 20789
1 582 853 76
2 384 538 6830
2 523 893 28320
1 65 832 49
1 597 966 37
1 733 818 98
2 566 821 27393
1 344 555 95
2 160 805 28007
1 64 746 3
1 812 846 89
2 516 708 32192
2 228 616 14618
2 44 731 14077
1 839 974 57
2 182 816 23748
2 397 511 15061
2 9 356 29357
2 75 355 30419
2 622 667 5137
1 787 972 51
2 372 982 29328
2 488 594 11247
1 326 994 40
2 523 973 20851
2 174 583 939
2 73 671 15119
1 439 615 85
2 728 987 14208
1 77 363 52
2 95 888 6918
1 111 493 70
1 505 604 8
1 255 656 10
1 621 946 92
2 53 774 19903
2 420 648 21984
2 336 594 4160
2 553 908 12820
2 241 291 12514
2 83 392 28892
1 165 335 30
1 365 856 99
2 425 845 10604
2 124 993 16531
2 478 794 11437
2 241 565 11454
2 92 850 29122
1 546 927 17
1 256 290 38
2 567 801 6187
1 246 948 8
2 622 897 9794
2 476 588 16306
2 230 428 19118
2 423 796 2211
2 183 550 8420
2 43 379 19778
1 905 920 33
2 763 795 26938
2 376 904 14741
2 495 960 20600
1 186 427 64
2 139 760 23984
2 416 417 23368
2 265 787 12503
2 219 942 27601
1 337 737 94
1 663 690 95
2 495 647 10790
1 650 959 67
2 68 599 7438
2 125 379 30411
2 290 617 7273
1 574 719 10
1 59 543 53
2 496 945 18373
1 451 523 25
2 382 958 12464
2 562 995 14056
2 325 898 28693
1 624 790 87
1 382 903 76
1 508 845 27
2 177 225 15346
2 222 327 14557
2 273 975 10311
1 458 899 20
1 462 761 83
1 48 96 54
1 198 757 1
1 137 950 71
2 836 998 20579
2 144 869 22581
2 287 637 15723
2 86 917 3754
2 577 703 673
2 145 274 20122
1 154 717 78
2 16 499 23550
2 108 390 19391
1 816 848 98
2 206 704 18372
1 248 731 27
1 182 343 46
1 226 485 78
2 304 645 9826
1 273 623 63
2 347 547 30895
2 115 840 3751
1 127 570 55
1 481 638 79
1 2 434 75
1 122 924 18
2 672 782 4519
2 325 518 28591
1 435 842 91
1 538 742 57
2 584 941 11960
1 375 437 89
2 322 521 28723
1 3 794 79
2 361 445 28357
1 346 769 82
2 273 980 9706
1 147 440 71
2 381 410 20130
1 245 746 78
1 53 74 11
2 542 543 1573
1 609 761 61
2 472 950 4795
1 512 863 57
1 269 506 26
1 448 786 34
2 149 594 26209
1 263 950 19
2 232 753 27451
1 16 449 47
1 98 531 30
1 859 887 83
1 495 796 25
1 136 609 64
2 168 335 31151
2 214 370 314
1 771 946 70
1 831 922 18
1 402 937 24
1 688 936 81
2 415 720 22349
2 141 826 18435
2 210 646 19680
1 79 790 24
2 56 802 16829
2 209 248 735
1 6 114 93
1 221 790 42
2 262 791 11082
2 123 169 27955
1 806 932 47
1 103 743 99
2 338 990 8569
2 281 856 24085
2 505 770 19425
2 145 316 26243
2 567 977 1551
1 6 54 21
1 321 515 8
2 758 885 15212
1 517 686 38
2 373 942 18709
1 78 594 10
1 731 947 87
1 346 710 25
2 74 89 31389
1 319 863 96
2 643 900 17729
2 327 776 7087
1 864 991 74
2 30 287 25723
2 370 547 7767
1 487 899 43
2 662 782 24102
2 24 342 30619
1 332 442 6
2 382 620 15480
1 426 751 5
1 725 845 2
2 13 571 13603
1 66 420 22
2 523 773 797
2 58 862 17552
2 123 791 26755
1 120 904 86
1 250 594 50
2 371 574 4463
2 696 733 15034
2 93 157 8218
2 75 985 28969
1 693 838 52
1 581 911 79
2 605 635 4913
1 137 239 12
2 26 276 13167
2 470 890 10693
2 657 868 8226
1 403 623 99
2 38 397 29978
2 357 434 15938
2 751 926 26480
2 124 912 1755
2 655 994 13310
2 225 606 235
2 262 452 7650
1 482 754 30
2 535 880 31999
2 808 825 5685
1 309 994 76
1 443 802 1
1 228 321 63
1 3 842 9
1 330 631 3
1 39 445 27
2 133 877 11823
2 580 626 15296
2 94 351 11133
2 213 955 9023
1 738 971 7
2 175 382 30251
1 716 849 1
2 303 607 10578
1 159 944 33
2 229 605 30602
2 16 958 20890
2 473 647 2092
2 157 238 7825
2 178 293 9620
1 682 892 71
2 24 383 930
1 468 863 54
2 44 953 5692
1 308 405 91
2 278 892 30666
1 134 878 14
1 133 707 4
1 163 425 46
2 251 764 10488
2 442 638 26381
1 83 642 49
1 133 304 93
2 374 762 5057
1 123 203 74
1 248 823 44
2 2 950 9965
2 551 577 15611
1 113 372 19
2 532 665 17142
1 295 972 20
2 598 784 442
2 309 333 27080
2 253 664 17108
1 258 908 77
1 271 814 52
1 98 132 47
2 116 426 32335
2 40 637 25675
1 342 684 85
1 43 182 13
2 477 804 7451
2 313 765 24438
2 81 502 21418
2 383 968 31018
2 814 826 30511
1 827 861 99
2 574 760 32337
1 321 361 96
1 685 935 90
2 263 821 23707
1 556 701 10
1 664 971 23
2 303 417 3646
2 306 373 13407
2 279 445 27711
1 384 393 93
1 200 936 60
1 286 648 89
1 504 600 52
1 431 786 31
2 452 909 10277
2 353 812 15524
2 749 812 27342
1 398 619 42
2 181 604 19126
2 194 534 27759
1 111 751 23
2 118 265 22718
1 255 438 60
2 314 510 5446
2 860 904 13223
1 13 653 21
2 685 985 14940
2 129 780 14702
1 754 871 95
1 16 751 95
2 166 230 2842
2 223 856 8044
2 13 788 1137
2 167 966 28414
2 493 552 14845
1 451 628 9
2 246 791 24366
1 25 331 87
2 22 74 12664
1 62 839 62
1 154 330 93
1 100 877 14
1 405 911 9
2 102 283 11613
2 166 919 19517
2 589 695 32257
1 600 775 54
1 167 848 21
2 319 664 18555
1 253 858 89
2 372 465 14290
2 653 871 9885
2 607 906 7395
1 473 765 6
1 457 705 99
2 258 634 11913
1 389 825 10
2 282 712 6510
1 530 779 69
1 558 986 6
1 869 945 66
2 29 625 21981
2 323 413 31743
1 5 952 37
1 406 638 39
1 83 356 61
1 622 769 21
2 728 918 25464
1 133 297 54
2 335 581 25899
2 116 411 31787
2 147 635 6502
1 352 739 9
2 108 895 11796
2 491 994 8408
2 59 317 4450
1 549 999 76
2 166 794 16452
1 520 591 23
1 70 621 56
1 539 979 17
2 484 714 1376
2 237 509 13350
1 131 301 69
2 300 616 26736
2 136 336 9039
1 687 935 34
2 482 673 31254
2 566 882 7046
2 142 144 19508
1 24 454 92
2 110 951 21496
2 734 887 27097
1 13 275 0
2 164 175 29661
2 580 818 6656
1 567 775 5
2 883 992 9398
2 407 726 32037
1 665 797 80
1 68 442 79
1 204 388 85
2 5 682 6231
2 555 840 18903
2 901 919 14925
1 279 848 66
1 258 861 43
1 365 420 44
1 102 867 28
1 508 811 11
2 222 427 12169
1 37 630 3
1 259 989 63
1 448 905 69
2 989 999 27059
1 97 827 53
2 451 891 25045
2 265 494 32277
1 250 903 18
1 398 489 75
1 190 352 67
1 244 370 7
2 168 678 6260
1 35 696 78
2 852 871 24389
2 517 825 23349
2 149 728 7347
2 200 279 26744
1 309 861 40
2 579 738 11951
2 969 977 16143
2 128 474 632
1 170 982 42
2 446 812 15671
1 448 604 84
1 283 732 41
2 83 664 30511
2 552 675 11250
2 725 967 16431
2 238 847 3335
1 432 589 44
1 655 783 28
2 127 732 12444
1 342 477 7
1 26 216 63
2 530 922 7123
1 441 798 34
2 7 671 17246
2 224 647 29460
1 300 872 44
2 52 171 18236
2 345 819 20490
2 158 612 4041
1 252 801 67
2 285 808 28824
1 848 980 66
2 313 483 26378
1 141 953 50
2 287 539 8323
1 77 197 9
1 643 956 12
1 185 656 13
1 934 969 26
1 167 971 2
1 816 817 9
2 115 473 21818
2 375 723 27930
1 283 435 92
1 42 104 65
1 218 358 42
2 198 882 3824
1 404 547 3
1 555 824 90
2 337 854 2562
1 47 370 0
2 405 619 21444
1 116 660 16
2 200 769 11434
2 368 605 10361
2 330 836 15793
1 626 747 80
2 173 816 20636
2 753 957 14038
1 357 504 73
1 134 674 36
2 828 852 3580
2 216 873 16502
2 426 608 21067
2 126 384 27432
1 483 534 32
2 201 462 10572
1 870 985 94
2 526 581 6922
1 809 910 13
1 9 74 2
2 158 590 2461
1 619 807 18
1 298 761 19
1 317 382 53
2 17 362 19168
1 609 882 93
2 192 858 4468
2 265 492 27242
1 907 952 56
2 18 501 5369
2 270 783 17640
1 214 386 22
1 272 681 91
2 20 707 28626
2 835 943 9194
1 895 970 57
1 205 861 68
1 34 293 9
1 377 707 44
1 63 231 78
1 426 827 2
2 350 980 24688
2 35 734 10342
2 739 975 12812
2 323 493 15224
1 40 105 19
1 272 514 87
2 467 792 24846
2 45 456 4245
2 431 738 20672
2 859 970 273
2 415 742 32291
1 249 257 89
1 217 592 67
1 12 934 0
1 86 443 5
2 325 945 15477
2 797 862 25193
2 39 85 21522
2 21 178 31901
1 755 930 38
1 331 585 48
1 266 433 56
2 559 920 31660
2 170 714 13290
2 391 977 15124
2 216 542 2962
2 670 921 17443
1 190 462 84
2 311 895 23015
1 234 696 30
2 132 710 11638
1 36 380 51
1 359 454 29
1 334 860 45
1 376 865 8
2 446 606 27183
1 262 509 7
1 180 297 43
1 180 914 28
2 223 863 32305
2 126 134 27663
1 70 177 90
2 238 565 7409
2 79 408 18662
2 546 907 28061
1 730 792 23
2 350 515 10570
1 136 335 63
2 420 705 9135
2 510 959 11930
1 196 883 53
1 228 474 26
2 707 737 9497
1 738 864 1
2 553 582 14499
2 758 932 2218
2 292 485 24816
1 79 301 68
1 727 897 33
2 2 395 2782
2 146 739 28298
1 146 259 53
1 724 909 72
1 601 821 34
2 933 996 23931
2 194 840 8181
1 429 516 4
2 871 946 10350
2 212 258 1433
1 669 894 60
2 16 624 1404
2 897 986 11414
2 556 697 22263
2 142 301 18356
1 622 871 44
1 35 930 88
1 296 741 33
1 779 885 78
1 437 744 68
1 208 845 2
1 76 288 53
2 548 819 11018
2 430 644 27950
2 173 613 11394
2 293 486 7983
2 499 942 26770
1 66 374 59
2 33 217 819
2 41 984 19301
2 125 395 21535
2 236 405 3248
2 123 655 25940
1 843 995 26
1 446 737 5
1 272 471 30
1 615 733 25
1 365 792 26
1 663 895 78
2 752 947 29990
1 259 930 39
2 146 164 7963
1 554 968 31
1 184 387 61
2 93 679 26051
1 241 385 9
2 617 678 29732
1 359 944 11
2 680 937 4179
2 51 380 17685
2 227 419 5427
2 808 943 3783
1 154 938 6
1 613 834 17
2 211 679 21348
1 135 523 76
2 299 512 27855
2 246 950 29341
2 160 529 15389
1 421 646 24
2 302 932 28038
1 332 458 15
1 27 227 91
1 350 767 41
1 108 161 99
1 685 860 3
2 256 882 12282
2 433 811 20466
1 224 246 34
2 318 852 22250
1 29 617 96
2 639 943 4513
1 43 396 25
1 638 732 66
1 246 781 14
2 31 732 24014
1 420 601 26
1 58 594 99
1 680 997 8
2 112 800 25264
1 401 716 11
1 289 625 19
2 228 315 17196
2 328 925 7867
1 79 586 15
2 10 445 3094
2 402 909 12711
1 724 782 51
2 497 956 30117
2 426 942 2405
1 535 885 85
2 630 863 10079
1 26 294 13
1 196 750 58
1 418 437 96
1 849 875 26
1 133 812 72
2 726 949 20361
1 352 593 8
2 338 874 4194
2 550 910 10971
1 851 988 71
2 115 456 4127
2 31 636 8660
1 80 761 15
2 795 930 26410
1 955 997 70
1 570 921 17
1 17 494 14
1 579 827 70
1 115 554 13
2 249 740 32354
2 235 905 12259
2 528 631 16369
1 527 702 78
2 457 502 31272
2 516 528 18341
2 290 769 29119
2 49 458 20434
1 411 684 59
2 167 421 4356
1 331 443 45
2 675 835 19117
2 3 390 16442
2 380 801 14725
1 40 927 33
1 312 888 41
1 391 749 24
2 500 983 17133
2 77 829 1936
2 84 598 31679
2 657 867 29004
1 337 460 14
2 215 232 7357
2 440 967 12799
2 619 808 20417
1 395 480 23
1 80 768 63
1 499 876 59
2 414 817 14853
2 126 389 13827
1 611 753 59
2 498 638 5608
1 303 909 65
1 306 654 69
2 83 362 29604
2 63 920 23834
2 87 259 19214
2 158 947 18160
1 470 665 26
2 68 285 14311
1 491 806 84
1 207 881 84
2 507 977 10495
1 275 960 79
1 54 188 98
1 442 852 82
1 605 726 42
1 842 920 24
1 178 661 20
2 32 724 7560
2 254 658 4463
2 55 366 11551
2 210 443 7342
2 586 767 23537
1 144 319 44
1 642 787 4
1 416 924 66
2 257 955 26292
1 156 860 93
1 84 88 9
1 883 974 42
2 179 927 32340
2 384 816 5496
1 185 978 51
1 80 576 49
2 784 870 30616
2 51 990 11825
1 320 556 22
1 194 890 13
1 323 602 48
1 210 749 17
1 570 952 68
2 124 266 16447
1 493 538 77
1 147 431 90
1 604 864 98
1 87 428 31
2 558 775 15529
2 916 992 25252
2 258 763 29868
1 499 798 64
1 569 670 95
2 95 873 22312
1 651 784 20
1 180 296 98
1 543 861 18
2 786 975 32500
1 190 926 70
1 357 524 61
2 571 957 5161
2 418 883 15836
2 133 679 1545
2 182 664 27167
1 50 511 63
2 333 657 4086
2 255 964 15735
1 281 316 58
1 96 200 76
2 167 858 22934
1 296 687 4
1 128 928 21
1 153 624 17
2 555 850 14162
2 324 369 3531
1 72 974 30
1 24 67 11
2 226 700 19965
2 818 866 31034
2 537 548 12962
1 10 564 40
1 473 704 31
1 112 534 33
1 615 773 41
1 529 679 83
1 139 810 82
2 154 650 22746
1 277 787 54
2 883 941 13867
1 157 666 25
2 554 584 6421
2 530 592 12253
2 444 656 22312
2 56 728 25461
1 647 726 61
1 173 696 14
2 263 292 20307
1 197 811 97
2 192 391 29789
1 29 79 43
2 817 944 14193
2 426 447 24533
2 178 204 29938
1 123 610 54
2 861 873 3207
2 855 893 24927
1 195 941 94
2 373 569 20718
1 815 925 31
1 500 507 22
2 148 214 7610
2 436 795 18273
1 471 818 60
2 660 753 32082
2 352 962 25847
2 789 797 7972
2 18 720 27533
1 15 317 9
1 714 885 21
2 47 849 427
2 396 495 7093
2 52 67 19855
2 184 190 12954
1 456 486 93
2 222 977 31151
1 749 783 66
2 288 644 12682
2 483 921 15902
1 280 283 48
2 97 432 4030
1 476 849 3
2 231 431 3122
1 98 426 11
2 879 977 10988
2 141 203 8418
1 39 549 0
2 285 392 23798
1 87 777 14
2 578 953 851
2 130 423 3163
2 507 951 19943
1 10 286 28
1 106 265 24
1 411 613 49
1 494 863 65
2 738 950 29839
2 556 944 22201
1 85 483 39
2 256 846 26187
2 719 869 13161
1 640 858 5
1 369 875 74
2 716 959 2441
1 195 328 58
1 3 93 59
2 864 947 12599
1 22 482 56
1 412 415 56
1 336 826 36
1 489 636 14
1 689 769 61
1 10 819 87
1 431 893 38
2 435 903 20282
2 505 954 16238
1 238 618 36
2 171 577 28538
2 159 540 32675
1 7 69 30
1 8 20 25
1 85 665 28
2 294 458 19585
2 231 488 27260
1 91 574 18
1 7 184 67
1 139 405 10
1 209 642 32
1 111 972 37
2 328 553 9957
2 44 565 28595
1 428 549 22
2 858 936 3206
1 490 685 58
2 169 817 4273
2 318 938 18853
2 557 954 22670
1 251 927 97
2 216 394 889
1 39 448 70
1 378 963 31
2 735 803 23983
1 140 370 36
2 729 787 32692
1 229 953 1
1 271 583 55
1 355 856 39
1 144 699 85
2 416 525 14246
2 156 511 27323
1 52 889 63
2 167 439 4015
2 433 878 25630
2 328 938 26751
2 46 571 15200
2 637 956 8090
1 185 605 62
2 377 915 22066
2 278 581 7540
2 515 529 703
2 223 443 18644
2 41 888 24442
1 889 891 57
1 263 576 51
1 280 549 80
1 525 979 8
2 57 739 27882
2 11 497 9739
1 758 803 91
2 756 942 28828
1 476 733 17
1 492 533 36
1 240 508 59
1 254 883 15
1 95 334 87
2 417 999 2748
2 678 986 24677
1 7 783 80
1 103 651 45
2 604 746 24462
1 64 327 84
1 218 957 34
2 349 638 8851
1 9 536 29
2 30 764 29327
1 638 721 47
1 81 140 60
2 612 750 14145
2 817 929 32527
2 674 681 9047
2 357 892 19992
1 446 568 23
1 153 563 96
1 668 852 80
2 241 922 9511
2 658 902 1212
1 1 960 83
2 152 210 11578
1 101 246 47
2 409 494 26809
2 594 750 28657
2 290 641 8644
1 338 947 66
1 549 842 32
2 257 467 676
2 904 927 23161
1 224 934 51
1 66 961 8
1 196 754 13
2 52 554 30206
2 188 455 22952
1 149 505 12
1 95 781 20
1 640 909 97
2 133 380 1857
1 377 788 16
1 623 726 86
1 476 825 7
2 399 639 19785
1 74 224 1
1 788 822 80
1 181 670 5
2 46 144 20148
2 65 373 31968
1 425 481 92
2 100 830 12767
1 900 926 42
2 398 820 16287
2 592 677 4851
2 5 416 29666
2 766 949 8390
1 124 194 73
1 546 793 68
1 247 506 41
2 98 216 14487
2 752 910 23901
2 827 915 7251
1 397 899 11
1 170 206 79
1 52 577 14
2 319 396 30246
2 417 561 8025
2 425 926 10643
2 192 241 26579
1 482 793 20
2 264 798 19574
2 148 846 23400
2 151 192 7784
1 224 427 9
1 363 406 29
1 739 806 91
1 286 588 66
2 181 675 19691
1 118 737 63
2 199 552 18761
2 33 952 12446
2 11 101 31670
1 397 437 94
2 85 965 3967
1 540 944 82
1 187 442 52
2 375 784 18995
1 779 999 61
2 59 769 18673
2 261 356 25528
2 602 832 27343
1 321 448 66
2 228 287 20250
1 518 566 50
2 252 558 30694
1 345 608 57
2 75 617 10377
2 259 573 13676
1 317 864 34
1 129 428 40
1 216 543 71
1 174 489 21
1 494 699 55
2 10 894 18696
2 123 831 21645
2 529 645 4730
1 113 122 35
1 704 713 30
1 211 557 52
2 301 458 22495
2 415 828 17851
1 415 797 83
2 721 812 5670
1 165 445 29
1 283 622 55
2 7 499 12672
1 77 362 74
2 557 756 8653
2 270 580 14893
1 61 148 46
1 156 750 55
2 263 792 2369
1 262 990 10
2 67 259 24221
1 106 513 25
1 881 935 42
1 69 974 34
1 5 962 36
1 69 226 73
1 629 749 8
1 528 962 55
1 259 473 58
2 91 817 10300
1 376 936 24
2 22 591 20202
1 134 587 65
1 320 352 7
2 695 899 9551
1 237 338 55
1 534 794 22
1 610 641 35
2 682 909 2091
2 216 876 23428
1 290 757 98
2 93 866 30582
2 318 754 16373
1 381 439 45
2 80 591 32442
2 441 511 3708
2 682 715 1024
1 283 484 20
2 413 466 6427
1 333 698 25
2 69 659 995
1 398 486 38
2 66 794 15670
2 180 672 11568
2 231 388 14195
2 195 678 1527
1 634 858 67
2 171 341 23977
2 243 984 11972
1 167 413 17
2 175 379 19117
1 529 625 42
1 208 693 31
2 417 779 10273
1 38 480 23
1 469 702 14
1 600 787 74
1 364 701 79
1 813 941 84
2 106 298 4492
2 116 917 18385
1 383 490 85
2 444 489 14559
2 79 458 7823
2 383 594 17401
1 109 744 88
2 703 913 8494
2 47 854 10626
1 474 684 0
2 149 838 3868
2 918 949 3626
1 8 469 97
2 512 797 15774
2 299 304 12083
1 116 529 31
1 449 840 57
1 667 899 45
2 398 977 28734
1 232 772 36
2 193 224 4967
1 311 744 73
1 343 583 81
2 50 645 18301
2 394 779 28873
2 245 657 15076
1 185 836 97
1 112 457 58
2 837 891 5810
1 269 759 33
1 265 316 69
2 565 804 10166
1 412 686 65
1 535 820 8
1 665 797 52
2 70 671 16216
2 290 448 21873
1 502 694 83
2 494 585 7944
2 501 722 17114
1 655 903 5
1 622 845 81
1 148 238 65
2 10 840 28593
1 619 897 77
2 887 989 8307
2 642 840 12241
1 487 871 90
1 108 700 35
2 106 426 17392
2 284 539 21677
1 386 391 62
1 538 548 54
1 447 690 11
2 701 899 24905
2 137 496 22662
1 495 747 68
1 639 949 61
1 251 710 99
1 259 490 86
2 1 20 11771
2 1 390 16998
1 90 305 51
1 49 401 89
2 23 785 27599
2 459 575 7463
2 755 982 18388
1 184 364 54
1 141 900 41
2 139 868 8654
1 458 916 41
2 118 643 3519
1 228 376 22
2 642 960 3503
1 13 223 71
2 258 442 26546
1 247 978 79
2 44 460 5728
1 729 871 4
2 304 969 32598
2 86 594 17109
2 211 781 14772
2 283 808 15685
1 301 386 61
1 48 744 46
2 662 882 3523
2 58 425 25882
2 101 939 10183
2 781 850 4473
2 255 986 4319
1 190 302 5
2 479 657 10559
2 109 608 5773
2 303 647 31135
2 742 841 1619
2 335 733 27069
2 599 811 32702
1 50 694 52
2 1 170 17984
1 794 833 93
2 278 444 6801
1 156 930 82
2 63 150 10538
1 194 313 30
2 479 830 2251
2 478 562 4934
1 278 336 78
1 708 784 35
1 814 865 9
2 220 446 2406
1 571 658 0
1 226 639 38
1 69 112 93
1 778 842 54
2 566 891 13318
1 691 716 84
2 108 306 6486
2 587 771 9375
1 821 824 73
1 5 191 86
1 253 968 31
1 217 713 23
1 274 414 45
1 262 341 29
2 370 526 6760
1 312 870 46
1 242 780 0
2 527 974 12758
1 404 773 50
2 189 770 10210
1 713 724 2
2 515 541 17050
1 242 611 66
1 90 413 66
2 171 298 7129
2 415 522 18229
2 427 523 9205
1 287 763 42
1 71 325 46
1 172 331 81
2 169 784 28081
2 81 755 25477
2 381 864 31521
2 889 918 6664
2 274 913 13893
1 629 665 4
2 226 768 17136
2 48 367 24553
2 288 735 24120
2 586 665 15636
1 207 357 4
1 60 110 86
1 321 562 18
2 104 829 23103
2 536 886 26141
2 287 537 22948
1 66 968 8
1 429 532 33
2 416 569 10117
2 87 537 30376
2 87 901 26423
1 353 605 4
1 828 985 69
2 550 760 29943
1 255 654 44
1 176 961 12
2 375 844 25841
1 371 554 1
1 520 682 61
1 599 912 63
2 279 774 24703
2 143 860 31369
1 619 702 33
2 835 857 3773
2 173 752 9059
2 511 668 27894
2 280 691 27723
2 141 945 20759
2 151 428 29699
1 674 708 83
2 347 549 16355
2 318 977 16675
1 26 688 68
2 680 758 12003
1 295 997 10
2 415 509 25397
2 168 606 1355
2 131 345 31500
1 856 946 61
2 96 467 29666
1 277 471 68
2 77 634 25139
1 363 553 61
1 207 606 36
2 78 696 23676
1 141 521 89
1 579 787 48
1 357 505 19
2 747 790 3698
2 322 424 7567
1 32 707 25
1 137 162 97
2 442 823 1473
1 483 989 81
2 583 877 20747
2 148 561 29966
1 157 983 10
1 65 187 46
1 631 778 90
2 332 740 19519
2 726 757 20800
2 111 675 22293
2 553 554 2135
1 580 989 58
1 78 492 26
2 502 977 6921
1 498 627 83
2 295 481 26371
1 123 891 81
1 184 647 69
2 207 873 11695
2 239 423 28544
2 348 837 16475
1 759 877 99
1 413 622 8
1 253 746 8
2 140 653 25485
1 120 669 76
1 23 679 16
2 64 488 10455
1 340 558 96
1 531 743 9
2 73 164 29611
1 249 837 12
2 738 767 7852
2 170 416 20171
1 309 336 29
2 4 755 120
1 422 745 98
1 43 59 71
2 231 546 17137
2 27 502 29120
2 769 816 25765
1 468 634 69
1 564 968 3
1 385 562 22
2 17 390 28504
1 865 901 92
1 824 831 49
2 842 923 20394
2 408 812 22945
2 160 607 8775
2 561 578 686
1 177 756 34
1 509 863 68
2 198 480 21876
2 652 968 30577
1 183 809 54
2 373 774 26055
2 5 358 27620
2 216 970 22429
2 316 969 14756
2 86 691 10926
2 62 726 24780
2 116 853 12025
2 62 287 8943
2 675 971 13632
2 202 813 16289
2 142 806 11657
2 199 920 6907
2 528 554 21919
2 495 506 29720
1 408 542 10
2 217 910 11162
2 683 875 14387
2 392 812 6694
1 243 404 5
1 358 545 35
2 486 611 13727
1 4 170 67
1 213 546 16
2 60 509 1835
1 52 217 5
1 638 921 70
1 233 622 46
1 33 219 42
2 106 477 8405
1 853 854 86
1 91 857 6
2 129 138 2377
2 503 805 27945
2 20 41 27174
1 46 452 95
2 122 811 26889
1 248 402 50
1 376 982 65
1 225 587 80
2 174 587 2460
1 300 467 73
1 134 303 89
2 662 984 25141
2 705 958 11927
2 192 568 17798
1 520 910 79
1 176 225 16
1 624 722 49
2 89 789 21994
1 272 295 88
2 273 652 11880
1 39 73 98
1 291 430 91
2 258 917 26832
1 853 858 27
2 97 564 30596
1 250 379 90
1 151 930 70
1 635 669 15
2 13 679 9966
2 655 838 17648
1 413 590 49
2 551 941 23108
1 100 797 44
1 252 702 49
1 69 689 20
2 50 860 15291
2 344 828 8456
1 688 902 27
1 336 726 14
1 287 953 85
1 162 638 98
2 14 325 866
1 385 742 85
2 360 454 21291
2 95 773 9548
2 200 473 24661
2 544 715 21366
2 263 543 25966
1 157 901 14
2 397 621 18378
2 191 476 31002
2 386 654 30208
2 269 780 8545
1 83 465 21
2 360 889 4570
1 820 965 28
1 100 615 43
2 560 620 9493
1 449 559 27
2 116 446 31073
2 221 908 1776
2 121 658 6387
1 69 568 50
2 218 910 27259
2 801 959 25825
1 125 234 62
1 315 814 47
1 73 427 27
1 31 446 60
1 206 270 17
1 370 603 12
2 166 565 20250
1 28 111 89
1 62 776 9
1 107 852 67
2 498 829 19049
2 586 621 26906
2 809 888 12301
2 523 643 699
1 481 960 70
2 208 533 30527
1 287 370 0
1 486 890 54
1 358 712 28
2 481 909 23813
1 309 949 43
1 161 908 69
1 164 296 26
2 79 329 10946
2 820 976 29240
1 274 540 61
1 127 972 60
1 334 904 6
2 150 765 9952
1 153 732 71
1 132 999 35
2 153 977 10419
2 162 435 1607
2 77 970 13503
2 382 957 28412
1 232 290 1
1 55 524 12
1 525 843 48
2 235 920 19084
2 684 767 30905
1 91 650 25
1 533 875 49
2 540 721 4593
2 8 350 25601
1 215 696 46
1 346 878 65
2 137 245 29038
2 204 662 9853
2 569 696 20486
2 367 607 17395
2 800 888 22922
2 187 622 27202
1 368 954 18
1 334 974 77
1 148 457 33
1 113 298 6
2 224 730 10757
2 267 509 13856
2 653 942 15088
1 328 768 26
2 589 984 30902
2 318 905 22333
2 479 895 14980
2 618 663 24029
2 348 397 1614
2 52 340 7908
2 241 464 28490
1 445 539 46
2 269 905 1139
1 207 516 68
1 84 107 32
2 347 670 4810
1 498 623 42
2 226 924 18153
2 146 943 29633
2 292 698 1
1 686 700 88
1 598 713 11
2 336 563 27580
1 557 753 64
1 257 663 29
1 579 753 44
1 46 326 29
2 709 872 13081
2 893 925 4139
2 471 972 1614
1 61 438 57
2 88 916 14692
2 632 895 22138
1 91 678 96
2 355 969 13733
2 423 552 23434
2 443 990 6260
1 538 987 20
1 523 614 70
2 343 546 28257
1 22 854 42
1 566 866 15
2 112 360 16738
1 282 655 33
1 55 884 60
1 25 84 93
2 195 716 9868
1 158 748 76
1 382 473 52
2 315 345 6293
1 579 907 11
2 63 522 10010
2 479 520 16555
2 210 889 1759
1 22 850 39
2 518 832 25092
2 98 400 8421
2 742 985 19119
1 246 745 29
1 720 863 84
2 42 579 232
1 314 836 31
1 30 986 42
1 402 657 38
1 107 682 9
2 273 391 17401
1 335 825 39
2 41 112 16368
1 772 994 24
2 5 263 2716
1 66 224 49
1 214 215 70
1 523 544 83
1 530 919 6
2 259 457 12098
2 700 955 14329
2 293 854 26734
1 211 392 8
1 82 112 38
2 581 616 29303
2 51 364 22983
1 58 555 91
2 427 502 11837
2 872 940 17228
2 659 963 18439
1 629 633 59
2 654 719 15090
1 697 960 73
1 119 152 58
2 249 984 23939
2 352 474 22461
1 628 859 80
1 223 581 58
2 411 691 29282
1 184 646 32
1 423 630 46
1 105 512 64
2 61 679 2587
1 18 561 14
1 645 655 94
2 12 638 27052
2 130 993 32609
1 214 296 61
2 880 893 18803
2 479 912 31064
2 355 759 7466
1 739 970 47
1 78 337 2
2 196 877 31753
1 559 721 31
1 841 868 84
1 480 483 91
2 109 570 17827
2 160 323 3929
1 113 978 89
2 533 817 16023
1 568 965 0
2 37 44 31465
1 697 782 79
1 766 944 76
2 482 832 2664
2 33 694 23888
2 124 625 2571
2 311 460 5938
1 39 604 10
2 298 476 25282
1 564 653 2
1 65 594 82
1 375 709 96
1 702 770 74
2 194 261 1402
1 59 837 50
1 253 905 70
2 127 641 26847
1 304 568 47
1 356 845 26
2 522 602 4611
2 450 452 4915
2 620 909 1629
2 29 661 25020
2 816 975 24077
2 227 990 21479
2 259 678 847
1 163 316 12
2 676 844 2344
1 206 740 61
1 380 869 9
2 813 859 763
1 508 698 98
2 730 891 28291
1 613 851 49
2 251 330 6635
1 753 952 36
2 483 996 29717
1 330 506 70
1 31 877 92
1 175 237 14
1 123 718 83
1 233 820 30
1 368 985 51
1 762 904 98
2 125 609 26314
2 15 47 24915
1 700 913 34
2 635 930 27272
2 408 870 28950
2 305 543 27385
2 453 931 2538
1 535 606 19
2 236 254 30006
1 163 887 21
2 638 719 18050
2 446 534 6265
1 167 518 5
2 554 996 2808
2 468 951 9429
2 284 329 11862
1 166 708 37
1 238 439 7
2 592 663 31352
2 343 375 28561
1 60 709 91
2 340 865 27207
2 582 765 25919
2 26 293 23696
2 206 763 19412
1 328 432 66
2 230 343 6975
1 32 954 95
1 18 563 5
1 758 853 59
2 401 408 15054
2 309 533 26796
1 343 458 23
1 531 546 93
1 47 882 84
1 858 889 84
1 342 385 2
2 433 486 30584
1 814 986 42
1 781 935 47
2 117 234 27953
1 717 831 65
1 826 863 30
1 19 93 47
2 752 809 9227
1 515 908 41
2 250 411 30716
1 531 903 73
2 68 279 18442
1 102 148 93
2 17 955 3854
2 7 933 20113
1 200 789 84
2 259 715 23499
1 320 561 28
1 264 363 5
2 748 921 3724
1 118 681 34
2 522 919 31659
2 207 235 13250
2 408 656 5432
1 687 882 97
1 828 875 57
2 282 997 8984
1 579 969 21
1 449 526 48
2 628 689 13666
2 132 647 27400
2 318 472 1455
2 697 858 8320
1 167 356 8
2 724 804 16121
1 509 851 9
1 486 611 70
2 257 307 16859
2 554 707 16014
1 210 513 30
1 354 879 55
1 605 672 4
2 544 715 17837
2 374 863 25229
1 658 781 45
2 548 750 10941
1 6 343 82
2 186 978 10153
2 25 823 3799
1 728 931 98
1 681 825 59
2 7 850 26172
1 54 374 20
1 70 919 77
2 61 593 14069
2 673 896 21116
1 202 597 24
2 113 200 24398
1 383 475 88
1 36 415 92
1 384 445 56
2 12 840 19550
1 824 910 46
1 81 463 29
2 322 712 12305
1 20 607 67
2 423 824 4168
1 369 625 94
1 191 382 48
1 661 791 73
1 722 781 26
2 241 799 26899
2 702 950 26663
1 262 882 29
1 231 329 14
2 74 146 12680
1 35 692 37
2 51 659 14213
1 187 434 28
1 55 110 52
2 43 58 19821
1 3 355 97
1 78 955 14
2 124 482 31974
2 13 905 1367
2 235 655 2895
1 178 918 13
1 169 601 40
1 131 845 80
1 193 315 75
2 80 571 20970
1 93 289 87
1 417 900 93
1 112 896 2
1 261 630 49
1 623 637 72
1 140 890 15
1 320 667 90
1 6 745 15
2 275 651 31992
2 806 841 608
1 93 940 39
1 78 637 43
2 8 585 24684
2 191 566 16371
2 942 994 1159
1 361 454 64
2 646 923 24317
2 445 938 13547
2 185 696 8038
2 270 760 27911
2 175 493 95
1 76 132 72
1 493 956 93
1 183 299 35
2 56 135 31881
2 446 501 2651
1 139 480 18
2 21 624 14742
1 108 234 90
1 283 694 77
2 868 898 18225
1 37 499 20
2 203 217 13892
2 209 704 6103
1 516 546 92
1 710 810 68
1 313 505 73
1 43 773 58
2 316 762 25511
1 364 549 88
2 275 958 28888
1 198 603 60
2 624 955 27995
2 184 985 18624
2 622 829 29438
1 558 664 25
2 15 115 6930
1 222 276 47
1 25 139 54
1 53 832 17
2 615 872 19552
1 139 711 23
2 156 791 8272
1 301 741 27
2 210 401 10523
1 201 525 76
2 183 503 3877
1 488 503 15
1 468 583 14
1 588 986 17
2 56 702 23453
1 269 807 91
2 237 725 19817
1 331 853 99
2 238 397 20526
2 420 668 29030
2 822 866 7654
1 272 828 97
1 528 761 14
1 783 886 46
1 211 366 65
2 98 111 22314
1 434 753 32
2 79 425 8313
1 249 918 72
1 284 658 31
2 100 795 19146
1 92 232 67
1 262 736 10
1 123 758 55
1 883 988 81
2 180 727 6793
2 202 800 10355
2 137 821 20792
1 175 904 66
1 517 565 0
2 166 548 30853
1 46 796 34
2 291 878 24249
1 372 551 69
2 11 252 7616
1 136 822 96
2 130 566 1477
1 645 901 97
2 258 913 17017
2 157 917 32536
2 459 648 29073
1 7 117 82
2 587 975 18758
1 147 958 62
2 381 968 20180
1 542 724 56
2 16 941 7419
2 58 455 284
1 99 967 77
1 81 552 11
2 245 826 174
2 308 999 9455
2 52 743 4558
2 157 177 32142
2 247 570 24499
2 565 879 10515
2 746 828 16944
1 283 441 49
1 410 693 83
2 164 463 8110
1 402 934 92
1 135 667 97
1 26 813 84
1 232 873 1
2 553 560 5447
2 373 646 9756
1 122 205 94
2 133 541 18972
1 111 518 50
1 473 794 41
2 108 559 4195
2 60 619 12153
2 327 782 17517
1 531 760 3
1 55 503 3
1 229 380 57
2 186 889 13523
2 601 676 7662
2 352 543 16811
1 219 483 96
2 58 486 25675
2 42 222 15799
2 21 144 4669
2 194 748 2724
2 538 692 29195
2 229 901 17791
1 130 730 33
2 102 958 17289
1 187 958 65
2 529 880 18763
2 100 363 5604
1 35 500 5
2 286 912 18040
2 224 851 20832
1 251 406 52
1 221 368 37
1 19 774 58
1 166 986 20
2 107 812 31581
2 240 755 18374
2 549 684 4288
1 359 950 98
2 435 892 8485
2 454 618 22148
1 11 506 78
2 54 211 13769
1 233 518 92
1 352 534 8
2 186 553 13195
2 327 855 9909
2 4 258 9139
1 206 244 73
2 3 92 29710
2 116 555 1283
1 295 430 24
2 391 928 8898
2 631 840 5506
1 729 859 24
1 177 427 80
2 404 600 6568
2 468 989 2394
2 160 881 29977
1 422 735 54
1 192 361 70
1 639 895 24
2 334 644 26412
2 140 904 17625
1 101 268 2
2 90 995 24397
2 16 585 10036
2 420 696 146
1 318 679 60
1 492 690 10
1 343 608 12
2 319 706 24256
2 458 475 32311
2 657 746 9872
2 534 987 124
2 240 777 18427
1 728 886 9
2 23 196 29948
2 181 470 7173
2 124 813 11541
1 600 830 74
1 65 131 67
2 373 555 10776
2 511 914 22309
2 448 867 30536
2 83 515 9777
1 501 880 86
2 275 449 14207
2 396 752 13680
2 334 654 24485
2 150 741 4401
2 84 578 14265
2 4 755 29831
2 409 416 21466
2 10 777 3712
1 27 648 71
1 596 924 89
1 577 684 18
2 582 655 26350
1 205 785 59
2 232 523 29523
1 155 798 2
1 310 754 91
1 135 501 9
1 293 640 36
1 43 403 19
1 391 945 12
2 245 585 10174
2 395 673 2519
1 759 827 98
2 428 537 18398
1 183 811 84
1 108 415 29
1 480 637 32
2 305 607 30454
1 333 610 91
1 471 733 64
1 459 822 94
2 480 904 17286
2 208 486 24352
1 79 893 17
1 6 205 52
2 88 749 26513
1 691 960 41
2 396 630 10913
2 6 535 2081
2 642 930 4446
2 681 944 5326
1 413 506 92
2 507 893 15672
1 130 407 69
2 727 892 18885
1 302 842 24
2 270 948 24547
1 117 809 47
2 531 901 2178
1 226 523 17
1 391 526 71
2 243 938 24509
1 133 931 71
1 90 630 65
2 493 826 26633
1 266 928 60
2 183 924 24035
2 646 949 24129
2 475 867 11054
1 266 630 26
1 331 421 38
2 204 857 32145
2 26 372 14139
2 129 345 7066
1 73 316 14
2 108 840 26107
1 15 587 17
2 463 490 16955
2 138 263 24050
1 33 198 12
1 716 843 56
1 220 993 89
2 114 657 20559
1 257 781 4
1 53 124 11
1 54 122 5
1 48 229 28
1 28 413 89
2 170 484 6497
1 188 423 88
1 583 710 1
2 80 774 23879
1 370 924 44
1 181 355 23
1 254 742 84
2 262 783 7773
1 486 605 69
1 69 945 35
1 851 900 64
2 63 667 14633
2 237 302 30421
2 56 902 12302
1 638 887 85
1 327 435 35
1 387 836 65
1 14 909 71
1 47 437 29
1 250 701 74
1 175 858 62
2 328 986 27437
1 578 606 92
1 472 976 20
1 21 333 41
1 291 692 16
1 337 646 68
2 190 565 15917
2 596 865 32518
2 210 218 6865
1 209 828 89
2 310 804 17211
1 759 777 72
1 295 699 26
2 9 483 23976
1 61 863 51
1 36 417 26
1 388 484 34
2 79 421 13215
1 632 889 37
1 576 801 58
1 361 741 67
2 174 428 9238
1 31 766 71
1 796 986 49
1 295 875 59
1 294 448 34
1 504 877 30
2 170 661 29993
1 86 722 78
2 22 33 16665
1 534 723 14
1 100 883 40
1 345 849 69
2 201 677 22671
2 89 464 9829
2 712 887 21322
1 202 955 5
1 165 377 90
1 318 824 59
1 189 545 79
2 683 885 18863
2 44 731 2702
2 682 765 9051
1 301 439 88
1 790 957 36
1 840 863 72
2 40 395 11423
2 386 478 14765
2 461 604 15682
2 205 646 26566
2 221 603 14983
1 35 619 52
1 153 979 33
1 308 627 92
1 702 971 66
1 765 986 91
1 360 448 73
2 560 911 17888
1 397 996 54
1 236 861 69
2 319 884 14861
2 810 965 15390
1 769 972 19
2 201 726 6704
2 693 976 20461
1 96 659 87
2 233 586 25635
1 721 852 17
1 584 826 66
2 408 510 18661
2 53 423 5923
2 305 962 29881
1 295 978 6
2 222 546 28504
1 3 505 35
2 856 881 28464
1 377 776 96
1 662 741 26
2 271 790 10825
2 521 884 81
2 468 923 23979
1 743 982 39
1 388 436 37
1 346 448 36
2 56 122 29475
1 161 464 96
2 689 744 29913
2 101 818 20897
1 83 465 57
2 294 301 1079
1 7 667 2
1 48 49 82
2 72 112 16966
2 823 899 5372
1 776 901 49
2 691 846 336
1 328 486 23
2 697 796 30608
1 670 852 62
2 245 904 25944
2 516 701 6841
2 80 909 27081
1 208 424 35
1 182 757 71
2 249 567 4038
2 360 529 16828
2 739 837 18388
2 516 690 9618
1 113 767 81
1 694 772 4
1 419 858 15
2 561 593 29294
1 285 640 33
1 473 722 0
2 205 793 11861
2 304 969 21328
1 286 431 70
1 455 890 49
2 20 133 14438
2 171 989 31020
1 242 622 49
2 529 654 9511
2 379 719 10868
1 636 868 17
1 218 806 67
2 475 694 13747
2 182 960 24164
2 382 507 26858
1 169 336 65
1 822 943 2
1 265 473 38
2 72 730 5621
2 439 817 21709
2 192 237 19718
2 194 489 188
2 108 313 28239
1 561 912 2
2 4 608 27576
1 480 644 38
1 64 558 69
1 862 942 35
1 170 197 76
1 411 548 19
2 407 973 14852
1 357 383 56
2 198 741 24787
2 540 883 25113
1 466 902 45
2 52 569 14794
1 93 280 54
1 316 590 68
1 35 517 76
1 243 388 62
2 255 656 4783
1 947 994 11
1 759 835 56
1 615 786 9
1 14 777 15
2 474 736 3956
2 88 374 31484
1 189 826 97
2 350 698 2805
1 462 678 23
1 413 793 35
1 393 604 77
2 154 160 23709
1 225 881 10
1 186 802 0
1 475 843 76
1 784 830 49
1 145 885 46
1 239 419 69
1 314 888 34
1 78 701 8
1 462 719 99
1 273 889 75
2 360 553 20124
2 48 182 2398
2 436 936 18887
2 557 595 3707
2 569 997 491
2 191 192 15913
1 120 449 63
1 146 220 54
1 183 940 72
1 94 763 33
2 702 775 123
1 60 784 52
2 116 673 24869
1 321 742 80
2 315 440 24621
1 305 818 68
1 107 314 61
1 393 622 53
1 33 173 9
1 354 683 33
2 625 891 14223
1 392 524 52
2 114 462 19193
1 729 788 6
2 310 918 5067
1 688 882 83
2 722 843 3870
2 279 709 25102
1 452 495 22
1 303 877 69
1 423 794 12
2 373 603 29083
2 634 685 28713
1 686 855 39
2 276 845 28510
2 545 754 28966
1 649 981 5
1 286 962 93
2 68 746 7682
2 737 941 22436
2 690 726 23323
1 255 837 28
2 197 385 22300
1 604 920 26
2 332 730 14721
2 183 479 27373
2 541 711 23183
1 166 388 60
1 843 951 35
2 578 763 25278
2 395 810 29824
1 278 293 5
1 716 775 58
1 503 809 52
1 95 272 97
1 732 950 8
2 170 305 21854
1 111 644 79
2 20 787 14771
2 445 644 13652
1 18 100 43
2 458 785 96
2 506 837 2687
1 317 576 24
2 66 366 19199
1 27 524 8
2 129 415 23773
2 7 880 25738
2 103 182 19912
2 218 427 9529
2 100 219 27187
2 411 953 31507
1 572 616 24
1 552 741 68
2 85 444 22565
1 631 884 92
1 76 619 10
2 348 911 20232
1 336 441 1
2 18 609 21514
1 186 428 61
1 31 472 16
2 56 563 27060
1 25 457 65
1 88 508 89
2 307 873 14709
2 712 842 17883
1 231 528 60
1 298 639 79
1 282 761 39
1 191 638 42
2 635 802 22738
1 46 137 36
1 482 963 55
2 510 526 17950
1 519 672 86
2 208 919 10526
2 708 824 20375
2 850 866 7238
2 374 614 4775
1 146 861 88
2 571 879 21191
1 78 280 69
1 242 658 51
2 291 818 12885
1 600 737 88
2 538 855 3480
1 284 406 3
1 561 603 81
1 392 940 24
2 2 3 29773
1 522 694 12
2 280 873 20617
2 334 640 20204
1 171 750 77
2 858 984 9435
2 550 953 30262
2 13 377 7791
1 566 647 9
1 696 726 45
1 358 728 21
2 209 701 23964
2 65 642 10009
2 95 811 30346
1 1 821 83
2 412 847 22216
1 76 693 27
2 352 390 24585
1 23 657 38
2 511 850 3206
1 42 673 31
1 640 840 97
1 682 788 9
2 233 702 2478
1 64 741 87
2 114 645 988
2 309 747 26783
2 608 887 12626
1 245 807 72
2 54 667 30812
2 145 799 14540
1 83 275 85
1 288 922 54
2 345 856 4208
1 412 676 45
1 271 360 40
1 167 216 3
2 641 891 14798
1 126 365 51
1 235 984 34
2 90 329 16736
1 6 541 14
1 651 948 20
2 103 927 18222
1 623 892 33
1 434 535 59
2 144 966 21259
1 311 451 77
2 197 420 20312
1 144 680 73
1 224 740 43
1 549 963 7
2 57 753 14546
2 290 745 18188
2 443 906 27288
2 559 818 13293
2 816 920 22971
1 235 582 71
2 16 88 2226
2 192 854 7281
2 755 824 15801
1 496 788 1
2 402 905 333
2 56 151 15983
1 310 359 40
2 145 906 4952
2 257 435 2155
2 362 782 8061
2 627 855 31430
1 36 787 5
2 217 416 18002
2 557 985 3438
2 451 994 22624
1 178 229 21
1 334 418 19
2 301 577 28250
1 77 453 39
1 68 235 97
1 183 338 72
2 386 641 4243
1 134 719 31
2 194 719 20570
2 424 633 15153
1 60 402 8
1 415 467 41
1 594 736 32
1 923 998 31
1 113 339 38
2 718 909 20112
1 223 326 82
2 436 892 23695
2 301 560 14889
1 444 806 59
2 823 834 25391
1 349 784 70
1 157 999 18
1 79 376 23
1 787 858 98
1 677 764 25
1 441 955 35
2 351 743 1950
1 887 903 42
2 40 964 9390
1 79 557 8
2 424 545 3465
1 19 859 49
2 174 444 264
2 287 644 15646
2 185 440 7621
2 208 975 20744
2 85 645 24734
2 265 865 27583
1 405 751 10
2 130 950 11192
2 634 797 2676
2 131 951 32747
2 165 238 5378
1 592 648 49
2 420 840 31183
2 26 806 2680
1 458 495 69
2 210 220 27606
1 384 420 28
2 329 890 29818
1 204 935 5
1 743 771 99
1 537 757 92
2 113 169 20294
1 509 933 31
1 323 732 60
2 210 600 22897
2 306 550 9330
1 327 367 60
1 509 801 59
1 806 872 58
1 524 848 74
2 584 879 27356
1 277 958 50
2 540 932 15698
1 117 145 47
2 923 952 31440
2 19 466 31652
1 482 729 53
2 501 844 32195
2 88 711 24610
2 27 775 22159
1 69 694 24
2 398 651 28991
1 36 813 15
1 170 469 55
2 609 832 24120
1 34 160 54
1 137 449 72
2 242 892 13595
2 25 581 18338
1 483 508 67
1 428 893 1
2 685 843 743
2 332 933 16644
2 25 832 1143
2 315 595 2488
1 243 714 59
2 187 488 9313
1 42 559 14
1 163 591 50
1 113 744 42
2 205 728 16384
2 92 136 1673
2 26 979 31319
1 565 790 75
1 71 120 29
1 6 938 90
2 542 816 17220
1 55 626 4
2 789 852 32341
2 43 307 12449
2 277 781 16824
2 437 918 31455
1 539 788 5
1 667 772 7
2 21 673 214
1 222 580 71
1 240 499 86
2 832 978 9830
2 301 702 10244
1 438 898 1
1 78 731 1
2 111 543 26342
1 492 579 74
1 652 922 76
2 726 797 6568
1 430 927 69
2 174 755 14690
1 184 245 48
2 704 803 5019
2 196 309 11723
2 403 748 20381
2 927 978 609
1 422 820 42
2 727 951 6041
2 545 922 17915
1 95 417 42
1 852 993 0
2 126 930 15105
2 706 840 290
1 60 587 54
1 819 874 6
1 94 521 47
2 497 509 25078
1 622 791 64
2 541 658 24563
1 328 999 33
1 405 609 34
2 67 338 2479
2 145 881 21157
1 18 344 75
2 233 447 25980
1 803 909 45
2 205 484 31194
1 733 751 42
2 409 656 1848
2 320 411 10115
1 346 794 9
1 49 610 40
2 80 495 27829
2 327 815 8441
2 9 178 28957
1 272 572 57
2 150 812 5145
2 164 168 25514
1 187 293 46
1 89 508 46
2 493 633 22472
1 279 299 38
2 741 776 9957
1 384 488 97
1 229 885 76
2 276 384 27853
2 183 662 31791
2 144 875 8422
2 71 249 19166
2 348 503 22506
1 39 215 74
2 328 659 29135
1 483 599 34
1 155 966 0
1 444 938 77
1 600 918 56
1 40 251 6
2 569 770 20673
1 649 669 91
1 115 440 35
1 187 391 19
2 337 532 13478
1 586 807 76
2 541 693 20255
2 129 795 11697
2 572 600 31928
1 218 567 69
2 599 893 2952
1 466 993 38
1 664 944 72
2 559 961 11135
1 367 893 88
2 235 822 14782
1 302 729 46
1 80 397 75
2 160 706 5866
1 523 816 3
2 532 860 17485
1 274 294 74
1 373 463 79
1 647 826 46
1 159 985 64
2 473 492 15882
2 387 707 14215
1 220 357 8
2 244 984 5682
1 233 648 54
1 365 592 43
2 340 970 3049
2 679 808 9706
1 133 442 5
2 152 191 17156
2 233 650 5910
2 38 628 8450
2 122 635 31179
2 571 989 22452
1 320 532 22
1 194 602 55
2 638 740 7933
1 192 933 76
2 14 505 7116
1 569 643 34
1 11 33 20
1 95 448 4
2 385 749 30173
1 659 886 52
2 284 715 21130
2 122 792 1349
2 600 693 24368
1 552 770 2
2 165 576 10798
2 71 671 3216
1 235 307 48
1 316 450 24
2 432 777 8963
1 607 716 75
1 93 876 82
2 416 582 5513
2 38 956 1101
1 346 805 70
1 403 410 68
1 303 933 96
1 858 873 44
1 505 814 75
2 399 657 32419
2 684 711 5784
2 404 900 659
1 312 802 98
2 330 700 164
2 405 882 17312
1 191 850 59
2 158 662 3497
1 55 361 43
1 306 912 22
2 724 993 21547
1 925 993 60
2 278 753 5670
2 282 314 1339
2 96 663 29065
1 732 758 12
2 380 674 22193
1 402 919 24
1 207 627 7
1 511 899 71
2 762 839 7562
2 84 509 3205
1 589 670 61
1 129 420 49
1 383 754 50
2 623 685 7577
1 569 830 92
2 55 922 18639
1 714 761 25
1 702 755 96
1 358 508 21
2 38 125 30059
2 452 522 2201
2 394 540 16230
1 355 559 97
1 95 871 61
1 449 489 83
1 16 904 13
2 182 668 32257
1 221 426 51
1 452 970 75
1 17 285 50
2 49 175 22223
2 197 668 8225
1 73 954 67
1 408 450 95
1 835 999 58
2 417 653 29892
2 756 939 30107
1 28 839 98
2 35 294 22609
1 522 794 10
1 57 470 49
1 325 377 59
1 174 819 52
2 410 437 9539
1 5 951 38
2 464 569 22626
2 438 734 23572
1 152 359 85
2 259 712 2111
2 290 340 21820
2 146 705 7074
2 135 412 31876
2 219 491 16120
2 89 865 17773
1 108 950 67
2 112 282 3209
1 189 859 71
1 42 729 80
1 375 702 69
2 403 682 1070
2 149 268 31276
2 364 772 28140
1 18 616 91
2 332 921 17735
2 200 592 11057
2 52 755 24035
1 745 753 84
1 780 947 21
2 61 233 17903
1 138 295 14
1 435 458 48
1 535 799 2
2 172 618 30538
2 663 700 2634
2 293 992 8612
2 439 455 24415
1 303 992 40
1 363 483 44
2 657 930 23749
2 308 517 11675
2 70 106 7853
2 78 347 22089
1 330 831 84
1 92 655 93
1 825 912 0
1 10 525 66
2 454 760 25379
1 517 555 78
1 503 732 56
2 94 620 2695
1 233 567 5
1 749 858 26
2 109 967 15902
2 188 210 907
1 182 240 29
1 113 450 90
1 303 902 0
1 491 824 13
2 438 587 27455
1 78 462 4
1 324 599 7
2 382 512 4387
2 91 515 22168
1 396 544 48
2 397 673 26151
2 74 383 25186
2 102 706 1985
1 193 369 75
1 116 322 14
2 428 597 3615
2 280 639 19967
2 61 937 3079
1 118 847 13
1 139 179 87
2 44 429 31959
2 139 501 30848
2 347 388 22768
2 766 980 4391
2 527 528 15375
2 171 504 10836
1 84 692 29
2 584 641 10012
1 20 73 43
1 329 760 51
1 61 209 49
1 344 818 38
1 532 931 79
1 382 882 26
2 464 875 18656
2 722 939 12912
2 525 765 26978
2 474 706 16639
1 74 782 12
2 14 313 6137
1 347 596 45
1 774 835 50
1 94 745 18
2 149 906 11763
1 580 659 15
1 464 663 57
2 151 504 18590
1 65 578 27
2 195 846 31170
2 450 650 16332
1 704 908 14
1 80 105 34
2 602 659 18976
1 15 682 40
1 41 933 18
1 495 573 69
1 632 824 0
2 141 338 23551
2 63 682 15120
2 53 726 3113
1 196 435 57
1 4 603 81
1 19 258 9
1 450 452 51
1 106 729 87
2 294 543 8911
1 139 530 86
1 10 709 51
2 621 748 30799
1 495 828 63
2 347 625 17247
1 305 698 48
2 37 541 29954
1 21 995 78
1 346 629 97
2 63 570 5885
1 275 777 10
2 281 383 6727
1 691 729 59
1 58 917 28
1 291 739 66
2 348 461 13033
2 315 880 13551
2 580 719 31047
2 12 389 3377
1 212 582 5
1 648 884 9
2 42 329 18885
1 232 461 31
1 278 280 23
2 114 902 20820
2 318 932 25520
1 424 663 61
1 634 798 84
2 395 575 874
1 369 926 96
2 39 573 17160
1 545 807 14
2 680 792 16180
2 246 517 21216
2 1 338 25093
2 308 337 13945
2 204 338 15702
1 249 753 72
1 611 773 73
2 114 523 17430
1 690 860 82
1 203 662 4
1 53 869 82
2 456 792 26823
2 454 956 8312
1 68 629 7
1 878 884 67
1 418 782 20
2 856 929 9218
2 55 285 17976
2 245 920 4107
2 504 704 31479
1 14 471 69
1 347 385 21
2 589 851 32010
1 259 728 56
2 198 666 20289
1 100 614 47
1 173 967 61
1 687 956 96
2 2 25 3840
1 636 978 27
2 320 547 9441
2 899 988 30269
1 883 936 67
1 261 606 90
1 487 982 4
2 806 814 10651
2 708 736 6838
2 108 889 30161
2 271 370 913
1 19 125 43
1 652 988 99
2 191 838 27004
1 548 577 71
1 2 753 75
1 357 742 47
1 158 325 78
1 270 441 49
2 426 722 32560
1 646 813 74
1 263 715 74
1 592 640 42
1 170 244 93
1 372 732 90
2 17 811 16198
2 366 806 17946
2 337 504 29717
2 416 949 16087
1 259 385 47
2 289 972 4235
1 94 821 17
1 251 268 99
2 421 715 22395
2 236 640 17476
2 619 897 6009
2 77 113 24107
2 69 839 3893
1 357 481 7
1 272 652 18
2 429 721 25983
2 342 519 14730
1 39 981 50
2 346 868 22786
2 305 416 13410
1 288 907 69
2 824 911 2457
1 127 532 57
2 456 708 4086
2 391 417 18462
1 24 927 89
1 204 923 52
1 662 831 47
1 173 518 61
2 388 887 32027
2 622 863 22253
2 54 214 24332
1 148 384 1
1 25 741 52
2 418 978 2340
1 15 580 74
2 457 461 15641
1 279 850 93
1 502 619 83
1 157 567 11
2 266 468 2415
2 51 665 27440
1 547 966 6
1 421 435 92
1 480 879 8
2 134 189 9180
1 522 709 78
1 108 232 62
1 54 817 1
2 205 991 21060
1 167 355 25
2 301 965 4405
1 559 685 19
2 912 915 23916
2 257 378 20699
1 421 458 27
1 30 318 75
2 115 442 24729
2 130 883 16602
2 45 716 13360
2 510 642 15585
1 70 99 68
2 673 824 10958
1 859 990 54
1 590 727 12
1 666 828 34
1 283 844 96
2 102 723 6910
1 44 166 43
2 315 901 27313
1 589 946 94
2 730 785 6968
1 127 358 77
1 26 34 8
1 552 805 92
2 819 874 30150
2 390 509 14189
2 138 857 23734
1 440 577 4
1 356 728 69
1 795 907 25
1 242 405 19
2 144 200 8530
1 240 513 13
2 183 664 7238
1 624 854 56
2 567 790 21439
2 9 309 26392
2 241 336 26105
2 492 912 32146
1 215 265 9
2 117 222 7143
2 502 733 30135
2 187 402 24910
2 336 989 9544
2 154 371 26818
1 304 358 52
2 240 994 18306
1 310 797 17
1 7 927 55
2 437 955 3175
1 455 943 1
1 90 747 54
2 384 985 3698
1 215 247 95
1 558 823 26
2 122 995 20803
1 293 884 74
2 31 767 11519
1 464 668 77
1 51 506 26
2 13 846 14929
2 293 737 15886
2 1 43 12571
2 413 939 12735
2 471 983 13527
1 213 467 78
1 190 771 21
1 145 958 43
2 972 982 4743
2 373 598 8700
2 246 325 23316
1 531 873 8
1 190 309 55
1 358 661 25
1 663 745 97
2 822 822 12378
2 158 810 315
1 63 178 38
2 538 920 8374
1 113 501 7
1 126 870 69
2 207 737 1219
2 200 749 11771
1 59 637 95
2 331 829 13462
1 144 797 23
1 106 851 68
2 3 870 14307
1 265 719 22
2 667 866 7049
2 241 764 32452
2 154 970 11581
2 217 323 7871
2 507 820 24236
1 582 682 59
2 416 809 27909
1 394 452 5
2 31 388 30591
2 383 767 155
1 133 414 81
2 13 256 30174
2 2 602 24248
2 75 253 17183
1 516 743 1
1 635 683 55
2 539 837 32076
1 164 743 38
1 384 545 30
2 41 414 13341
1 118 808 56
1 134 710 51
1 504 616 66
1 142 744 12
1 210 928 29
2 200 546 16397
1 123 867 21
2 184 579 6050
1 125 871 11
1 526 937 12
2 488 810 30941
1 159 427 55
2 422 959 11533
1 120 174 37
2 296 500 2038
2 23 179 8853
1 565 904 59
2 285 698 28693
2 36 598 15653
1 68 535 77
2 16 321 13393
2 98 424 26002
2 795 965 18687
2 141 389 6943
2 664 887 17965
1 403 548 91
1 166 556 91
2 704 967 1537
1 109 474 4
1 319 436 11
1 139 518 67
2 924 935 2920
1 61 734 55
1 124 342 78
2 695 806 13862
1 155 323 76
1 474 575 55
2 417 445 10857
1 466 929 0
1 554 898 91
2 572 932 12045
2 195 978 15569
2 512 954 32303
1 475 583 1
2 571 643 2954
1 304 967 7
2 145 301 15431
2 6 113 20436
2 757 976 2706
1 14 62 16
2 395 861 3101
2 268 331 2365
2 24 87 2204
1 155 397 2
2 59 566 8263
2 250 966 3145
1 889 998 3
1 544 573 48
2 406 859 13209
2 202 632 1628
1 329 384 98
1 355 473 57
1 747 751 25
1 134 524 79
1 326 396 24
2 207 789 17033
2 300 934 19531
2 327 722 621
1 435 717 15
2 160 414 14093
1 654 928 32
1 455 849 77
2 43 896 25944
2 470 692 8946
1 114 341 62
1 532 547 52
2 544 965 24831
2 245 767 16574
2 170 179 13361
1 229 937 13
1 3 791 99
2 184 830 24372
2 12 157 17391
2 454 656 15367
2 110 904 7776
2 771 941 12635
1 621 787 44
2 197 806 21339
2 273 417 15682
1 47 52 98
1 479 487 61
1 531 548 87
2 462 778 30072
2 489 913 4620
1 73 258 4
2 702 822 20280
1 78 504 77
2 920 991 19425
1 330 462 73
2 16 255 26443
1 75 649 95
1 403 552 83
1 657 775 53
2 495 900 4668
1 264 511 23
2 164 343 5789
1 34 102 22
1 531 589 1
2 403 538 22382
2 416 574 7245
1 461 919 64
1 78 343 10
1 418 905 85
1 399 877 37
1 658 982 21
2 252 562 30073
1 531 989 93
1 196 687 9
1 467 723 97
2 572 592 31319
1 332 698 18
1 487 884 86
2 711 986 26146
1 21 64 8
2 771 872 31779
1 231 725 13
2 652 777 24239
1 215 521 14
2 284 967 25235
1 160 331 99
1 451 797 92
2 253 568 6098
2 182 457 5545
2 198 883 24369
1 66 750 31
2 300 895 19692
1 60 829 4
2 590 690 25040
2 255 732 19515
1 311 946 42
2 36 948 6358
1 742 940 66
1 255 760 41
2 291 864 13320
2 52 747 3352
2 557 980 20087
2 802 950 5660
2 47 134 16276
1 32 77 7
1 422 913 68
2 409 435 692
2 250 524 2875
1 30 156 32
2 256 957 1886
2 741 996 7531
2 491 832 10850
1 119 277 3
2 758 799 19774
2 524 944 32600
1 43 521 41
1 474 528 15
1 172 632 61
2 166 316 27087
2 73 702 7681
2 42 528 5851
1 409 418 61
1 265 944 34
1 516 667 41
1 63 292 69
1 859 897 9
2 215 466 1777
1 561 606 0
2 649 863 20279
1 677 887 80
1 421 507 94
1 637 808 72
2 303 792 9484
1 33 239 66
1 478 898 45
1 313 775 5
1 585 667 2
2 63 480 15788
2 187 459 20063
1 328 381 5
1 102 728 38
2 319 976 16543
2 402 555 30222
1 477 994 40
1 166 204 64
2 136 351 22916
2 949 976 5786
1 731 954 89
2 90 822 23803
2 491 636 28192
2 668 897 29528
1 780 824 86
1 101 893 99
2 817 850 2169
1 233 254 98
1 17 817 7
1 24 623 72
1 285 529 39
1 164 332 45
1 798 923 3
2 393 409 9360
2 113 397 2995
1 823 971 24
2 585 782 32056
1 186 302 33
2 634 718 3550
2 317 671 942
1 8 802 18
1 700 925 98
2 349 436 26713
1 239 430 12
2 200 244 4799
1 781 857 25
2 60 635 2665
2 442 591 23049
2 84 920 904
2 68 776 30715
2 391 825 26515
2 677 795 3701
1 48 528 49
1 313 742 16
2 756 779 18333
1 355 420 82
2 283 905 21340
2 112 273 171
1 544 734 71
1 435 490 23
2 464 558 15986
2 525 915 25764
1 145 579 73
2 392 912 26985
1 489 910 11
2 650 878 17123
1 81 711 22
2 924 966 32699
2 808 985 29933
1 112 339 14
1 432 626 82
1 47 216 89
2 615 807 26077
2 393 511 8011
1 783 950 51
1 55 334 5
1 135 718 19
2 408 679 3741
2 518 766 11964
1 15 28 50
2 373 422 5337
2 213 478 31370
2 135 489 16748
1 843 942 12
2 454 854 12783
2 844 861 7239
1 101 804 94
2 483 899 16885
1 140 659 67
1 244 374 89
1 61 273 41
1 465 731 45
2 505 715 28870
2 380 632 1860
1 9 355 89
1 112 670 98
2 580 693 19216
2 48 518 21551
2 56 235 12771
2 305 585 16188
1 91 912 63
2 364 893 32317
2 168 293 28008
1 410 465 16
1 164 638 72
1 808 954 61
1 485 978 82
2 98 785 32248
2 348 663 14823
1 456 593 74
1 365 778 16
2 484 573 27660
1 207 912 30
1 650 737 82
2 390 790 12557
1 556 783 21
2 15 944 5250
2 610 930 24258
1 117 393 85
1 123 945 5
1 59 855 63
1 70 701 67
1 631 678 25
1 786 993 32
1 37 871 51
1 635 799 50
2 424 782 6362
1 134 469 20
1 344 673 47
1 464 525 27
2 498 778 6185
2 397 470 10325
1 443 822 7
2 243 345 789
1 157 479 67
1 390 909 60
2 260 760 2565
2 209 467 10232
2 305 348 26646
2 429 993 24071
1 93 902 73
2 52 550 32208
2 411 531 12029
1 662 890 78
1 403 450 45
1 612 995 3
2 190 573 119
1 278 730 63
2 391 813 30078
2 583 649 28790
2 290 935 19016
1 199 704 10
1 104 500 52
2 11 104 6126
1 716 764 97
1 286 460 84
1 867 888 57
1 388 397 48
2 1 730 835
2 73 770 951
2 215 894 20694
2 164 511 30641
1 72 954 8
2 241 458 9479
2 380 880 8323
1 436 475 86
2 455 805 15639
1 330 683 26
2 238 515 2582
2 263 657 12676
2 703 871 13287
1 512 772 12
1 484 793 60
2 127 691 5759
1 89 869 15
2 364 841 9074
2 108 164 21441
2 101 925 23053
1 96 152 46
1 880 990 6
2 671 846 24291
2 83 176 31588
2 83 442 5096
2 188 375 700
1 220 929 30
1 330 396 51
1 142 178 3
1 218 954 73
2 706 735 14648
1 185 951 76
1 295 313 54
2 141 637 31363
1 206 616 18
1 606 689 40
1 38 176 15
1 560 898 19
1 613 847 72
1 7 101 56
1 325 880 32
2 681 807 31344
1 544 732 84
2 154 814 30344
2 45 657 8449
2 209 735 21105
1 301 833 11
2 230 744 10215
1 112 554 51
1 401 690 51
2 38 410 3509
2 65 655 30849
2 171 738 26279
2 415 781 3250
1 133 841 16
2 490 602 10634
1 129 957 38
2 514 810 25947
2 415 606 28621
2 92 389 3192
1 425 880 49
1 814 919 63
1 39 601 16
1 590 776 49
2 193 522 15025
1 149 332 20
2 529 702 10047
2 472 856 24344
2 455 859 4016
1 289 332 11
2 855 886 6815
2 32 216 4851
2 21 930 19690
1 825 977 84
1 507 957 96
2 152 344 8454
2 22 691 31076
1 94 982 52
1 6 436 20
2 768 976 23560
2 65 77 20579
1 697 984 40
1 52 406 47
1 794 966 73
1 412 608 60
1 115 750 66
2 808 840 29415
2 268 541 9449
1 6 178 48
1 277 983 15
2 394 701 2885
2 495 556 18803
2 424 685 17648
1 76 229 58
2 261 364 3089
2 564 582 26686
1 435 492 94
1 910 917 27
1 216 596 73
1 176 273 36
2 1 6 17690
2 92 770 13492
2 561 619 17610
1 282 328 90
1 336 432 89
2 30 200 7648
1 225 371 12
1 709 869 93
1 210 671 8
1 660 894 87
1 261 812 13
1 145 859 78
1 248 409 8
1 127 529 79
1 426 752 78
1 69 757 14
1 623 634 2
2 96 852 11820
1 711 905 79
2 5 479 6018
2 405 486 22271
1 120 327 76
2 156 691 22118
1 727 987 66
1 55 554 77
1 550 809 26
2 407 664 24027
2 17 138 24373
1 619 898 4
1 239 856 50
2 221 818 7757
2 427 701 23138
2 121 838 26445
1 630 827 62
1 315 931 50
2 405 661 17059
2 291 443 27872
1 792 851 37
1 146 393 26
1 521 972 77
1 446 834 25
2 249 407 31180
1 129 975 84
2 81 947 21621
2 408 682 23550
1 40 444 3
2 109 972 13961
2 434 756 7088
1 69 227 13
2 265 657 4815
1 99 854 36
2 188 605 11091
2 102 382 12484
2 328 630 16461
2 953 998 23344
1 447 699 67
2 253 426 4442
1 521 853 67
1 311 744 54
1 372 490 60
2 47 914 23130
1 10 147 90
1 615 971 57
1 273 772 65
2 167 286 16456
2 566 912 14458
1 758 862 64
2 186 709 5841
2 545 577 3049
2 55 67 17588
2 38 935 26196
1 595 716 58
2 82 707 27203
2 384 869 9329
1 471 938 59
1 495 996 41
2 723 791 15513
2 146 899 11911
2 176 867 14626
2 325 402 30215
1 778 833 38
1 72 392 19
1 251 482 46
1 853 954 53
1 306 730 29
2 929 940 9808
1 650 834 23
1 198 822 24
1 740 853 25
1 829 996 86
1 586 865 66
1 218 332 33
1 791 943 50
2 644 842 26551
2 141 792 1534
2 98 775 14736
1 203 355 69
2 442 564 23746
2 160 215 28610
1 466 502 56
2 165 644 27899
2 84 653 12899
2 517 654 1116
1 640 669 88
2 438 441 21450
1 288 336 40
1 352 912 32
1 505 564 23
1 389 617 41
1 44 369 41
1 315 824 64
1 804 909 12
2 54 624 28251
2 327 518 5599
1 511 719 0
2 540 867 24225
1 355 870 84
1 28 30 52
2 308 612 14783
1 304 310 91
2 447 980 5864
1 190 594 81
2 146 189 27824
1 477 610 10
2 62 252 22307
2 346 414 665
1 363 386 48
1 90 996 37
1 160 394 27
1 485 626 95
1 53 932 13
1 848 913 20
2 9 860 23062
2 107 658 16108
1 167 645 80
2 171 793 9619
1 449 777 10
1 461 980 11
2 112 832 21161
1 152 885 17
2 87 753 9578
2 310 552 32460
1 64 382 3
1 334 689 29
1 670 899 29
1 244 898 25
2 449 872 29728
1 156 510 21
2 36 489 5191
2 54 142 6625
1 344 988 16
2 424 773 9582
2 436 622 6173
1 281 849 21
2 436 742 17950
1 281 872 77
2 139 432 17876
1 190 463 4
2 770 941 11859
2 201 961 19619
2 63 650 30705
2 79 791 31773
2 237 689 27338
2 209 743 31921
2 143 434 7482
2 199 881 21581
2 733 833 613
1 499 648 35
1 742 763 27
2 125 257 18680
1 576 747 8
1 719 749 76
1 394 496 0
2 386 683 14067
2 110 125 11234
2 156 977 15587
2 585 777 21384
1 434 996 32
1 79 804 53
2 230 827 3794
2 172 836 7727
1 78 680 99
1 42 356 50
2 225 625 13119
2 389 768 9626
1 186 948 42
1 471 990 73
2 242 778 10717
1 147 834 3
1 30 411 32
2 357 939 29627
1 325 649 66
2 24 684 4113
1 11 546 49
2 242 831 12139
2 447 566 19906
2 427 580 103
2 22 138 23687
1 17 295 12
2 136 200 11188
2 459 535 26645
2 383 536 6145
2 633 644 15832
2 310 330 23852
1 201 431 83
2 258 448 23668
2 711 870 5919
2 720 796 29470
1 10 923 24
2 873 910 24820
2 9 776 32739
1 304 951 65
1 220 334 37
1 564 856 38
2 119 472 12808
1 78 166 84
2 241 359 2401
2 11 262 8112
1 196 660 21
2 305 459 23849
2 461 762 30162
2 399 598 20822
2 370 807 26445
1 393 603 97
1 342 677 30
1 13 36 57
1 203 697 13
1 24 595 97
2 112 924 19869
2 39 437 16795
1 841 881 31
2 309 696 27130
1 38 724 4
1 312 617 12
1 380 901 92
1 246 979 61
2 105 437 15272
2 661 788 22862
1 638 726 85
1 253 595 63
2 29 525 18394
1 487 993 57
2 452 854 25442
1 790 946 48
1 587 847 27
2 177 483 8214
1 201 388 88
2 510 545 6731
1 317 748 40
1 139 682 99
2 18 20 23518
1 175 684 91
1 35 334 31
1 358 639 4
2 384 644 4871
1 128 777 30
2 42 677 1196
2 166 451 31266
1 786 898 52
1 4 242 45
2 498 639 20188
1 112 594 39
2 587 885 31336
1 38 790 77
2 265 625 8884
1 395 490 12
2 608 800 20650
2 729 971 23991
1 726 763 41
1 334 441 16
1 341 514 55
2 410 593 18816
2 203 297 8368
2 18 974 27646
2 28 893 15689
1 302 875 64
2 743 982 542
2 373 576 14127
2 261 801 4913
1 521 638 10
2 258 566 31689
2 581 873 21671
2 724 756 23792
1 790 791 61
1 331 561 53
2 170 547 26683
2 575 751 234
1 483 492 84
1 295 788 90
1 214 925 77
2 296 403 4549
2 847 920 6734
2 210 776 20003
2 420 902 19021
2 639 998 7781
2 483 998 12017
2 22 228 4593
2 465 599 6580
1 109 427 96
2 43 97 29458
2 445 512 20435
2 78 80 268
2 155 974 13259
1 331 726 82
2 78 171 6991
2 586 808 15721
2 740 963 6042
1 2 850 98
2 88 415 23595
1 538 824 45
2 749 938 19779
1 61 570 6
1 427 925 86
1 150 897 96
1 87 973 35
1 768 838 13
2 613 857 25171
2 897 933 3891
2 377 969 15094
1 348 734 42
1 54 529 54
2 698 992 22392
1 865 953 98
2 43 419 2116
2 336 524 5492
1 128 275 75
2 916 977 4364
1 36 605 66
1 539 976 75
2 603 936 11554
2 422 516 23328
2 50 368 31014
2 73 943 27830
1 109 162 53
2 293 770 10156
1 409 676 13
2 33 640 439
2 29 933 31085
1 6 724 28
1 248 784 0
2 16 824 9024
1 187 791 36
2 68 674 6910
2 554 591 26472
2 583 742 16213
2 216 659 30210
1 29 823 43
1 171 438 62
1 544 835 95
1 3 210 32
2 103 261 19243
1 342 360 58
2 19 679 13431
2 33 713 24712
2 533 587 23992
1 20 980 43
2 300 729 28366
2 130 890 15970
2 130 386 23643
1 69 511 44
1 353 811 6
1 220 368 0
2 36 654 26168
2 212 399 6643
1 421 721 2
2 37 754 32302
1 376 556 5
2 111 251 2525
1 624 823 57
2 341 830 2570
2 238 836 30071
1 89 508 55
2 257 556 8542
2 145 722 1935
2 71 228 1634
2 177 202 11790
1 494 525 76
1 121 493 13
2 379 554 22940
2 4 458 6527
2 307 584 30635
1 349 790 74
2 439 812 15242
1 337 368 15
2 50 653 5965
1 189 988 5
2 497 579 9424
1 266 992 98
2 571 603 9265
1 213 838 75
1 290 487 43
1 371 802 67
2 214 657 8030
1 422 461 20
2 787 879 11578
1 402 791 33
2 241 969 15895
1 319 874 53
1 428 580 68
2 97 467 13807
2 314 334 14819
1 409 489 47
1 168 644 31
1 44 377 16
1 246 450 26
2 212 895 12812
1 441 791 11
2 78 125 20782
1 519 987 21
2 545 589 21441
1 610 764 86
2 695 746 28962
2 197 884 27301
2 597 688 27186
2 361 924 5649
1 77 294 33
1 253 816 99
1 32 32 8
1 308 856 20
