1000 1000
15920 12849 1439 22966 7228 23160 1990 7049 21033 18874 32040 3889 9229 21702 17442 17188 10700 10747 12141 26059 9347 24853 9888 29677 17191 15686 12278 11116 6761 21897 18258 5679 21469 5939 9856 16735 22620 22218 25278 29910 31143 25371 891 32468 24396 20103 30302 26612 15054 25246 1162 9055 1792 29167 11553 3904 22194 31773 2310 22904 30351 22582 7144 7314 26182 22849 13948 18681 27880 8470 19977 11880 19601 5491 27946 14755 22859 11083 8656 14949 30511 31841 3206 17817 17358 23318 29945 1996 28367 22655 1975 7139 1497 28859 8503 14857 14259 20868 18970 21228 21161 28419 18608 27433 562 23273 27582 19204 4049 4539 29310 22109 11065 12909 13800 8416 32180 21555 30512 4731 3269 28308 30608 12309 12300 1984 15687 23677 7787 7459 10722 9632 22119 31290 17850 29184 26065 29094 25790 8801 21669 11391 2162 31685 14130 1002 9016 28059 11131 6382 8399 2100 17886 7811 22553 14198 12531 2540 18977 5588 1207 7495 21084 27518 6378 99 11311 11732 22197 23505 29106 4897 19856 10814 30644 3718 3939 13312 11007 18484 6123 26862 21212 26078 17248 3189 23770 14191 6229 26600 5580 7160 26847 30488 29713 13036 3833 17189 22296 11663 18471 24467 24610 21676 29786 15776 18506 5766 15380 18901 22467 12562 25036 2012 25186 19555 17044 8337 27996 6502 18937 5723 25168 18639 23851 5053 29576 28243 350 2088 5500 9240 16751 1812 12695 618 5835 7503 30270 16303 22925 4244 26639 3229 31718 15711 6246 170 5314 1792 9510 10948 32168 3566 26038 6723 2018 8287 26953 29724 3295 6421 10851 26711 24021 8315 7065 7107 22186 1008 29080 23016 6165 5987 20072 9021 11521 21792 12786 27547 7986 12265 21440 7410 16170 19273 18949 12859 9038 3621 8669 32429 8773 17300 19669 30004 19617 15857 1966 1055 10689 12334 7774 22808 15349 12650 12632 8538 4068 7878 24589 6686 23339 20341 31923 1366 28231 20243 11589 22174 32181 4664 7627 11376 1623 22860 10203 27031 20762 13725 4960 742 22998 25774 21658 21801 7542 30163 27494 5980 4952 28154 18368 15643 22007 24012 22406 23898 16071 7669 8574 29014 31072 9663 4507 32715 20959 12262 23164 2152 17033 8616 4150 17280 1202 26651 24659 2562 10462 16323 2843 31147 31269 6756 530 10618 12508 5909 20417 613 14449 16534 11449 4170 3223 1507 26070 24360 29091 8457 30657 14479 3126 24633 952 21845 7197 1307 402 22411 24181 11876 21245 8367 23315 32683 7179 22563 8483 31609 1261 13790 14094 17311 18686 25954 16802 13260 14083 5358 9837 2654 1712 1268 11625 4985 10095 11213 26079 2646 27742 16812 21125 9438 14742 18641 8425 32120 5811 26111 28691 20255 19089 7471 27238 14263 25683 18054 14024 29857 21930 20357 1283 19853 596 7296 14698 8591 26850 7761 31679 19062 18623 28749 11604 19033 26990 4727 2673 30578 26387 5108 31478 6703 10293 16831 22081 12679 24770 11678 7762 20875 18003 8533 30253 20541 22962 21017 22400 13476 27034 26695 19334 7200 12989 12118 11051 2556 16651 523 10865 21826 30258 18155 13074 10451 22881 4342 21095 18870 5202 14482 16008 6065 16775 198 14005 31766 28628 7336 17141 15072 32541 10521 5884 23038 14945 28335 7250 4847 21239 32755 26546 655 8472 1997 7601 2865 19870 23612 2720 7405 18699 10570 29106 22588 13261 18496 22370 16066 7105 5910 19215 26218 13045 25645 29673 25272 25522 16961 25873 22619 26042 22681 31996 28418 14542 896 21529 5489 10355 22777 32435 19412 15606 26031 9752 26707 15790 13867 15611 2534 10369 73 21271 11627 17065 237 19477 6390 9912 25074 32176 4456 29658 15459 30999 3651 603 2798 914 24508 16745 8341 617 31506 8730 30631 24066 24863 13233 27887 8265 21293 21789 15147 21076 18954 8130 19136 23880 25439 28540 10667 29302 14653 11233 16315 16074 22521 14023 4861 28006 17978 9223 12408 15754 21328 7808 3355 12215 8135 7774 29428 3604 5180 21660 20131 21520 14960 28615 28941 14665 11419 7685 6485 25517 3843 28759 23304 1246 18380 795 13463 26331 26898 4053 27147 11230 309 19502 30708 17792 17780 14909 12962 26403 19134 19974 26008 30609 16580 3136 1854 17889 25427 1628 21718 1435 5601 22466 27313 22044 23910 2142 11427 22843 11373 30811 4788 7468 13674 14638 11800 23973 14158 30679 31330 24640 30809 23651 20212 28705 25391 694 1210 15576 31279 28807 9240 8328 5376 11436 12064 4425 7276 23448 23561 16844 14450 1314 21468 13630 9366 26504 18801 19054 7804 31667 31898 561 8885 3772 32158 1286 27609 5296 17641 11254 26582 6288 29441 4286 6023 28060 19644 26928 3209 1489 18353 12759 31050 4529 15084 27610 1890 19778 2022 29218 26663 7769 20404 10687 21371 26648 2174 4488 26857 14262 1843 29954 9969 11902 20859 18052 27807 19739 19437 25752 14691 1042 6275 20131 7964 11664 14666 3273 6774 21606 19294 20235 17782 27730 28182 1970 6227 24448 10876 1265 11400 5456 28416 19910 13863 22106 29549 17953 10096 12720 6427 24136 12962 18274 7015 20858 7697 7240 9312 14290 7801 23291 6595 28527 11154 9765 13866 8402 740 24571 17024 25223 19677 2823 952 16392 6177 10283 12478 10206 7969 13795 1198 1289 3055 13514 16709 1954 11857 21856 13717 24767 22548 13066 7420 30103 21410 16474 27222 19943 10455 18577 21362 16788 9233 10850 12483 10641 21382 12281 1368 6147 28379 10300 17166 23459 23794 9553 7941 21092 19459 1120 2640 20311 4078 8858 8945 6091 15055 25466 12548 15288 9171 27722 1082 19806 20555 14570 17801 15401 29439 28109 4386 22232 30149 2884 27812 14558 16722 26111 28047 9992 14159 2256 9211 8033 4784 25523 7562 8275 8769 27660 5275 27406 4481 4655 8128 17710 13236 12325 30067 32151 1332 21934 6148 14500 22280 5506 32214 18306 22711 14300 2507 3798 29790 30265 26621 16550 12545 9309 8879 28022 3871 27288 899 12465 5001 30023 5357 31819 29812 15773 22503 18341 7372 20388 486 9649 31179 12670 22285 1622 18123 20465 29857 10006 19288 5155 8126 30446 16266 1697 27720 29053 19089 9126 20515 13673 20370 17563 30375
1 214 999 20592
3 193 331
2 41 243
3 456 785
2 301 726
3 16 481
2 518 755
3 56 603
2 316 849
3 670 971
3 101 997
2 339 832
1 113 191 16063
1 214 546 28453
1 185 776 7115
2 345 597
3 630 809
3 581 721
2 753 943
1 709 809 11264
3 13 359
1 105 457 27736
2 157 761
2 128 696
2 877 993
1 786 835 10628
1 135 164 23982
1 211 321 32215
1 387 546 17706
3 253 802
1 63 89 10311
2 38 341
1 749 828 29097
2 771 921
1 226 849 2775
1 361 626 15432
1 376 741 23350
3 151 634
2 431 905
2 412 906
1 289 701 1623
3 713 865
3 785 989
3 341 881
3 561 898
2 231 451
1 313 373 27633
3 69 677
1 857 876 8242
1 835 887 22346
2 589 981
1 831 907 31128
2 351 617
3 78 901
2 241 541
1 182 325 25855
1 701 861 24496
1 501 503 30360
2 477 915
1 281 935 17649
2 463 497
2 161 194
1 281 995 25209
3 456 551
2 321 931
1 169 265 22426
1 83 162 20735
2 36 889
3 194 721
1 293 567 7701
2 1 876
3 776 927
3 392 975
2 462 913
3 859 973
1 146 318 30415
2 797 803
3 205 785
2 766 921
2 861 912
1 286 639 1284
2 162 895
3 317 824
1 256 796 29996
2 170 321
3 395 657
2 721 881
3 1 186
1 491 605 28976
1 81 969 22185
2 305 809
2 173 451
2 501 513
1 765 918 1793
3 385 850
3 81 173
3 83 709
1 357 990 9893
3 757 966
1 382 393 15352
1 17 753 13315
3 143 711
1 65 109 18639
1 261 726 1017
3 402 594
3 126 451
3 641 809
1 642 913 12303
1 361 541 9606
2 41 281
2 457 737
3 351 528
1 479 732 28512
3 601 815
2 409 516
2 1 605
2 81 366
1 210 321 3600
2 97 286
2 441 607
2 301 621
3 9 497
1 328 408 3556
1 130 429 3519
2 421 511
3 171 651
3 129 191
2 446 780
3 271 571
2 482 663
3 11 239
2 535 643
2 201 399
2 756 883
2 226 373
3 441 910
3 121 579
2 337 641
3 251 958
1 81 631 25861
1 105 496 16772
2 517 741
1 416 762 27385
3 65 668
3 267 547
3 461 641
3 365 994
2 21 405
2 596 613
3 129 753
1 226 295 26435
2 113 489
1 106 938 22083
3 136 921
3 285 921
2 262 820
3 925 953
3 490 592
2 31 711
1 249 901 31841
1 121 493 7763
1 585 793 8746
2 301 322
3 289 901
3 151 576
1 743 914 31546
2 49 449
1 96 554 3754
1 85 428 8127
1 157 897 28015
1 77 241 15078
1 417 474 10827
2 19 151
2 881 900
1 214 473 28211
3 465 697
2 515 551
2 112 181
2 81 801
3 865 941
1 685 782 9630
3 25 741
2 161 197
2 231 448
3 229 328
2 856 881
1 466 730 5089
1 41 561 5263
2 264 781
2 355 701
1 483 557 32061
3 690 729
3 599 996
2 5 27
1 627 966 10567
1 321 997 18458
1 177 759 11349
3 209 649
1 185 465 11518
3 545 571
3 97 219
2 65 691
3 89 629
1 530 777 21032
2 314 718
1 418 973 22180
1 509 725 8396
1 206 501 14693
2 337 934
2 51 451
3 889 901
1 679 737 11730
3 361 974
2 525 815
2 499 836
1 786 985 16078
2 273 721
2 655 755
1 85 521 27787
2 279 493
1 101 411 20986
1 137 507 19139
1 649 972 14332
2 478 788
3 517 585
2 139 765
2 437 881
3 376 655
2 57 543
3 201 401
3 665 794
1 541 781 15158
2 471 841
3 637 675
1 324 366 6430
1 111 179 29857
2 289 518
2 295 733
3 63 537
2 141 148
1 58 137 24422
1 167 821 13807
2 257 981
2 98 481
3 337 926
1 393 787 6548
1 674 875 2196
2 1 606
2 673 675
1 54 570 7977
2 1 313
2 604 706
3 93 639
3 81 868
2 85 744
3 561 696
2 101 521
3 287 701
3 479 621
3 116 716
1 389 537 6689
3 757 919
2 126 805
1 189 838 14576
1 251 308 2856
3 477 849
1 222 900 479
3 306 413
2 805 865
3 319 551
3 371 957
3 435 576
3 41 695
3 247 393
1 201 832 30976
3 421 553
1 260 716 32162
1 121 669 7973
2 524 742
2 2 645
2 693 889
1 721 796 21139
3 193 715
2 101 782
3 26 501
1 620 781 6611
3 136 957
3 130 921
1 529 657 22194
2 673 981
1 176 304 29573
3 261 421
3 261 512
1 35 833 19908
1 81 441 640
1 393 421 19252
2 761 951
1 53 377 15633
3 561 791
1 116 377 5447
2 573 873
2 737 953
2 513 987
3 251 339
1 567 641 26002
2 177 837
3 17 363
3 298 944
2 93 991
3 91 921
2 674 796
3 257 901
1 133 555 10051
1 330 514 21224
3 503 763
3 753 903
1 791 873 26478
2 101 435
1 361 741 172
2 33 225
2 115 601
2 1 901
1 447 689 8417
2 305 805
1 890 937 11080
1 37 65 10055
1 341 626 21995
1 1 566 32571
2 353 405
1 684 897 14371
1 120 175 122
2 281 766
3 449 569
3 61 533
2 48 97
1 71 143 7217
3 241 839
3 201 789
2 415 578
3 471 588
2 480 681
3 476 489
3 379 763
2 537 576
3 873 904
3 361 495
2 1 977
2 561 961
1 243 981 20985
2 33 196
1 105 492 25896
3 147 229
1 351 413 7853
3 449 773
3 278 528
3 207 527
2 81 113
1 81 901 5313
3 669 939
3 497 729
1 237 520 20781
2 185 753
1 500 790 22990
3 31 195
1 269 885 20778
3 601 885
2 623 801
2 201 615
3 269 575
2 440 801
2 987 993
3 181 541
2 521 656
2 393 501
1 551 662 3414
1 281 689 2515
1 319 329 18103
3 440 889
1 2 719 31580
1 361 413 4321
3 221 501
1 361 728 13109
1 463 665 22015
2 513 692
3 603 669
1 193 377 31215
3 243 308
3 61 656
1 514 961 19461
3 37 183
1 411 673 12620
2 421 829
3 264 921
2 301 701
3 943 961
3 597 912
3 668 905
2 305 991
3 49 251
1 559 586 12692
2 361 966
1 6 131 19614
1 127 601 19129
3 16 301
2 806 867
2 453 514
3 25 391
3 79 141
1 826 982 32458
1 151 570 28785
1 521 929 19386
2 441 621
2 421 733
1 293 795 4732
1 641 859 4500
3 41 537
3 154 445
3 214 953
3 817 889
1 156 761 27407
2 21 57
2 282 629
1 346 618 12721
1 565 881 9674
2 351 405
2 585 973
1 29 845 12648
2 217 883
2 245 891
3 41 401
2 17 217
3 331 951
1 529 593 8683
1 705 748 18761
3 89 761
1 31 625 32432
2 687 979
2 355 781
3 122 451
3 344 753
3 261 671
1 156 561 12230
1 199 801 31506
3 801 831
2 541 986
2 419 809
1 410 981 27700
2 254 607
1 913 956 24251
1 721 873 19342
2 665 844
2 65 105
3 221 503
1 313 849 7795
2 265 424
2 303 489
3 251 491
2 845 995
3 181 751
2 610 947
2 565 631
3 559 639
3 876 993
3 795 925
3 81 217
2 254 721
3 277 696
3 232 969
2 751 801
2 701 851
3 451 637
1 337 565 27917
3 171 961
1 405 636 17226
1 581 793 26102
2 517 610
3 781 833
1 340 890 11384
2 32 580
1 746 981 15275
3 216 744
1 17 289 29428
2 466 493
1 181 585 24835
1 401 613 14465
3 505 542
3 736 761
2 99 289
3 103 689
2 857 937
1 399 951 3264
2 33 239
2 53 137
1 397 416 16054
1 293 651 10349
2 290 345
2 541 641
1 569 751 17631
3 719 813
2 97 630
3 1 759
1 321 836 4373
2 597 801
1 547 841 17721
1 502 836 9505
2 135 451
1 119 381 26972
3 751 855
3 413 847
1 635 841 20932
2 961 981
1 1 342 29598
2 145 514
2 582 712
2 294 455
1 675 845 4992
2 407 984
3 123 829
2 161 567
1 41 119 13640
3 113 833
1 303 681 32418
3 833 998
2 357 409
1 151 874 9529
1 717 846 4295
3 135 636
2 13 606
1 847 859 8658
2 51 136
2 21 997
1 41 415 16105
1 733 783 29586
3 61 495
2 146 651
3 459 724
3 149 779
1 256 391 7251
2 473 635
3 127 900
3 26 541
1 639 986 12365
2 40 873
3 225 383
2 36 261
3 397 545
2 121 979
2 629 985
3 500 702
2 385 793
2 497 697
3 153 385
1 49 157 27132
2 309 565
1 134 206 6419
2 127 881
1 21 201 15123
3 327 751
3 737 949
1 161 489 32055
1 801 919 840
2 117 643
1 97 278 8399
3 239 870
1 371 525 4861
2 257 469
2 317 399
1 325 375 306
2 234 499
1 157 937 3786
3 89 833
3 301 921
3 285 667
1 725 732 24072
1 603 679 11305
3 275 707
2 729 961
2 701 991
2 261 910
3 953 990
1 217 321 24049
1 201 246 28225
2 241 386
1 153 301 15489
1 197 673 10805
2 597 646
3 821 837
2 589 905
2 273 561
3 142 950
1 527 921 2819
1 79 613 2277
3 9 453
2 25 301
1 561 770 23646
2 167 489
2 467 501
2 97 681
3 42 829
2 128 826
3 174 447
2 716 802
3 421 793
3 179 846
1 81 269 21387
2 691 795
2 591 661
3 233 473
1 466 501 11171
2 331 881
1 319 427 5567
3 41 107
1 861 981 27081
3 817 893
1 520 701 2982
3 401 526
1 251 721 14472
2 545 733
2 57 569
1 153 192 4841
1 518 881 847
2 79 282
3 361 940
2 249 352
1 137 206 24290
2 121 977
1 91 461 21149
2 329 964
3 625 816
1 146 536 13134
3 161 677
3 1 357
3 1 845
3 21 436
2 306 957
1 233 676 32491
1 565 793 10408
1 666 756 1237
3 221 381
2 913 937
3 696 805
2 155 321
1 791 976 18981
3 211 377
3 353 699
2 765 908
1 91 908 13463
1 59 420 19063
2 897 946
2 27 251
1 215 681 28558
2 561 955
3 1 901
3 576 682
1 756 813 6972
2 257 737
3 154 374
1 321 731 26721
2 569 623
1 159 255 1300
2 286 965
3 409 641
2 1 637
1 457 721 27426
2 487 655
1 92 811 27047
1 257 873 8424
1 130 150 9449
1 199 579 11061
3 61 72
3 395 948
3 774 971
3 448 877
1 561 909 9477
2 461 599
2 241 426
3 364 561
1 105 396 6799
2 224 921
2 179 385
3 353 548
3 341 933
3 403 960
1 559 618 853
3 44 601
2 373 979
2 667 801
3 395 911
1 4 91 17699
3 227 681
2 701 857
3 247 406
3 277 667
2 120 801
1 484 601 14778
2 69 337
1 226 851 5848
2 285 473
3 137 401
2 441 966
3 305 413
2 566 989
3 34 441
1 28 758 26638
3 889 923
3 225 922
2 645 977
1 120 401 9776
1 149 719 23539
1 251 876 12439
2 517 897
2 481 783
3 355 977
1 51 781 23098
2 17 553
2 455 711
2 517 737
2 89 476
3 41 241
1 439 866 5646
1 269 478 26802
2 345 417
2 491 913
1 497 765 16711
3 669 857
3 466 751
1 413 736 29664
1 129 827 4920
2 865 877
2 441 752
3 515 725
2 364 859
3 176 365
2 151 557
1 557 986 11945
2 440 667
2 780 888
3 179 813
2 241 251
3 495 547
2 13 615
3 586 809
2 1 164
2 253 785
1 713 974 17921
1 105 907 28449
1 119 305 1129
1 896 984 12208
1 293 381 19046
1 210 629 12900
1 365 881 13674
3 112 234
2 401 679
3 645 776
3 731 959
1 41 233 25306
2 44 901
1 293 425 25312
3 107 111
1 50 570 7337
1 129 833 18255
2 945 974
3 477 597
1 419 927 10655
2 533 567
3 237 985
1 1 201 5897
3 219 431
1 553 975 16880
2 153 167
2 766 936
2 225 611
2 161 258
2 271 785
3 597 752
1 225 472 21149
1 678 821 24674
2 113 130
3 233 927
3 3 311
1 225 889 1567
1 293 818 13652
1 217 288 20116
3 25 45
3 161 321
3 175 551
2 750 993
2 209 555
2 729 900
3 245 571
1 90 729 2649
2 376 796
2 249 515
1 441 589 6960
1 251 481 7208
3 405 601
1 171 591 1243
3 166 569
3 113 831
2 549 892
3 471 971
3 177 799
1 257 631 12321
3 225 365
1 204 561 19987
1 601 991 24606
1 317 481 32347
2 28 334
2 535 851
2 141 504
1 430 485 7125
1 518 561 17641
3 481 976
3 176 415
3 721 871
2 131 359
3 251 559
1 69 162 16231
1 626 653 11194
2 792 793
2 493 862
3 5 994
3 1 216
3 321 561
3 938 960
2 185 901
2 401 679
3 417 483
2 61 495
2 35 681
3 249 441
1 141 521 31963
1 457 699 15581
3 567 665
1 51 293 8697
2 139 369
3 239 301
2 228 745
1 601 815 13471
1 111 133 6049
1 910 965 27118
2 211 491
2 358 412
3 699 874
1 251 760 14383
3 686 859
3 180 469
2 383 568
1 119 657 2685
2 101 698
1 611 616 22556
2 109 797
2 441 485
3 485 923
3 126 461
2 453 979
2 304 729
2 221 997
2 141 329
2 251 421
3 249 425
1 801 896 24004
3 421 777
2 195 626
2 401 833
1 9 997 14218
1 686 825 16483
3 126 876
1 305 704 20846
3 97 821
1 173 745 1870
3 283 905
2 265 765
1 119 281 17228
2 511 529
3 101 907
3 533 865
1 352 500 7466
3 309 852
1 197 364 22438
3 221 897
1 541 669 13925
2 207 331
3 485 577
1 209 889 25250
1 113 350 11147
2 241 601
3 677 909
3 227 390
1 150 653 32297
1 541 921 22433
2 323 407
1 30 40 7775
2 135 362
1 638 921 19510
2 683 871
1 206 587 17477
1 241 609 23477
3 109 376
3 365 576
1 27 865 22458
3 601 876
3 18 885
3 831 979
3 296 757
2 4 684
3 13 701
2 883 969
1 7 561 3074
1 239 361 16622
1 697 754 19682
2 140 734
2 297 905
3 301 667
2 149 580
3 209 451
1 105 395 14930
3 465 526
3 209 929
3 161 506
1 285 750 30189
1 25 901 10544
2 161 321
3 501 651
2 126 293
2 36 951
1 195 431 25382
3 66 443
3 111 403
1 395 396 6341
1 187 961 25692
1 436 495 4898
1 77 801 31827
3 274 934
3 197 638
1 51 665 16197
3 501 921
2 502 525
2 275 945
3 325 418
2 259 826
2 134 767
2 277 713
3 272 635
3 247 649
1 81 913 2279
2 25 153
2 737 971
3 584 763
1 9 881 31462
3 651 895
2 71 807
2 383 452
3 437 489
2 376 596
2 671 871
2 64 749
2 505 793
2 325 769
2 96 311
2 369 761
3 165 413
2 521 683
1 57 897 29749
3 36 423
2 761 975
1 50 511 21258
2 33 638
1 381 763 10896
3 145 336
1 403 560 18070
1 21 193 3773
3 196 211
1 642 689 11255
2 35 421
1 287 809 20259
1 480 680 28469
2 897 998
1 371 675 5685
2 579 743
3 393 801
3 41 777
1 621 729 640
1 148 841 9157
1 125 681 18578
1 51 761 21947
2 31 917
3 380 769
2 617 920
1 526 877 31092
1 386 963 23698
3 403 631
3 673 811
1 495 817 2189
3 812 992
3 273 841
2 530 837
3 361 691
3 529 553
1 393 593 15236
