101 104
18105685 85684286 80526162 87482740 35793686 60690005 59889122 76018757 66250053 12426359 5391670 18686629 41710432 9632772 4129725 4284279 11945062 81163778 99441578 10664066 62601053 51586716 91667314 80663796 83117005 48134303 51993170 86142426 79537730 31167996 60527559 46063785 89712589 16926793 14912788 59008696 38393987 7659583 10258880 42251460 15584509 25301309 432149 11162475 57824727 15114436 62330529 29703601 95016754 423417 51873977 10397565 94795313 23179559 41854449 64590621 30704511 72139066 67529894 13414846 47397832 92166468 64307061 11428853 70672699 80626940 45258944 52412985 67831055 12617018 69865776 30031719 47251963 10866044 58849069 69588797 44384444 60636005 31192424 4616927 85157011 26742840 44968274 50982229 14057668 58256481 66577059 4270090 83274008 5256685 89853652 34784078 18253660 60390925 68979620 48506581 27509472 97016215 84676759 76668471 89336569 
2 14 38
1 1 101 9136487
2 23 63
1 69 97 25436965
2 49 101
3 98 98
1 42 73 30961736
1 61 64 19775430
2 15 70
1 16 39 70041677
3 35 99
1 1 101 15078026
3 22 33
2 3 68
3 13 71
3 26 57
1 1 101 2355914
3 15 57
2 53 97
3 48 63
2 73 95
1 1 101 91821199
1 65 87 6371364
2 11 71
3 43 74
3 2 77
3 21 33
3 9 58
2 23 91
1 1 101 19474380
3 15 34
3 28 50
1 14 21 3283310
3 34 57
2 20 59
1 1 101 117889
3 48 50
2 50 62
3 34 52
1 1 101 30228209
2 85 99
2 38 46
2 59 89
1 3 70 58702729
3 38 76
1 1 81 7470366
2 62 63
1 1 101 42853228
3 56 73
3 30 71
3 24 76
1 7 39 63954948
2 14 53
1 22 62 69382903
1 71 95 91440972
1 1 101 86450270
2 5 47
2 15 61
3 39 82
2 67 89
2 31 33
1 50 50 57702151
1 38 62 38819080
3 34 80
1 1 101 29234382
3 69 82
2 52 95
1 14 98 4061771
3 47 95
3 2 25
3 41 94
1 1 101 68037494
2 18 34
1 1 101 40066372
2 29 78
3 26 46
2 33 56
1 48 59 92572
1 10 95 70744452
3 13 40
2 15 82
1 69 86 70509678
3 12 83
2 83 96
3 54 90
3 8 81
1 39 63 43698344
1 56 89 31045811
2 23 98
2 96 96
2 22 53
3 11 97
1 1 101 23631180
1 1 101 29398805
2 22 32
1 9 95 21681619
3 53 64
2 55 70
2 37 97
2 98 99
1 39 41 2036396
1 5 54 3822414
3 6 94
3 12 42
