50
-94745 41567 62449
-212 -12466 11527
71156 7984 17142
-48501 -89985 46442
6481 -6822 29985
90701 63731 20847
57684 -89707 7887
59500 33366 39344
-57922 -83714 10429
93173 -71467 44148
68869 -68243 79072
57642 89856 94536
43039 23907 62732
58136 68578 58841
-13075 -45489 85103
-9116 -39660 93242
-30328 -13165 44490
71769 8885 51996
69744 58998 22699
64400 -58316 16359
62812 -12198 93613
-79626 97320 18543
-65728 46604 45329
-80170 -34954 63946
98542 50659 99775
65457 -1354 5612
-11740 27381 91517
-72961 -54537 50447
-38377 -73194 95736
42954 86712 23522
55391 -84669 51259
-84041 53841 66556
-74977 59935 46981
93442 -20761 99905
-12173 -91440 63945
-87591 -15295 31838
-82790 -9539 78182
3814 34423 81209
-7934 63137 64104
86765 -24957 76075
60114 -46494 71006
38774 -82342 27112
-8332 62496 81300
58139 76387 41152
-49899 16678 62036
-3698 -65873 7531
68080 -74939 27544
87776 -99032 65746
-77074 -9162 66425
-17025 -69004 97099
