30
-72616 63795 56612
-66954 3638 41704
-49947 -15571 69187
-75190 33899 43854
-63127 -33476 55838
90009 -91843 98077
76510 90999 56669
80287 -33106 83223
10267 1043 16521
2014 59733 34975
-75644 8313 78355
-49220 -72224 76011
-76928 2404 54614
-91294 -82084 12511
54240 20722 17796
33428 53337 59062
-46314 51613 87493
97506 66139 85827
-59323 -16769 66150
88943 79435 37743
63410 1285 26789
-68139 -99502 6529
38538 81552 46859
14351 -68681 99896
-25599 -82605 38120
47215 97647 90570
-80678 -659 98984
36289 80668 7478
-22606 -30739 18471
-48565 47959 5558
