30
-31112 -44558 14428
22591 32900 22297
78132 -19395 63043
-31864 -82564 99336
-35698 83868 20423
-46770 18054 62630
-94156 -24764 92473
-29177 -51594 50689
17323 71109 46414
-38728 -44280 20488
57213 80367 98533
84622 40856 53202
80701 54601 96019
-28938 15688 25202
69551 14920 1834
-69145 -16205 25729
-48462 33434 90337
62983 -6383 86065
29264 30377 3165
10233 59821 94206
44750 91977 62673
-63641 46513 93034
14844 -80533 42879
60156 12352 91437
31690 -74992 60263
96722 48684 72094
-34238 19686 40611
78936 -81283 31778
92179 -74722 24956
29089 -71997 82564
