40
80453 -94523 18673
-68687 22439 39548
30033 -86207 98382
55946 -92272 13290
-43158 66475 24623
-27737 -4452 89103
52367 63938 23815
19240 -31681 9986
-78316 33275 33765
-89598 2408 4482
-71270 -85905 20841
-264 50379 40306
15282 37441 51809
-73364 -12947 48426
79403 -38443 42149
-10093 98522 58926
21168 9762 27808
-87580 -97183 47788
14445 -90419 40598
-95114 66133 62851
44312 -97740 71005
25079 70609 63696
6505 -60128 43932
51622 27494 97955
-66264 19621 64730
-57015 -2003 58594
-53663 -12915 12044
-84526 -3220 587
-88387 -52046 2292
-50416 -54070 83823
27812 -42399 61477
84566 27871 79630
-6238 91987 65486
-8682 -36802 58638
-67702 69091 44985
-33991 78912 54332
63748 54550 25532
85484 51022 30110
-3467 44526 35950
-99634 27112 1673
