40
-58560 22453 39951
66926 -88432 76519
17668 -42457 67078
-96832 -58009 21222
-67171 19451 85700
-51537 -81946 93370
-46873 -53820 18247
-7504 47110 40729
58375 -57132 97796
23703 44339 62629
43086 11104 27581
-37861 30029 66950
-47995 -66203 6822
-44666 -62681 85388
-97059 -13703 14694
-10684 -77759 94443
-18747 39321 91081
-24609 -63885 74517
-1798 40484 84403
52614 -11062 64248
-74921 -60159 28886
-56 -44659 54012
-22530 27844 64206
-14480 -82983 44203
26686 73168 15783
39008 76795 97111
-29550 -44661 89
-3282 70524 49781
54874 71869 51587
37337 -3713 28638
-87772 -7545 64066
32481 -6952 4346
77613 -81956 16936
8310 5998 22608
71692 44264 31870
-36254 31952 57339
-620 -57342 44115
30624 -38438 40406
-79466 -69497 537
-42723 -89907 83867
