50
45310 -30378 58153
58828 -63304 1177
3773 56643 32426
49122 21345 19816
44186 48259 1602
83894 4604 30906
71622 43639 66058
-30652 -17105 49950
28611 -69872 21332
57414 -79736 91693
55641 69916 81196
-40244 -59258 96933
59335 33701 26121
-45573 60957 80967
-37266 -67814 64402
59720 -99873 55313
69959 -75415 25444
30763 4740 60891
10157 65983 92299
-76346 2611 95867
91550 59274 65532
-13547 39811 6899
93399 -18415 89636
-87748 72461 57199
48063 84909 90539
28616 79936 99134
-92968 89142 879
-98776 -30400 41095
49831 -24056 97727
-3786 424 7496
86609 -42830 74885
61855 6854 919
-39491 33343 8785
39365 -61876 40900
95070 -27189 75732
70604 52487 54984
-17142 65821 70270
-17508 65233 43884
-66813 59492 85068
88511 70161 25759
-99034 58411 13228
91034 85986 49120
-94179 62392 85054
-74057 -36262 17777
42731 -79666 99911
46050 -64948 82
-56535 77226 40425
77721 -96292 32992
-30519 66434 33556
-34386 4147 67264
