1000 1000 1000
2 1
3 2
4 3
5 4
6 5
7 3
8 7
9 6
10 7
11 8
12 10
13 3
14 8
15 2
16 6
17 1
18 6
19 1
20 17
21 2
22 19
23 15
24 19
25 13
26 13
27 16
28 16
29 11
30 19
31 15
32 24
33 17
34 28
35 27
36 12
37 17
38 6
39 26
40 13
41 2
42 33
43 9
44 37
45 22
46 23
47 23
48 46
49 18
50 11
51 41
52 4
53 47
54 51
55 46
56 51
57 21
58 50
59 11
60 12
61 60
62 29
63 4
64 3
65 39
66 41
67 47
68 23
69 11
70 7
71 50
72 26
73 13
74 5
75 66
76 7
77 48
78 34
79 6
80 46
81 45
82 2
83 64
84 30
85 73
86 35
87 42
88 43
89 18
90 17
91 31
92 26
93 68
94 60
95 66
96 17
97 88
98 10
99 95
100 92
101 87
102 38
103 51
104 101
105 41
106 13
107 35
108 70
109 39
110 69
111 98
112 85
113 12
114 112
115 94
116 100
117 39
118 80
119 63
120 40
121 72
122 81
123 6
124 61
125 76
126 108
127 97
128 90
129 123
130 79
131 28
132 24
133 36
134 29
135 2
136 59
137 34
138 4
139 99
140 41
141 33
142 109
143 62
144 38
145 56
146 103
147 118
148 111
149 133
150 8
151 104
152 111
153 71
154 29
155 21
156 77
157 124
158 76
159 37
160 122
161 154
162 89
163 75
164 96
165 120
166 84
167 120
168 22
169 43
170 4
171 53
172 13
173 83
174 87
175 34
176 114
177 137
178 89
179 161
180 101
181 82
182 170
183 46
184 79
185 14
186 6
187 181
188 54
189 171
190 122
191 178
192 96
193 25
194 1
195 180
196 173
197 121
198 187
199 163
200 48
201 35
202 85
203 158
204 187
205 164
206 25
207 42
208 75
209 133
210 100
211 85
212 93
213 100
214 152
215 195
216 208
217 100
218 110
219 216
220 153
221 108
222 21
223 150
224 102
225 149
226 193
227 66
228 9
229 119
230 225
231 209
232 215
233 49
234 8
235 81
236 88
237 190
238 43
239 36
240 202
241 105
242 26
243 23
244 191
245 232
246 153
247 20
248 15
249 118
250 224
251 132
252 11
253 8
254 13
255 56
256 231
257 211
258 8
259 132
260 20
261 58
262 37
263 135
264 74
265 115
266 94
267 200
268 62
269 99
270 200
271 111
272 95
273 125
274 216
275 264
276 187
277 239
278 255
279 93
280 152
281 48
282 217
283 37
284 47
285 126
286 80
287 268
288 70
289 9
290 101
291 181
292 129
293 44
294 203
295 171
296 30
297 240
298 91
299 130
300 174
301 216
302 61
303 244
304 128
305 35
306 98
307 7
308 136
309 164
310 63
311 185
312 214
313 14
314 169
315 266
316 96
317 265
318 197
319 276
320 103
321 177
322 30
323 135
324 111
325 20
326 13
327 66
328 51
329 275
330 115
331 83
332 269
333 3
334 274
335 57
336 153
337 1
338 101
339 300
340 183
341 236
342 252
343 68
344 226
345 277
346 299
347 125
348 229
349 327
350 219
351 232
352 254
353 73
354 337
355 322
356 322
357 51
358 42
359 37
360 219
361 169
362 256
363 177
364 65
365 25
366 155
367 48
368 263
369 214
370 59
371 355
372 62
373 292
374 150
375 188
376 47
377 159
378 74
379 50
380 342
381 325
382 292
383 11
384 366
385 380
386 167
387 27
388 381
389 61
390 87
391 64
392 301
393 26
394 327
395 149
396 277
397 352
398 304
399 158
400 21
401 396
402 370
403 394
404 162
405 295
406 256
407 138
408 14
409 279
410 281
411 109
412 147
413 391
414 253
415 123
416 145
417 221
418 280
419 88
420 391
421 40
422 252
423 265
424 379
425 196
426 242
427 286
428 334
429 330
430 350
431 368
432 256
433 182
434 221
435 332
436 55
437 337
438 170
439 278
440 201
441 93
442 10
443 157
444 279
445 265
446 284
447 215
448 58
449 148
450 270
451 100
452 311
453 100
454 352
455 58
456 364
457 208
458 265
459 305
460 411
461 418
462 8
463 251
464 427
465 325
466 278
467 272
468 211
469 174
470 468
471 460
472 446
473 12
474 93
475 338
476 101
477 435
478 211
479 102
480 236
481 427
482 360
483 168
484 394
485 195
486 391
487 446
488 296
489 68
490 422
491 196
492 197
493 38
494 333
495 430
496 95
497 165
498 428
499 83
500 13
501 478
502 213
503 355
504 247
505 341
506 185
507 157
508 237
509 369
510 182
511 415
512 180
513 51
514 506
515 186
516 208
517 291
518 86
519 267
520 407
521 350
522 42
523 363
524 13
525 432
526 524
527 475
528 439
529 91
530 245
531 383
532 531
533 353
534 257
535 311
536 163
537 3
538 419
539 5
540 418
541 90
542 304
543 241
544 262
545 308
546 289
547 306
548 179
549 376
550 81
551 125
552 525
553 78
554 166
555 200
556 376
557 305
558 319
559 193
560 288
561 445
562 212
563 228
564 173
565 19
566 356
567 315
568 549
569 122
570 367
571 106
572 185
573 431
574 86
575 324
576 558
577 397
578 236
579 450
580 327
581 319
582 225
583 247
584 373
585 131
586 201
587 448
588 566
589 251
590 278
591 407
592 38
593 244
594 593
595 530
596 227
597 32
598 294
599 111
600 348
601 338
602 337
603 282
604 326
605 287
606 220
607 286
608 598
609 524
610 538
611 518
612 77
613 60
614 585
615 318
616 200
617 408
618 393
619 391
620 224
621 519
622 15
623 103
624 166
625 336
626 575
627 379
628 570
629 228
630 428
631 184
632 220
633 382
634 593
635 253
636 549
637 206
638 276
639 424
640 298
641 91
642 119
643 472
644 530
645 30
646 455
647 15
648 130
649 214
650 647
651 54
652 130
653 421
654 64
655 349
656 299
657 478
658 631
659 135
660 140
661 373
662 101
663 415
664 481
665 124
666 626
667 129
668 624
669 132
670 286
671 43
672 316
673 390
674 423
675 269
676 342
677 15
678 291
679 590
680 447
681 302
682 593
683 111
684 280
685 544
686 569
687 452
688 220
689 281
690 450
691 152
692 588
693 455
694 511
695 685
696 585
697 276
698 545
699 494
700 320
701 576
702 62
703 250
704 184
705 460
706 542
707 568
708 647
709 664
710 130
711 699
712 558
713 670
714 433
715 440
716 134
717 351
718 271
719 341
720 23
721 174
722 503
723 193
724 236
725 576
726 13
727 240
728 19
729 617
730 588
731 47
732 307
733 286
734 676
735 693
736 459
737 310
738 180
739 463
740 351
741 607
742 94
743 273
744 393
745 256
746 287
747 501
748 477
749 353
750 139
751 418
752 481
753 519
754 615
755 726
756 632
757 431
758 577
759 268
760 336
761 266
762 329
763 41
764 45
765 44
766 632
767 621
768 445
769 534
770 206
771 277
772 385
773 371
774 211
775 443
776 634
777 287
778 74
779 141
780 65
781 147
782 526
783 599
784 507
785 777
786 325
787 679
788 759
789 191
790 80
791 51
792 760
793 476
794 638
795 643
796 724
797 236
798 137
799 177
800 643
801 666
802 39
803 743
804 486
805 143
806 774
807 671
808 672
809 734
810 510
811 255
812 713
813 600
814 722
815 324
816 230
817 403
818 31
819 624
820 800
821 686
822 728
823 235
824 651
825 600
826 164
827 358
828 114
829 74
830 174
831 574
832 397
833 56
834 152
835 502
836 522
837 135
838 643
839 495
840 524
841 612
842 807
843 335
844 169
845 154
846 635
847 128
848 337
849 650
850 128
851 150
852 156
853 351
854 513
855 689
856 242
857 82
858 808
859 667
860 36
861 201
862 651
863 164
864 717
865 582
866 68
867 429
868 831
869 576
870 444
871 280
872 50
873 342
874 327
875 99
876 280
877 248
878 811
879 742
880 102
881 763
882 169
883 416
884 195
885 855
886 267
887 741
888 418
889 796
890 808
891 121
892 396
893 297
894 159
895 167
896 588
897 74
898 483
899 121
900 139
901 507
902 343
903 73
904 204
905 731
906 501
907 888
908 620
909 593
910 793
911 760
912 448
913 456
914 634
915 136
916 386
917 869
918 621
919 239
920 737
921 260
922 168
923 233
924 333
925 357
926 71
927 855
928 670
929 441
930 170
931 488
932 698
933 173
934 859
935 897
936 10
937 690
938 80
939 362
940 872
941 33
942 619
943 155
944 722
945 604
946 6
947 99
948 431
949 67
950 392
951 915
952 816
953 632
954 81
955 479
956 188
957 258
958 266
959 277
960 761
961 78
962 252
963 354
964 672
965 105
966 436
967 587
968 26
969 159
970 272
971 674
972 164
973 445
974 730
975 611
976 852
977 920
978 770
979 247
980 133
981 332
982 818
983 686
984 494
985 110
986 342
987 497
988 462
989 899
990 756
991 356
992 533
993 240
994 648
995 422
996 456
997 483
998 547
999 135
1000 8
457 331
2 2
3 3
4 4
5 5
249 573
7 7
8 8
9 9
454 704
11 11
12 12
13 13
14 14
976 803
16 16
379 36
18 18
19 19
20 20
21 21
22 22
23 23
24 24
842 590
26 26
284 112
28 28
29 29
30 30
31 31
752 235
33 33
449 504
35 35
64 324
37 37
38 38
39 39
856 893
102 30
42 42
43 43
656 770
45 45
867 652
779 535
48 48
49 49
50 50
51 51
163 362
455 578
54 54
55 55
891 698
152 7
58 58
142 732
60 60
731 338
62 62
106 128
115 500
904 44
66 66
67 67
68 68
69 69
70 70
456 236
72 72
73 73
634 121
486 46
76 76
77 77
78 78
79 79
603 836
81 81
82 82
83 83
84 84
78 863
937 911
833 749
88 88
89 89
90 90
91 91
92 92
93 93
94 94
95 95
96 96
97 97
98 98
82 343
100 100
101 101
940 12
856 9
104 104
105 105
106 106
107 107
108 108
109 109
110 110
111 111
112 112
113 113
114 114
115 115
116 116
117 117
118 118
119 119
120 120
52 300
43 542
123 123
625 92
876 21
126 126
127 127
128 128
129 129
130 130
395 3
132 132
133 133
134 134
135 135
136 136
358 63
138 138
359 354
140 140
141 141
142 142
143 143
144 144
138 689
146 146
147 147
148 148
247 641
150 150
11 343
152 152
153 153
275 306
155 155
156 156
157 157
158 158
159 159
231 490
161 161
162 162
163 163
164 164
165 165
166 166
167 167
168 168
169 169
170 170
171 171
172 172
173 173
174 174
175 175
176 176
177 177
178 178
862 958
180 180
181 181
182 182
183 183
934 539
185 185
186 186
187 187
188 188
189 189
190 190
191 191
192 192
28 18
194 194
195 195
563 316
197 197
198 198
199 199
231 164
534 89
202 202
203 203
204 204
554 182
206 206
207 207
208 208
209 209
319 229
229 601
212 212
213 213
214 214
821 539
216 216
788 126
218 218
219 219
220 220
221 221
222 222
223 223
786 751
947 802
226 226
227 227
727 978
229 229
230 230
231 231
232 232
233 233
234 234
235 235
122 373
237 237
238 238
239 239
557 837
241 241
242 242
243 243
244 244
245 245
246 246
247 247
248 248
249 249
250 250
251 251
252 252
253 253
254 254
255 255
256 256
257 257
258 258
259 259
858 777
261 261
768 635
263 263
272 764
265 265
266 266
267 267
268 268
269 269
270 270
271 271
23 402
273 273
274 274
275 275
276 276
277 277
278 278
124 515
280 280
618 146
282 282
283 283
284 284
285 285
286 286
287 287
288 288
289 289
290 290
91 362
292 292
293 293
294 294
295 295
296 296
297 297
298 298
299 299
300 300
301 301
302 302
303 303
304 304
305 305
306 306
307 307
308 308
309 309
310 310
311 311
448 823
313 313
314 314
315 315
316 316
317 317
472 634
319 319
320 320
321 321
322 322
323 323
324 324
325 325
326 326
916 734
328 328
639 574
778 798
331 331
332 332
333 333
334 334
699 483
249 640
337 337
338 338
339 339
157 310
341 341
342 342
599 345
344 344
345 345
346 346
347 347
348 348
349 349
350 350
351 351
352 352
353 353
354 354
355 355
356 356
357 357
358 358
434 472
360 360
407 656
362 362
363 363
364 364
365 365
366 366
367 367
126 181
369 369
370 370
30 835
372 372
574 5
374 374
375 375
488 608
377 377
378 378
379 379
380 380
381 381
382 382
383 383
384 384
385 385
386 386
216 687
116 951
298 898
390 390
391 391
392 392
393 393
79 826
395 395
396 396
397 397
398 398
955 42
400 400
401 401
402 402
403 403
404 404
405 405
406 406
234 176
408 408
987 863
410 410
411 411
412 412
24 445
414 414
415 415
416 416
417 417
418 418
419 419
420 420
421 421
422 422
219 58
424 424
425 425
617 689
427 427
134 668
429 429
430 430
302 420
544 526
433 433
541 776
260 329
436 436
437 437
438 438
439 439
440 440
441 441
442 442
443 443
444 444
445 445
446 446
728 732
448 448
449 449
450 450
742 298
452 452
453 453
454 454
455 455
789 919
457 457
458 458
780 688
460 460
461 461
462 462
463 463
464 464
465 465
466 466
467 467
468 468
881 655
831 874
471 471
472 472
473 473
495 18
475 475
589 402
477 477
478 478
479 479
480 480
481 481
482 482
483 483
859 598
485 485
233 346
487 487
488 488
489 489
490 490
491 491
492 492
493 493
955 264
495 495
496 496
497 497
498 498
499 499
797 367
501 501
502 502
420 438
803 774
1 59
506 506
507 507
508 508
763 875
510 510
511 511
512 512
513 513
514 514
515 515
516 516
517 517
518 518
519 519
520 520
521 521
13 418
523 523
524 524
584 690
526 526
527 527
528 528
529 529
530 530
531 531
532 532
533 533
534 534
535 535
44 792
537 537
582 95
539 539
540 540
186 773
542 542
393 357
346 585
545 545
546 546
547 547
548 548
549 549
550 550
551 551
552 552
657 160
713 139
555 555
316 335
884 32
202 434
559 559
658 548
561 561
882 918
563 563
564 564
565 565
566 566
567 567
80 247
569 569
570 570
571 571
572 572
573 573
574 574
575 575
576 576
730 146
578 578
635 587
580 580
581 581
582 582
583 583
584 584
912 793
586 586
587 587
588 588
589 589
590 590
185 424
592 592
593 593
594 594
595 595
596 596
819 579
598 598
599 599
600 600
601 601
602 602
603 603
604 604
605 605
606 606
955 673
608 608
609 609
610 610
611 611
612 612
613 613
614 614
615 615
616 616
811 943
618 618
619 619
620 620
621 621
622 622
623 623
624 624
625 625
626 626
18 472
628 628
629 629
630 630
631 631
632 632
633 633
634 634
635 635
636 636
637 637
638 638
639 639
640 640
641 641
642 642
643 643
644 644
645 645
646 646
647 647
648 648
649 649
650 650
684 662
652 652
653 653
654 654
655 655
656 656
657 657
658 658
362 485
660 660
661 661
662 662
663 663
664 664
665 665
666 666
667 667
668 668
521 76
670 670
863 360
672 672
352 97
674 674
675 675
657 214
677 677
678 678
915 716
680 680
198 728
682 682
791 6
684 684
685 685
686 686
687 687
688 688
689 689
690 690
691 691
962 548
893 170
694 694
695 695
688 472
153 44
698 698
699 699
700 700
701 701
702 702
703 703
704 704
705 705
706 706
707 707
840 427
709 709
710 710
711 711
712 712
713 713
100 218
715 715
716 716
717 717
759 643
719 719
720 720
721 721
722 722
891 144
724 724
725 725
255 423
727 727
728 728
729 729
730 730
731 731
732 732
733 733
734 734
735 735
736 736
737 737
738 738
739 739
740 740
741 741
742 742
743 743
744 744
745 745
746 746
747 747
748 748
749 749
750 750
751 751
752 752
753 753
754 754
755 755
756 756
163 908
758 758
347 227
760 760
761 761
555 251
763 763
764 764
765 765
766 766
767 767
768 768
769 769
770 770
771 771
772 772
761 408
774 774
775 775
776 776
777 777
778 778
779 779
780 780
781 781
782 782
783 783
89 626
785 785
786 786
787 787
788 788
789 789
790 790
791 791
792 792
793 793
794 794
795 795
796 796
797 797
798 798
799 799
800 800
337 74
802 802
29 54
804 804
805 805
806 806
807 807
808 808
809 809
810 810
811 811
309 7
813 813
814 814
815 815
816 816
817 817
818 818
819 819
820 820
821 821
822 822
706 586
824 824
207 837
32 461
827 827
461 84
829 829
830 830
831 831
832 832
886 861
834 834
835 835
836 836
837 837
838 838
839 839
104 942
841 841
842 842
843 843
844 844
519 349
754 312
847 847
848 848
849 849
472 310
851 851
852 852
853 853
854 854
855 855
856 856
857 857
891 252
859 859
860 860
861 861
862 862
863 863
853 309
865 865
866 866
867 867
868 868
869 869
870 870
871 871
807 828
873 873
874 874
671 445
876 876
877 877
878 878
879 879
880 880
881 881
882 882
883 883
884 884
601 500
886 886
887 887
563 977
889 889
890 890
891 891
892 892
893 893
894 894
895 895
896 896
897 897
898 898
899 899
900 900
901 901
902 902
853 955
904 904
905 905
983 844
907 907
908 908
909 909
910 910
911 911
912 912
913 913
480 96
617 155
916 916
917 917
918 918
919 919
920 920
921 921
922 922
923 923
924 924
925 925
926 926
927 927
134 394
929 929
930 930
931 931
932 932
933 933
934 934
935 935
936 936
937 937
938 938
939 939
940 940
941 941
942 942
943 943
944 944
287 31
946 946
947 947
948 948
949 949
950 950
951 951
952 952
953 953
25 250
416 742
915 569
957 957
958 958
798 50
960 960
961 961
962 962
963 963
641 140
448 284
966 966
967 967
807 281
969 969
970 970
971 971
972 972
973 973
974 974
975 975
976 976
977 977
978 978
979 979
97 933
992 59
982 982
983 983
984 984
985 985
986 986
83 486
943 391
989 989
990 990
991 991
344 999
396 511
994 994
995 995
996 996
165 137
998 998
999 999
1000 1000
655 678
272 367
149 230
4 97
588 649
514 535
89 112
162 254
769 837
422 439
356 438
213 276
848 848
812 897
145 155
589 667
325 391
307 345
125 201
725 734
14 46
827 904
552 617
36 45
853 867
899 928
647 654
170 254
842 860
42 99
521 549
152 218
271 326
526 526
794 840
897 926
588 669
329 362
603 632
776 841
116 145
618 678
288 327
519 552
396 482
110 134
436 450
479 500
710 797
95 190
537 613
567 600
765 858
877 880
7 90
63 93
219 277
733 756
224 264
592 652
211 251
449 522
862 928
240 296
605 662
739 771
742 830
451 484
718 770
207 281
576 659
878 953
441 484
433 447
530 609
644 670
840 927
334 351
730 802
678 709
88 150
244 316
197 249
503 514
829 867
627 637
216 286
463 479
540 613
635 675
501 519
33 99
267 302
382 409
669 714
612 615
505 505
584 632
156 246
227 326
146 186
19 43
397 403
398 492
183 244
832 905
698 717
487 559
177 245
790 827
566 614
743 790
857 948
533 615
173 237
527 586
67 109
653 706
775 822
476 514
793 804
663 671
664 727
531 564
367 400
503 559
858 909
512 543
705 731
136 142
691 726
731 796
529 611
286 318
229 250
676 722
514 535
747 834
474 502
900 960
835 862
559 637
517 561
531 549
41 131
431 466
894 904
713 724
583 633
109 146
809 828
616 672
386 461
144 234
628 645
77 112
142 205
229 247
816 856
573 583
782 865
261 310
740 740
518 577
312 410
835 853
681 737
194 234
706 758
747 830
650 690
13 19
299 363
147 213
888 936
401 434
384 467
853 865
133 144
121 212
612 655
883 895
436 495
341 403
717 778
323 343
628 643
389 468
188 283
660 758
831 865
103 121
746 796
406 437
220 272
560 564
588 640
53 112
123 152
68 144
337 341
708 749
445 496
868 917
169 249
278 301
263 306
513 582
773 805
694 725
842 848
698 795
574 631
347 437
399 417
277 360
776 825
433 521
315 391
871 918
638 642
380 401
19 35
318 354
761 780
368 435
734 831
243 318
458 519
683 736
847 921
621 650
32 99
258 324
234 239
877 930
669 723
41 71
321 343
366 422
619 622
737 808
389 461
465 476
14 35
337 381
419 469
257 354
181 268
107 176
496 530
888 923
725 729
517 542
557 620
548 556
664 680
359 395
656 754
429 466
621 665
665 680
349 408
215 264
360 404
161 180
618 692
569 667
807 864
709 730
289 313
496 498
125 204
341 348
605 625
355 436
513 532
124 198
430 445
604 686
464 561
473 511
643 643
662 737
562 648
886 908
834 851
395 447
346 431
855 896
316 341
329 422
522 548
394 483
118 205
118 158
755 786
14 106
247 256
125 189
800 863
345 431
890 911
147 167
256 345
529 605
766 825
257 323
299 307
700 730
91 139
578 660
181 239
283 336
453 524
59 75
698 747
619 663
195 289
321 374
83 103
95 181
673 706
734 765
821 828
284 348
629 725
79 111
216 307
605 656
857 912
668 716
808 868
396 425
785 884
237 322
750 766
570 595
728 783
192 285
24 45
380 419
827 887
338 435
146 189
877 896
92 143
546 604
439 528
877 900
817 835
645 735
556 640
312 356
809 894
219 225
279 304
206 283
554 641
689 763
674 738
28 42
713 755
236 278
426 468
462 560
771 811
359 433
630 702
689 746
612 697
302 325
233 297
214 291
615 698
603 679
840 858
857 935
284 363
675 724
681 701
148 152
660 676
881 931
107 120
186 228
424 447
254 268
300 389
878 954
880 904
314 410
638 652
7 44
862 936
303 304
730 747
692 737
371 391
627 681
454 539
393 414
53 139
323 350
791 884
619 633
422 438
785 853
889 923
297 331
568 648
345 379
52 79
652 726
571 589
845 858
778 863
214 279
31 51
136 192
417 470
540 543
252 254
273 312
738 792
686 704
205 237
297 385
886 928
156 212
746 775
349 388
118 205
752 833
612 625
56 66
264 329
885 963
166 217
52 88
600 692
129 166
827 876
23 38
123 151
363 410
655 687
50 83
23 81
283 288
288 314
386 458
343 393
742 840
886 933
411 449
30 119
561 650
109 118
576 644
200 258
614 668
843 870
280 357
521 608
78 144
460 468
354 430
859 897
70 73
858 915
859 890
614 666
251 314
805 898
718 815
559 607
502 551
481 521
684 780
803 900
800 836
462 503
406 436
709 728
284 355
399 408
300 378
714 730
118 148
532 569
837 899
324 413
838 876
712 721
588 650
457 491
548 571
310 331
753 846
682 693
672 723
640 666
225 266
384 465
625 650
734 820
215 246
706 803
480 482
465 534
629 667
306 360
93 170
619 663
60 145
865 865
345 404
593 679
436 535
264 322
294 388
685 726
177 220
845 857
875 882
717 769
349 398
699 708
75 147
118 157
52 136
776 816
812 832
892 935
417 459
240 279
693 732
76 120
884 950
674 677
54 75
316 390
397 431
517 545
881 952
310 347
30 40
552 628
368 385
420 443
666 685
499 559
449 460
63 151
338 416
301 320
211 214
268 314
618 635
367 419
771 844
835 869
188 195
111 147
600 645
215 224
853 904
52 99
437 524
438 534
733 774
221 293
235 272
328 364
892 954
172 234
751 807
575 661
30 39
513 590
29 125
742 832
543 548
67 93
581 621
563 660
614 699
528 560
65 79
643 730
27 81
750 844
782 840
763 812
371 385
396 435
35 111
319 412
487 527
390 412
696 785
764 815
759 799
282 335
343 374
657 704
365 370
139 174
351 420
851 876
6 28
615 618
456 526
485 508
362 455
449 451
830 845
779 825
391 436
477 498
46 51
668 726
47 77
105 120
789 799
453 497
349 444
519 604
826 909
807 870
193 203
855 913
227 310
892 934
870 898
597 642
737 836
433 478
296 317
242 262
807 848
98 117
360 443
691 715
522 591
644 707
206 227
790 814
280 296
409 506
48 113
248 286
600 606
652 667
695 763
525 560
428 493
403 434
574 646
639 730
702 728
899 946
542 615
435 487
73 96
202 213
508 556
795 815
817 859
294 335
146 149
76 147
700 743
738 805
57 109
259 310
419 497
505 562
624 645
831 869
134 212
403 496
319 411
831 891
545 557
811 818
252 329
769 837
233 309
65 67
161 161
525 580
880 901
422 467
678 688
221 226
618 700
45 143
7 40
529 563
66 129
654 654
444 481
301 355
752 827
243 271
457 485
295 360
880 936
561 605
599 682
75 113
30 58
391 454
329 362
572 575
629 663
433 444
400 486
235 247
734 748
135 172
898 977
90 185
790 841
301 341
474 498
209 255
722 780
592 603
723 771
8 93
321 388
22 75
872 941
429 452
310 353
816 846
641 647
743 828
641 718
18 104
555 559
218 242
175 204
736 750
504 600
727 740
213 263
739 786
740 800
630 715
301 350
409 428
290 365
226 271
188 236
776 867
414 487
612 702
751 794
481 572
691 703
9 78
517 615
785 840
150 154
754 829
663 669
406 500
672 717
109 199
331 423
697 778
137 156
614 665
734 808
170 191
261 344
218 263
4 95
515 605
711 730
436 461
646 674
740 829
512 570
474 510
164 222
654 670
487 514
204 291
211 258
661 705
282 323
480 566
508 597
107 180
513 577
228 240
582 617
641 665
868 945
12 70
29 69
132 163
654 738
675 686
879 914
332 349
756 818
844 924
200 240
757 793
534 604
148 195
860 943
202 206
785 795
136 139
402 465
9 88
863 901
389 431
774 797
151 204
117 176
750 801
452 499
161 188
352 386
320 335
79 145
874 892
601 651
677 767
778 804
707 711
523 606
175 215
289 349
101 148
255 257
621 667
286 381
181 231
608 612
188 240
590 631
482 547
245 246
341 361
836 887
78 154
478 545
410 418
549 567
724 753
456 491
168 210
848 895
192 206
707 763
50 93
812 877
33 117
623 703
751 847
174 181
455 529
441 506
552 629
726 825
845 913
481 569
223 312
896 967
32 94
608 700
702 768
520 601
87 119
271 296
488 504
744 755
34 104
185 206
344 361
776 842
624 680
316 403
236 255
94 147
70 81
358 451
170 237
869 875
527 590
167 185
816 869
218 294
696 729
652 722
748 802
861 942
567 614
592 648
728 759
60 112
355 415
206 279
766 808
442 465
372 443
154 227
664 708
226 325
549 588
176 181
660 694
196 280
476 560
677 751
458 497
281 287
371 408
420 500
657 665
566 608
11 95
690 749
183 190
475 568
300 369
647 658
203 299
539 541
439 515
818 917
283 331
878 878
759 796
762 843
746 765
731 757
410 452
624 640
565 661
344 408
532 552
444 502
660 722
681 742
276 362
515 609
324 380
665 701
34 117
766 805
250 325
568 629
43 139
851 936
108 172
239 287
739 820
632 715
685 733
870 928
671 769
739 836
76 148
477 505
14 109
706 785
641 739
318 380
185 252
710 720
26 73
732 810
863 932
621 634
831 922
379 424
653 664
551 560
535 614
693 703
592 602
292 366
525 559
887 931
873 927
552 604
458 485
816 830
533 583
171 224
