1000 1000
1 1 1 1 1 1 1 1 1 1 1 1 1 1 1 1 1 1 1 1 1 1 1 1 1 1 1 1 1 1 1 1 0 1 1 1 1 1 1 1 1 1 1 1 1 1 1 1 1 1 1 1 1 1 1 1 1 1 1 1 1 1 1 1 1 1 1 1 1 1 1 1 1 0 1 1 1 1 1 1 1 0 1 1 1 1 1 1 1 0 1 1 1 1 1 1 1 1 1 0 1 1 1 1 1 1 1 1 1 0 1 1 1 1 1 1 1 0 1 0 1 1 1 1 0 1 1 1 1 1 1 1 1 1 0 0 1 1 1 1 1 1 1 1 0 1 1 1 1 1 1 1 1 1 1 1 1 0 1 1 1 1 0 1 1 1 1 1 1 1 1 1 1 1 1 1 1 1 0 1 1 1 1 1 1 1 1 1 1 1 1 0 0 1 1 0 1 1 1 0 1 1 1 1 1 1 1 1 1 1 1 1 1 1 1 0 0 1 1 1 1 1 0 1 1 1 1 1 1 1 1 1 1 1 1 1 1 1 1 1 0 1 1 1 1 0 1 1 0 1 1 1 1 1 1 1 1 1 1 1 1 1 0 1 1 1 1 0 1 1 0 1 1 1 0 1 1 1 0 1 1 1 1 0 1 1 0 1 1 1 1 1 1 1 0 1 1 1 1 1 1 1 0 1 1 1 1 1 1 1 1 1 0 1 1 1 1 1 1 1 1 1 1 1 1 1 1 1 1 1 1 1 1 1 1 1 1 1 1 1 1 1 1 1 0 1 1 1 1 1 1 1 1 1 1 1 1 0 1 1 1 1 1 1 1 1 1 1 1 1 1 1 1 1 0 1 1 1 1 1 1 1 1 1 1 1 1 1 1 1 0 1 1 1 1 1 1 1 1 0 0 1 0 0 1 0 1 1 1 1 1 1 1 1 1 1 1 1 1 1 0 0 1 1 1 1 1 1 1 1 1 1 1 0 1 1 1 0 0 1 1 1 0 1 1 1 1 1 0 1 1 1 1 1 1 1 1 1 1 1 1 1 1 1 0 1 1 1 1 1 1 1 1 1 1 1 1 1 1 1 1 1 1 1 1 1 1 1 1 1 1 1 1 1 1 1 1 1 1 1 1 1 1 1 1 1 1 0 1 0 1 1 1 1 1 0 1 1 1 0 1 0 1 1 1 0 1 1 1 1 1 1 1 1 1 0 1 1 1 1 0 0 1 1 1 1 1 1 1 1 1 1 0 1 1 1 1 1 1 1 1 1 1 1 1 1 1 1 1 1 1 1 1 1 0 1 1 1 1 1 1 1 1 1 1 1 1 1 1 1 1 1 1 1 1 1 1 1 1 1 0 1 1 1 1 1 1 1 1 1 1 1 1 1 1 1 1 1 0 1 0 1 0 1 0 0 1 1 1 1 1 0 1 1 1 1 1 1 0 1 1 0 1 1 1 1 0 1 1 1 1 1 1 1 1 1 1 1 1 1 1 1 1 1 0 1 1 0 1 1 1 1 1 1 1 1 0 1 1 1 1 1 1 1 1 1 1 1 1 1 0 1 1 1 1 1 1 1 1 1 1 1 1 1 1 1 1 1 1 1 1 1 1 0 1 1 1 1 1 0 1 0 1 1 1 0 1 1 1 1 1 1 1 0 1 1 1 1 1 0 1 1 1 1 1 1 1 1 1 1 1 1 1 1 0 1 1 1 1 1 1 1 1 1 1 1 1 1 1 1 1 1 1 1 1 0 1 1 1 1 1 1 1 1 1 1 1 0 1 0 1 1 0 0 1 1 1 1 1 0 1 1 1 1 1 1 1 1 1 1 1 1 1 1 1 0 1 1 1 0 0 1 1 1 1 1 1 1 1 1 1 1 1 1 1 1 1 1 1 1 1 1 1 1 1 1 1 1 1 1 1 1 1 1 1 1 1 1 1 1 1 1 0 1 1 1 1 1 0 1 1 1 1 1 1 1 0 1 0 1 1 1 1 1 0 1 1 1 1 1 1 1 1 1 1 1 1 1 1 1 1 1 1 1 1 1 1 0 0 1 1 1 1 1 1 1 1 1 1 1 0 1 1 1 1 1 1 1 1 1 1 1 1 1 1 1 1 1 1 1 1 1 1 1 1 0 1 1 1 1 1 1 1 1 1 1 1 1 1 1 1 1 0 1 1 1 1 1 1 1 1 1 1 1 1 1 1 1 0 1 1 1 1 1 1 1 0 1 1 1 1 1 1 0 1 1 1 1 1 1
5 225 924
5 700 880
5 226 782
3 374 604
5 783 952
5 366 803
7 280 344
7 611 689
7 107 983
7 599 617
7 490 629
7 801 889
5 448 675
7 91 816
7 284 422
7 108 486
7 121 965
7 288 590
7 581 883
7 41 219
7 35 990
1 297 366
2 373 376
5 8 61
7 106 855
2 826 912
6 791 927
7 290 600
7 50 296
2 385 436
5 490 583
3 290 918
7 6 725
5 163 704
7 97 159
7 611 888
5 376 805
1 108 162
5 619 838
7 280 787
5 87 541
5 500 829
7 318 646
5 931 969
3 846 922
4 26 942
7 420 546
1 469 526
5 265 275
5 574 626
7 127 732
5 378 902
7 195 381
7 647 772
5 59 157
1 59 139
5 5 963
5 20 68
4 273 711
4 581 713
5 218 735
7 85 904
7 157 847
7 460 487
3 693 822
7 86 408
1 177 256
7 377 836
7 280 924
7 230 285
7 38 268
5 427 468
7 137 528
7 182 262
1 610 656
5 444 565
5 185 533
7 136 336
5 768 832
7 55 133
7 910 977
5 441 605
7 330 814
6 42 390
5 211 907
5 126 138
7 566 722
6 18 545
1 103 163
7 346 761
5 747 795
5 51 466
5 285 901
5 183 893
5 94 756
5 207 353
5 389 720
5 546 950
5 142 285
5 378 943
5 687 818
4 418 498
7 151 534
7 258 985
2 627 638
5 394 905
7 571 924
7 237 704
1 125 182
5 196 386
5 51 745
5 150 405
7 515 643
7 280 710
6 420 573
3 83 416
7 871 894
5 606 860
7 728 807
5 83 934
7 666 768
5 290 452
7 301 821
2 405 482
3 418 934
3 236 902
2 451 540
5 73 89
7 626 897
5 219 861
5 736 758
5 73 235
6 156 220
7 120 862
4 275 477
4 73 896
5 463 801
7 30 542
6 809 985
7 332 887
7 214 881
4 484 500
3 381 951
5 736 894
7 442 600
5 535 863
7 696 847
7 580 870
2 19 111
5 119 681
7 72 837
5 595 704
7 505 724
5 530 832
5 327 409
5 225 450
2 603 620
7 926 961
7 80 91
5 341 416
5 725 923
7 379 707
7 533 854
5 261 420
7 245 524
1 572 640
5 135 533
7 224 395
7 159 432
1 231 255
7 2 515
5 94 614
4 59 376
5 260 355
5 688 693
5 361 731
7 13 50
3 58 420
3 689 783
7 387 930
5 156 200
4 202 561
7 83 992
6 212 984
5 13 298
4 583 702
7 526 993
6 916 968
7 703 878
7 538 868
7 598 648
5 341 707
2 238 304
5 37 561
4 188 283
5 126 876
5 92 196
5 61 140
7 702 851
5 145 188
7 614 638
7 318 570
7 224 634
6 874 917
7 212 878
7 387 874
5 429 455
7 532 943
3 201 779
7 326 879
7 660 904
6 47 864
3 302 387
7 214 671
5 130 169
7 20 768
7 231 745
2 850 871
2 189 239
4 249 682
7 590 804
4 267 347
5 269 778
5 256 742
7 666 836
5 35 52
7 700 906
2 60 92
7 104 512
7 213 861
1 203 279
5 5 724
5 387 565
7 344 912
5 537 717
5 526 684
7 207 307
5 172 617
5 717 843
5 28 252
7 132 791
3 62 821
7 190 776
1 566 599
7 304 363
4 724 839
5 38 910
6 488 513
7 601 671
5 113 277
7 7 474
2 60 123
7 538 879
7 166 257
7 277 847
7 225 854
7 291 500
7 327 901
7 301 427
6 332 736
7 96 689
5 3 110
5 940 968
7 235 759
7 210 739
4 188 218
7 294 425
6 19 992
7 591 656
5 468 567
5 536 638
7 320 658
5 111 964
7 367 461
5 619 902
7 517 984
3 567 952
5 488 687
5 452 777
3 842 855
5 516 766
7 281 580
5 515 585
7 57 964
4 318 670
7 271 991
3 634 656
3 392 508
2 201 236
1 62 158
7 533 797
7 462 904
3 70 493
7 41 998
7 541 785
7 395 408
3 69 772
7 494 754
5 207 323
7 337 439
7 41 614
7 417 883
5 64 425
5 352 438
2 622 655
5 48 992
5 271 468
5 94 994
5 530 633
4 624 745
5 185 708
7 192 449
4 65 116
7 94 497
5 209 219
5 865 972
7 163 661
5 53 792
7 66 920
5 463 755
7 357 418
7 246 796
6 249 650
7 293 669
5 666 734
5 258 840
3 794 959
1 56 59
7 24 603
3 225 673
5 466 553
5 287 595
5 120 329
7 256 472
2 417 420
5 228 621
2 894 968
5 209 883
1 126 165
1 99 168
3 640 674
7 390 510
7 106 235
7 794 794
5 642 730
5 223 249
7 358 788
5 130 159
5 622 644
7 127 780
5 171 611
3 180 899
5 22 891
2 7 102
4 584 992
5 592 723
1 244 275
6 439 527
5 219 226
7 570 771
5 343 580
4 202 459
7 718 761
7 397 408
7 449 640
5 190 421
4 481 778
7 172 476
7 195 443
5 387 412
5 455 702
7 568 997
5 431 747
5 789 920
3 770 813
5 89 186
3 837 937
7 148 941
5 861 983
5 634 749
5 44 995
7 91 230
7 611 701
7 541 851
5 324 357
4 34 142
5 700 755
6 249 633
7 39 928
7 797 946
5 340 497
7 321 461
7 464 743
2 63 100
5 796 991
5 496 677
5 253 694
7 478 554
6 334 737
5 38 977
7 698 877
6 51 763
7 492 532
7 256 769
4 551 783
5 233 985
7 17 213
1 75 98
7 575 945
7 507 659
1 22 81
5 402 548
7 50 331
5 618 816
5 271 604
7 177 832
7 495 783
7 709 720
2 401 476
5 414 762
7 443 509
1 480 509
1 168 244
2 439 538
5 296 777
7 137 747
7 109 253
7 47 230
7 587 610
3 777 912
5 86 987
5 89 129
4 194 707
7 330 412
5 902 943
7 821 967
5 65 910
5 583 935
7 121 571
5 135 274
7 244 940
5 399 905
5 81 690
5 291 791
5 145 475
3 361 621
5 97 784
5 926 968
7 229 591
5 70 465
5 193 261
2 790 829
5 286 700
7 730 800
7 211 465
7 10 365
5 26 417
7 323 508
5 131 418
5 739 939
7 210 274
5 145 229
7 570 650
7 623 669
7 136 261
3 458 752
7 325 583
7 407 851
7 439 729
7 217 614
7 142 776
7 115 438
7 758 808
7 113 162
5 501 883
7 5 537
5 544 635
5 541 796
7 16 826
3 532 586
7 155 850
2 584 661
7 21 880
7 165 556
5 455 611
5 249 922
6 118 992
7 46 777
5 221 460
7 510 943
5 278 797
4 53 166
6 396 477
7 529 846
5 738 883
5 750 919
7 118 557
5 887 888
4 585 800
7 118 754
5 652 698
7 424 830
7 327 757
7 269 367
7 810 835
4 932 981
1 517 557
7 56 903
1 816 892
7 681 734
5 51 776
5 358 593
4 225 430
2 18 106
4 355 368
2 667 703
7 342 966
5 283 775
7 193 900
5 17 650
7 216 447
7 152 500
3 379 596
5 700 725
3 825 976
7 22 883
5 136 152
5 61 674
7 806 833
7 96 788
1 165 213
6 579 917
5 705 871
5 84 418
7 548 822
3 330 663
5 204 417
7 796 864
7 357 359
7 932 991
3 48 823
5 112 468
5 210 753
5 349 784
5 381 804
7 197 939
7 23 146
7 63 430
7 180 591
2 82 136
5 344 791
7 176 798
5 228 281
5 425 587
5 637 791
2 386 462
7 105 796
5 856 902
7 677 744
7 276 656
7 83 339
5 94 472
4 223 919
7 53 673
5 853 980
3 385 931
1 44 115
7 204 600
5 796 956
5 96 537
7 461 538
6 144 530
5 224 757
7 206 394
5 755 991
7 85 302
7 476 924
5 216 951
5 439 855
5 312 550
5 430 795
1 80 87
5 282 774
7 422 836
5 452 651
3 187 478
7 319 445
5 752 871
7 337 689
7 781 811
5 470 911
5 465 990
5 370 754
5 72 472
7 330 976
7 244 655
3 743 967
2 8 35
7 291 740
5 369 434
5 124 754
5 174 717
3 465 998
5 5 755
5 551 915
7 810 846
3 442 691
1 354 390
6 257 930
6 116 707
5 339 924
5 825 917
5 550 912
7 408 919
5 293 444
7 460 726
6 722 873
7 662 882
7 335 830
7 577 945
5 573 607
5 270 825
2 612 669
5 424 943
7 29 606
7 41 616
5 372 446
7 63 622
5 296 487
7 96 944
4 446 752
5 285 887
6 270 730
7 105 450
4 892 947
7 346 715
5 450 530
7 125 184
4 330 831
7 52 992
5 746 830
7 14 920
7 537 907
7 38 64
7 290 427
7 85 324
3 489 915
7 377 647
7 269 826
5 551 744
7 717 825
7 191 283
5 293 670
6 121 519
5 120 690
7 349 448
6 22 663
2 37 48
2 29 33
5 256 341
7 648 984
5 376 778
7 251 582
5 136 419
5 64 338
7 591 595
7 405 741
7 89 478
7 181 259
7 302 728
1 680 708
5 266 923
7 840 874
7 615 905
5 50 402
4 543 700
4 487 495
7 651 753
2 193 239
7 420 927
7 487 725
7 485 983
7 25 345
5 149 161
5 297 689
7 396 559
7 748 816
5 133 934
5 400 640
5 123 500
5 187 227
5 68 126
7 342 858
7 382 776
7 58 364
7 393 641
7 220 988
5 563 605
7 2 870
5 196 674
2 113 202
4 371 538
7 600 700
7 539 907
2 448 526
5 361 841
4 191 475
5 4 285
7 212 304
7 154 159
7 662 940
2 245 309
7 70 765
4 320 809
5 187 762
7 22 645
5 463 947
5 439 771
7 104 170
7 433 811
2 164 247
7 75 89
7 122 979
5 230 927
5 513 880
5 214 502
5 470 831
5 507 513
7 675 980
5 763 841
5 5 835
5 12 57
5 644 937
5 444 487
5 371 728
7 190 251
3 348 780
7 8 709
7 33 823
5 249 892
7 417 652
7 100 538
1 223 290
4 207 830
7 237 431
5 460 992
5 96 808
6 468 827
5 541 813
5 291 885
7 665 690
6 224 638
5 385 747
5 581 626
4 48 83
1 343 399
5 205 885
7 457 919
5 209 890
7 234 960
5 272 452
1 525 578
7 223 950
5 48 823
3 206 301
7 65 639
7 829 887
5 254 990
5 538 722
5 116 880
7 183 416
5 600 796
7 491 625
4 6 474
7 611 699
3 117 343
5 242 883
5 1 505
1 182 272
1 307 353
5 23 802
5 24 505
5 112 690
6 40 50
7 182 311
1 128 188
7 211 597
5 387 905
5 322 388
7 672 988
5 651 777
7 696 915
7 9 672
1 316 368
7 24 497
5 229 796
7 318 782
7 244 949
5 168 495
7 232 536
7 387 813
5 303 882
7 361 661
5 112 741
1 425 464
5 258 799
7 183 449
7 480 794
7 51 791
7 381 401
5 279 424
5 314 978
7 698 742
5 746 931
7 155 737
5 142 381
7 1 863
4 500 952
1 143 168
7 252 547
7 2 668
6 65 374
7 652 704
4 145 853
7 160 696
5 157 596
7 131 284
5 122 197
1 179 221
7 408 485
5 212 517
2 40 76
7 282 551
2 389 398
5 206 537
7 162 588
7 490 949
5 670 783
2 192 277
5 140 156
1 748 764
6 414 602
5 300 993
2 498 586
5 723 925
5 424 528
6 40 651
6 93 782
5 658 668
5 15 977
2 891 894
7 35 427
7 429 594
5 28 565
5 288 410
7 493 885
5 423 559
6 266 945
5 393 890
4 401 403
4 371 730
7 56 69
5 453 828
7 698 929
7 309 627
5 453 909
5 238 489
7 831 867
5 263 602
7 341 399
5 499 734
5 857 872
7 916 932
5 105 744
7 234 622
5 427 944
7 42 376
7 88 540
5 792 891
7 212 675
2 453 498
7 215 924
5 7 330
5 111 229
5 122 871
7 417 451
7 338 427
5 620 637
7 734 909
7 671 758
6 82 208
7 285 664
7 192 711
5 146 364
1 370 446
2 488 567
7 79 126
5 506 534
5 115 489
5 110 134
7 114 650
4 594 672
6 56 619
5 77 333
5 869 956
5 284 818
2 178 202
5 11 971
6 632 690
7 125 805
5 121 866
7 533 704
1 74 172
5 360 885
5 192 809
4 69 702
3 282 952
2 625 671
7 285 390
7 721 960
5 310 466
7 130 843
5 690 742
7 38 573
5 612 746
7 133 838
3 356 658
7 584 961
5 480 525
7 193 217
7 229 906
7 468 524
5 659 764
3 59 112
7 810 885
5 63 472
7 617 782
7 189 798
2 147 234
4 16 202
5 644 991
5 194 719
7 39 791
7 339 519
3 241 654
5 338 992
7 133 213
7 505 750
6 264 405
7 451 955
7 276 277
7 119 233
5 499 634
4 459 861
7 181 783
6 177 448
2 559 649
5 585 930
5 144 926
5 111 444
7 147 530
5 315 439
6 24 949
3 254 926
5 246 626
7 334 621
5 274 914
7 17 102
7 56 258
5 823 937
5 740 984
7 10 298
7 360 744
5 189 807
7 238 799
7 589 680
5 32 149
5 11 323
7 325 472
5 554 885
4 29 251
5 316 434
7 365 540
6 245 371
7 310 718
5 147 273
2 487 513
7 396 710
6 230 741
1 335 414
5 11 278
5 819 912
3 474 477
7 52 328
7 197 385
3 256 554
7 98 671
6 966 992
7 94 538
1 85 109
