500
57001302 18 339 91
68626134 16 813 10
55205472 7341447 824 202
87917970 13 787 42
81308976 1247153 958 417
90880687 72069290 5250501 356
35341808 7 720 288
61183261 0 738 35
17671452 69162750 53808251 119
3436054 43882123 540 68
22519165 10 922 161
9218565 1 421 123
46246686 13 516 421
91414749 45558228 48153813 95
56867794 26188736 34064555 158
9824923 6 369 138
22159086 14 956 290
23155302 62741960 24209279 53
89962747 2 228 121
82412671 93419200 604 334
84730095 48927336 54751666 13
34578500 46095802 555 441
24492729 31219584 721 432
7713449 6 106 187
70329644 3020612 18048972 446
91167104 64962154 46708156 28
78793492 46569157 753 102
70804640 20 579 44
26965995 11802227 9604452 451
26337155 68206082 75967080 83
96106898 68766533 23422188 69
90011843 22976792 817 132
21812290 90207200 37009039 479
96870483 73975780 53189966 34
55181314 14 23 243
78021072 11 686 436
68517846 7 80 204
40065652 63086585 9788719 191
92118400 23033375 19354075 467
37900486 14 742 381
72562004 26467132 45 333
11472460 14 435 48
23478090 9 604 165
33347738 38541154 62995825 170
40060269 43854920 15895139 420
85548521 88243116 568 141
69650827 92928055 44667517 172
4558814 3 738 216
23727244 95002766 553 117
84104117 93476343 5 408
12417246 18697655 783 467
9200049 60309359 45542649 468
60335661 97007563 901 489
98382685 15 395 333
42372489 0 909 322
84071577 9386493 742 327
5159916 7 969 298
4973640 75101343 71798944 90
33630522 60182650 88469900 250
80830256 55958457 77782925 284
67151225 10 959 319
49693380 15 265 111
99627735 71054859 806 467
78039871 17417435 446 135
22052535 97314258 27473899 176
25098860 11057455 499 287
38369593 70919154 52987170 436
45451015 58655010 93097329 318
22174932 8 831 51
94719690 71588338 119 445
26979896 69807129 606 326
40805897 1202648 489 387
20000120 33887172 91926529 407
40788567 16 439 103
31071314 57825396 881 49
4491452 51255877 807 15
95789473 9 251 307
26887134 1218129 489 240
75718118 965944 99386386 153
73174473 89982047 43245346 111
32464189 11 10 312
65126955 21491358 70 70
32846146 2 479 381
55242181 92472838 90633584 440
85784268 1 720 62
92346481 35279612 516 332
55709898 34742728 740 373
79593389 6 953 127
46764427 7 428 354
1897831 10 184 225
67134372 5680362 4550050 211
5111185 97741597 38142919 398
5944105 3 566 449
76670919 17 410 94
34961831 1 654 326
34830135 13 428 61
56513936 1 216 99
98720544 75753195 780 341
8748583 5 18 190
67952262 7 937 403
61545344 57384782 338 33
64624271 3 727 418
19149388 18 364 204
3030273 55954819 568 491
91391885 77896569 604 94
57920147 99572183 66293015 417
41450855 18061670 24778039 301
43417827 38123666 557 90
23605033 30255115 19298376 492
42914498 6 16 328
56710845 32631200 23641424 93
81110856 25076771 53279087 338
29232563 0 818 191
69620398 81280027 25842987 124
85277369 30166325 19649289 123
96946750 5206606 69980434 436
32055781 4 194 283
75093493 12850893 609 283
63995097 1 257 267
80792822 60332045 51630387 155
27386534 91975889 1983001 29
46570190 2 377 451
69230702 1689331 44927181 176
39695174 9 339 122
66206215 0 268 147
60603746 2 859 105
6814507 2 467 456
6577573 62926154 20758518 186
20040784 13 171 282
24604252 17 385 427
52732208 2 824 402
80553024 81665489 383 488
54066668 27485261 99799889 120
9429301 16 584 168
56060230 20 846 365
78482474 24159966 422 207
91829344 10 901 497
37743727 9 438 246
48276137 36982093 24739727 26
9195393 12 604 499
33408052 84647070 674 476
99455797 50144141 230327 338
42220960 41781018 488 136
3397609 11 123 433
79298497 11 390 124
26891323 4357471 65826453 230
26256401 11 238 162
16211926 17 787 72
55638592 12 26 468
53745871 0 546 360
4399181 29887658 75303404 127
4528913 81735068 55133015 439
41949957 14 658 268
72532662 13 38 317
71651617 19 608 40
34884570 9474715 68789389 167
17965805 50488501 92742361 257
83833990 4 271 466
14634743 48615422 39366587 76
33536534 34329232 37296756 281
7379031 17 222 425
99072485 78894373 65533556 408
17116320 2 619 410
27552940 22699627 418 409
86147130 45927367 654 239
6187011 11365284 93297311 245
18787770 53213502 117 40
32407487 94151246 25073608 404
30093992 1115275 669 438
27297775 14 123 110
35186970 3 209 67
9676682 79486983 698 478
27798555 23081953 7299970 59
82323209 15 218 447
26382699 22252155 29608787 145
55115962 5803791 517 312
44667044 1 222 364
44006201 1 785 77
33345917 55248657 841 111
19734641 71978707 6361566 391
47601619 2 652 271
5243041 16 996 327
96805079 59070084 33152792 174
13296386 17422536 44226768 482
61340641 68730186 62232293 52
82318580 15 603 337
21531152 16 507 120
79170254 42960439 17176327 314
72470912 9 183 237
36590889 13 415 196
36464359 15 201 267
12938815 3 507 183
37241912 67814242 77 18
41766223 11 126 358
1936013 14 146 199
41690719 11 497 234
14768550 60384960 160 203
88516912 0 1 126
10467958 14 334 97
82944994 4 18 215
35744971 15 386 273
1831692 45011972 659 409
11975315 96622543 48357760 311
3474157 71713867 29398975 421
64582008 32847153 72061091 53
24376502 98940697 525 84
38512374 26677084 12439247 277
58486666 66960456 6482769 351
58988567 84419733 50838260 318
14233948 82765499 390 400
44746043 16 831 101
94182703 4 859 187
2043277 6 998 380
54793243 14 47 420
84805117 80465229 36557277 336
36186894 8 139 263
44122649 10210312 12 482
86274448 74584352 301 262
37885198 65827418 53920483 484
50416621 35670232 70469099 82
650811 11 591 189
62645256 13 735 272
38783181 53026089 275 226
14076557 92492055 815 430
88657031 8 960 436
86473574 3 338 340
1928572 1 362 308
83194772 10 135 450
42350912 47344242 61854266 383
36856376 6 822 222
93667563 9 711 115
50922092 12 372 148
59200408 14 922 67
79186514 20603372 23169810 352
10139685 70258817 796 344
58482061 328167 15247557 382
50107293 7 351 487
49774211 20 962 83
92353728 2 437 383
27089054 6 950 436
54544367 56359820 234 485
14729650 9606665 86296367 429
91442297 670901 95024023 69
61395307 5 165 106
23887996 1 866 143
36897173 85830680 141 425
34329937 19 445 303
21896431 46925675 38797550 400
86007454 35044595 741 2
90645896 15 905 241
68475918 6 908 111
40849797 1 799 64
78035544 12501556 45686788 354
79217781 97701669 37780295 286
3171712 10 215 424
34035604 9 315 196
47490473 94456305 4 468
43794567 3934590 745 134
80456058 4 192 301
34612167 11 621 238
1319668 12 289 201
86015762 18 453 89
54606823 64340211 18876323 401
17107778 12 522 117
75524693 92075914 19050982 494
94224323 7 126 338
5303433 0 475 366
64764181 15 365 80
38340236 7 416 333
29757115 20 812 166
4264947 22071965 723 492
89041510 57152909 868 128
19863503 62763627 988 101
69139496 6 75 107
47677236 4 670 157
37861532 2 918 286
89873439 64031622 69093607 430
47014600 11416287 27570679 405
46218635 0 158 91
49315987 13 265 464
6127287 29583796 581 102
30044527 15029816 94106301 479
11423336 13 666 228
35854586 5 250 391
9395334 63196158 417 312
95754089 5 402 417
67344949 98962792 60004100 495
3981920 17 903 223
34314886 64969113 92849655 220
16297862 10 465 143
19431268 8758459 32721605 473
10055684 1 72 201
16257927 3 616 388
83035250 3373645 322 18
60287673 5662008 990 417
44915295 90812974 14648532 117
78458084 37638991 809 216
78092419 27098433 65276887 291
7529453 56456993 84506148 472
44841212 82677535 37913735 142
49543252 83143825 43715526 5
90802518 62569600 70424675 403
413554 37054454 87074527 357
70029063 52758616 67872365 348
99429906 62614937 467 199
19199911 1 133 54
9227056 4 496 405
33392213 6 313 159
80306124 31120956 95140111 446
61590511 17 481 479
30952159 2065752 6373182 190
39366417 50622776 95776277 210
60849850 6 62 416
43147607 7550380 68593682 336
47159683 34013775 59799336 454
82843433 11 519 474
19211603 43267920 80073293 305
66842029 10412658 6778517 335
23584733 12 196 64
3532114 4654845 807 14
76427480 11 77 157
1203866 46075405 9543870 73
51544162 12 737 394
28206758 3 533 290
40451609 19 420 494
44502746 45096447 50095101 291
51499892 15 323 81
75135102 4 298 450
66656510 13894215 590 368
90698677 46225317 59 487
42181661 65002275 12131997 460
137330 3286786 813 464
36787727 11 115 147
50569005 85915032 56561204 481
74721903 65078547 92031679 308
16552303 20 396 434
43889441 79351015 83594264 262
15595292 42042920 39378501 412
63415339 17 626 387
83149206 92596128 55986918 201
16352080 20 715 357
37133916 68507733 97229563 194
85410395 8 533 73
67618841 48039031 624 226
90214307 1 651 275
30487946 6 54 123
30297779 30580572 95290250 121
67272629 43368288 38230766 79
17178120 83676307 311 167
79395898 1098921 73814744 43
88781011 50151034 101 35
15536449 57791528 43445552 491
26904829 98462023 10474198 91
13422443 8 288 202
37072366 90444305 270 84
9338660 70221285 93077568 388
17644269 2 758 84
91035458 16 370 181
51547574 82537559 764 127
85029648 10216410 13896300 123
52001541 5 221 457
17616474 95703950 110 245
92213893 33107685 53914404 107
16479721 8 248 262
79958906 9370098 16676152 129
42865077 19 744 220
92477597 9 107 476
13319472 67812838 15011699 5
23502387 16 568 238
45449673 44137885 1180569 161
46420401 71837146 41171771 445
79413334 15 942 175
110285 8 445 407
68174798 861207 92 331
70759849 5691177 735 454
91384091 93746408 526 453
29834084 3 800 17
19669134 8400459 6126558 75
22068271 29480013 49145161 347
37412 12 400 202
59305372 12 713 229
88392614 59594593 13433787 329
22254788 28797357 10085154 167
77905911 78309184 45869563 409
60919306 31652142 708 403
86025208 82243653 48940187 378
47535008 2 63 270
77073152 96992141 949 80
25906810 16 157 181
29771217 1 384 101
3016837 3 963 445
39714231 6 147 55
2106612 98885926 86400105 171
63754250 17 597 43
89791815 2 737 260
38159763 12 992 162
10192505 18 328 166
69539954 14 146 120
53453678 0 984 34
17624138 18 786 406
30673524 71372372 226 364
75605970 22809389 75512565 143
37268956 30805897 98 237
30580479 16700504 44313199 172
15927066 6 802 257
55335231 13 603 434
84882697 62347943 9890818 413
59690405 81993189 35232738 13
46690540 1 174 410
19872392 18 80 37
49466955 96174565 144 10
28503783 432249 42 273
30535045 9 808 189
18978379 9709862 3437379 274
90956123 19 637 153
39227802 69800965 69562487 98
92519372 2 144 157
309056 4 512 264
54203362 3 445 131
90407691 22881862 296 212
5650494 19 222 232
90276115 33642239 185 34
92960779 14 113 241
13808567 2 875 20
4276511 54933646 55267409 440
24359810 41828134 33364584 291
91981986 25128273 73305719 99
87695305 68701938 15175005 27
80306503 50236030 987 138
90359489 16 877 6
45091633 16 335 57
53432425 15 354 160
77639123 3243150 20 147
51387026 86928254 70068605 184
2412956 72694989 311 17
35676937 85751011 885 158
14054587 47331712 386 250
24427301 51134456 732 179
79051511 10640737 35329333 106
53428360 6 991 244
96846736 51089465 87 226
80165839 28728040 60986058 475
7589630 10 801 135
63436708 38450082 31674651 4
19346596 42903907 54420890 89
45750099 39126348 34709524 259
75095824 11 624 183
42795174 19 105 301
16276191 20 439 395
42593246 12 447 118
11450941 25949213 5149058 17
65080175 11 480 455
33951622 13093252 490 424
16314441 3 239 98
21428490 27037521 23558845 304
22590186 51409777 63 446
18936349 8 254 463
27806719 61646481 636 40
28654702 46948985 70645177 309
97706404 33754112 476 481
40225472 7 748 381
73595957 5 164 291
11555045 13 109 394
8080928 31784461 51320384 10
44963813 8 749 282
79457928 18 722 453
16472002 10 462 189
3038273 1 362 22
56043403 14 157 185
55057257 17 981 324
27725043 9930896 18431861 25
55847167 92824530 641 480
59231798 59761089 421 418
93573456 5 756 40
64286509 10 638 235
74870877 15 494 375
9478601 11804929 405 6
34845240 11425188 736 373
9256400 1 184 437
51205758 627089 73046868 306
52854497 91568146 190 253
64720854 34523992 64456431 33
55659621 49325474 50920148 213
69370560 4 19 274
68098769 6 640 178
11533216 31108467 65550070 358
78972909 99756638 993 391
32644396 16357995 15961066 439
79041000 73741331 360 385
92262315 76332430 34684534 363
91798314 10559959 135 4
49781474 93714663 28632846 315
80681351 15502717 246 387
29218951 32253893 647 260
6400688 69591493 76907361 277
11259033 20908687 50807620 433
3507711 12 248 382
66901021 78067456 48259129 408
85682237 42983265 71159818 455
22242870 18 163 355
