500
16123642 81745772 62135264 298
22717672 10 336 55
29063713 1 487 141
72500147 22522689 32837849 199
77915990 1 83 429
65192224 16383204 847 65
8076650 9 195 110
30071623 7366477 340 410
45088524 13125608 58261802 460
30310556 6 973 207
56913137 7 886 396
82298074 1 841 102
81118287 65629306 25061485 189
56319127 47105114 393 337
93533606 1 518 177
13735448 4 773 36
42554742 56357371 20999842 143
2523915 2 591 188
75327989 18696159 88469320 187
55626095 85385292 863 36
24319727 2 277 224
1046826 40778736 415 456
11625760 8 761 324
38640310 45647960 965 29
59408257 8 168 311
92712888 66528111 737 352
39381091 2 947 411
46554361 84900672 386 475
47607194 89379103 152 400
75070269 62913146 643 274
16575540 12681805 98931265 87
82114194 63141762 663 336
25844508 27410457 924 433
50073942 7 922 218
23287913 62535884 18732136 257
58140868 5362940 98765368 186
47545609 51977142 8965555 361
98072840 56376241 59759598 221
16310782 5 943 330
71124892 0 982 286
32570424 3 546 152
57483879 13 408 313
23862543 70195069 486 481
34918570 2 929 441
60337778 94824916 89630584 1
4130134 11 446 119
69808525 3848885 20809758 368
46866723 10875892 186 276
97328038 94030424 501 225
21772465 8396629 846 223
51189548 5 357 127
64026227 44697541 7221695 178
20027830 42589318 654 328
93925160 2 479 179
49647150 66357126 514 115
98529315 64567033 24269950 432
79588931 78444971 7 463
45109666 50666143 77057784 59
75956294 12 259 273
39291192 6 4 386
81053886 8 547 487
60858489 96973740 31 413
1076948 9846831 94138569 279
23878440 17 988 200
66339380 8 635 105
27435507 2 312 272
61982174 86635782 87389432 405
17410938 13 359 296
33917097 12888248 69256404 234
81889995 74428820 300346 26
41646406 86690571 49150532 32
2251156 15061711 99758937 407
16159065 6 117 297
52759500 42778756 80425451 50
21832371 6 97 15
63368903 21668251 828 334
33512966 4214286 29895604 95
27901493 3 727 479
72549823 17609418 24233046 451
12106079 16096746 78866751 323
88110 86880931 77388590 367
69724743 92728960 636 349
55214165 3 380 191
90231314 1 86 163
14799666 1 257 469
82029879 4 884 44
25584545 11 743 208
68214419 6162079 24215027 167
69115801 9189685 69 113
68425249 18 274 488
20401853 55944304 283 415
75827217 11 443 252
76301863 67234247 93273601 172
30249541 31109119 28302770 343
98868521 20387300 248 175
75480435 17 25 375
87720870 12454901 220 457
7685845 7 967 198
5043731 4 882 69
73333011 34510788 936 252
26958715 11 199 313
35771819 37474025 274 292
47255153 8445298 48570034 121
16749718 76387947 589 88
43432747 12 946 419
76957597 0 390 72
82149908 20 966 50
78199787 93693767 58604570 353
20443292 15 36 438
93751441 12 724 62
71973472 13196470 93957529 500
61693526 58079052 976 265
271704 19 842 361
92839683 97324336 53581954 362
4739674 15 769 179
53473016 34151236 14416771 11
84459585 7 62 354
87366813 2 570 488
4732602 12 428 70
90824266 60729849 9689951 364
76425897 7629463 79159135 423
85440072 79379443 154 380
99988154 16 996 462
1306502 92333231 162 328
34018935 49745774 55198247 257
10560149 11 635 108
13980806 13957706 941 10
57822842 92198929 672 251
55565622 1344484 758 485
13765388 40820458 890 136
76594726 46877353 76902658 26
39559924 19 223 203
99755542 19 314 183
42242991 72557752 291 393
88709199 13 579 448
31634476 24205649 75748847 476
19896335 10 865 151
72720778 92563297 259 153
18309577 1 419 428
51774579 20 20 319
96743710 57250403 39371664 265
19044838 77047436 8474292 246
33708671 20 905 268
36599593 4 897 435
32663838 17560153 62219989 29
91796125 35069404 37455422 125
95962661 11 626 369
21998162 84427236 23454068 252
13666403 28693771 825 427
34399266 8129641 81441004 493
72498449 15 345 387
46269619 1765153 285 19
29657795 84346329 932 289
28309849 9 882 196
2147755 51383106 97169323 258
18412707 53294933 339 441
86197935 0 562 60
17448940 12 799 225
70193551 18 896 392
7539023 79086386 58440547 238
66934329 3 813 314
88327967 22186043 951 7
43830426 12724068 346 16
23666280 16 697 153
66490432 71297841 64373055 319
32255615 14580157 785 32
72196194 4 754 27
90136612 56920713 10774485 151
92347367 53289391 20230440 341
24431821 13971802 30735145 73
73389755 51117606 5170753 320
14340167 8 601 380
67681027 2 317 372
84012230 16 915 198
58278222 54698786 882 26
67677640 20926345 24129020 251
81875787 72836495 630 154
9630496 4 701 227
88329421 23178962 24843402 351
61288763 52787036 816 278
31256636 10 895 345
43114702 15 704 26
8205154 5 797 45
41248159 68919323 61 339
17017981 17 942 475
75123159 4 219 246
81997110 4 694 134
38284674 15 554 201
34540553 81280417 560 393
3017454 11 510 4
58248145 19 658 164
38649898 93445845 77659293 257
7062952 7 579 342
68279443 97144473 69601410 348
17609535 79617645 528 155
15027009 92145496 61385319 199
35771532 5 95 408
15700534 3 385 343
73208494 2 286 63
8715790 83212986 86469373 487
88802561 3 723 248
9491831 36784595 76019418 347
81874146 36376469 71425055 244
91174004 87864733 274 149
70337429 242984 11116150 137
77283839 26469346 33057708 157
10360217 4 789 174
87766102 26050770 585 322
88377997 62179136 111 268
94865880 4137123 8819583 352
45006422 87267 205 400
77125352 23063999 58157320 471
97446184 2219620 968 208
28944202 17176940 291 50
2795946 12 48 349
62978104 78734718 81132970 468
9591962 18 197 147
75478855 0 182 150
20412673 35522876 589 381
13410546 47754930 14080301 216
42548124 9 21 121
55426841 94657265 375 216
46763232 15 312 104
90358523 0 58 380
25431059 1 205 247
42283811 262724 824 487
76574564 48661658 398 191
43264875 72059650 84693449 361
19788581 9442764 38484581 86
45423433 97942232 393 31
98945558 8 609 152
48897087 11 141 402
22560559 36126828 37250067 2
57554043 56925417 93051406 193
38000094 4 477 335
89505283 25951725 76812946 171
55070854 29333810 5 429
76416800 1 140 296
92437020 5 491 73
41716507 51162555 95201717 30
97105419 91655098 49291725 115
57648461 13 405 102
9742667 10 487 368
66079659 33776259 89 21
43590777 1576238 965 165
51830877 94542437 39368062 447
33554370 10 623 361
60470586 18817579 37459554 272
46207501 82653344 714 308
5485468 32215729 90436300 293
7012291 30474016 614 3
81080547 64985802 9198449 74
52184699 5 965 86
7889286 19 779 446
2783899 91382895 59414851 181
89068735 24603244 16925961 371
91972268 14 524 186
26782453 1 576 334
78604148 2 435 292
11579050 1564325 95078144 156
31672190 27287860 77375050 94
73960978 4 147 65
48782671 18 812 36
24763537 25343980 89463890 427
36782034 0 876 110
78648138 3 357 209
10534275 26875915 86426363 408
77610366 32358677 8551527 497
34725594 90287370 381 185
45442575 97856935 420 189
12675234 12 475 391
90636326 7 568 133
51759018 16132983 9434177 466
94552394 12 456 378
63291622 0 698 485
32591595 24409099 66521265 340
36668751 20 745 229
92377631 14428937 61843183 185
75700860 18 460 307
40711184 80280739 48366750 432
98806413 20 448 150
62303805 18 801 297
50078780 56059597 25451039 55
5146396 50758493 595 245
58461564 39970117 52869274 53
55823719 87092642 73999485 113
40630759 38894910 546 371
89547124 19 665 429
68698385 12 252 58
40990961 51362082 879 11
14384808 20 84 472
40717858 86770145 55137578 449
9359779 51769706 20524240 275
6993026 4348651 533 373
37230179 7 467 54
31222062 55462967 95215705 256
20545051 15 874 300
64885155 93909663 9680598 111
44335085 25712852 400341 202
99440296 3 8 161
44710391 94313043 12782136 138
98505559 60094632 227 198
20878196 20698152 22881105 225
64780669 9 479 70
54813560 3987241 48 442
26899864 77249848 38865295 325
80839954 84500283 6068355 310
96769252 9 901 435
38083087 12 105 143
15120254 9 116 60
43650085 23030161 426 175
12648054 20315021 44366416 60
84003398 94812833 6 76
97937401 63537144 938 188
63068119 0 166 469
58096931 80603162 74331101 279
39550526 80847862 63482110 414
67424609 26453030 25761137 207
40398890 32472172 546 437
66820311 13 235 318
52440956 14 168 282
9275354 29661031 35620148 91
40224523 34969002 44043105 425
71285664 64627025 28298888 372
35471463 17 906 223
72295034 13 296 251
24311805 89129078 67218161 445
53814999 7 228 263
39302858 8 307 32
96218934 20097374 69486822 285
80184562 18 46 173
32207898 0 770 365
5133181 1699561 461 353
56835179 0 592 150
16226812 6920750 44 201
55901855 85160544 1556990 201
98260077 67056042 366 166
75793389 95259628 66071010 339
54309645 34727497 97402673 268
88876866 7016235 925 462
42106065 19 530 206
18747437 12 823 381
24144656 19 92 288
1896546 23407609 405 29
49726170 76966303 94339083 282
4107990 91931454 716 342
18520430 24964481 15105663 384
37388451 50612725 558 218
84596309 16 884 7
39682053 60447598 453 29
49073506 11 458 493
25185548 8 427 247
13172469 5 390 286
69506730 27203677 605 98
76000525 20 633 424
29563477 33978005 98597361 314
32560345 5 550 201
97289258 49584473 80581451 348
27562569 20 464 259
38172151 20 658 350
39872947 16810049 45244809 292
11326682 2 576 261
90464453 13319328 440 153
19641644 92231624 474 85
26268067 51892897 15509153 251
33174146 82992056 771 87
45994841 93874558 367 384
81379655 36766590 71458317 311
5047542 14 542 121
47012868 19 938 10
93227857 13981659 91767047 101
49549487 41030780 75440982 415
92644862 1906274 994 188
75332581 7 659 339
51649458 44666760 741 203
49266859 2563103 162 463
29639574 9 559 106
68657054 4 476 29
47168243 0 637 120
47338683 93838113 848 242
96355875 19195007 444 105
32467198 54488610 907 153
38427890 11 28 337
89893729 35493746 846 466
71420205 2574384 47996474 281
24236197 70392348 96827800 458
15034890 82070706 57942587 167
58405620 11 574 267
43588033 19617629 684 396
90756727 84801040 331 80
55631524 9 133 242
63203394 35428742 31003106 407
33999768 15 689 154
9497680 88015407 66372296 324
86337510 1360005 33079014 31
19686815 57110464 650 84
35754840 5139362 37950014 293
56393026 0 69 62
1032493 31553746 75902498 206
11516036 72026667 68953785 189
4775377 80061547 96438255 266
62821353 18 21 229
53112672 85282315 20424920 198
12764104 34464264 83660444 197
88328374 7 355 235
50409535 1 395 410
55701715 99639696 81385831 296
66858115 10 678 398
72955718 40589093 692 291
64058648 14905795 24504015 76
49870199 87519518 85993045 366
25879946 62489981 933 79
59509742 9 164 340
87835373 90242891 96466791 369
77883741 13 934 192
67473423 13 788 201
33107018 42215606 51001329 470
75826576 16 407 371
94421099 4 576 191
31905120 11 899 63
76088514 13 496 18
11496126 26904652 148 295
28001953 15 21 17
40656905 91929293 22279847 319
37038165 3 610 114
20933359 3166609 73785044 65
24028278 12 47 398
1307337 5 521 325
18664438 5 516 6
97508791 65276427 496 326
77967838 75713339 66470303 157
50715270 11 589 111
81402734 6 708 51
52622583 76985753 14960561 439
766401 4 571 120
87188886 42156675 52 357
72428147 15 726 58
24176962 4 763 389
31313419 5 821 404
99440072 5 302 272
90565761 5 132 430
67776380 47652680 43325951 431
97723907 1 309 332
28081605 0 883 36
92882500 10 637 391
30191932 17 695 4
54543320 14576846 32526278 231
24112205 34237440 84123340 189
28757702 11 20 201
51393734 10542754 9573748 138
38828734 2 715 444
10503014 730520 372 476
49148534 59064168 29846133 83
13586108 12 341 322
41237712 51935520 49 336
86046260 49359660 120 263
65522043 14 299 102
33877832 5 423 315
88303152 94532892 46495452 239
71880197 43678815 77677840 472
29406821 39434257 49750775 175
60704122 13018254 6569586 88
34455229 20 192 79
5133479 2 927 453
59987028 8801347 77871949 400
57425075 2 450 479
66520888 62022289 24573744 1
78831231 16 909 294
25541115 72890806 99741231 10
31538788 88864450 919 176
55697766 7413254 35 473
51687587 19 986 479
86397865 45301118 854 184
43788404 7 422 247
68509351 42627267 357 77
60909008 18 781 118
13137171 19 108 202
20977904 8299197 51568960 360
61772447 42093065 46978677 168
44363719 48674500 61495662 437
9103135 1685737 85602478 88
8523691 11686788 47938795 49
35521160 18 507 350
4986973 9 661 489
38843142 3 513 364
78892854 5717784 110 285
84093318 91540125 61508443 266
13986956 37529433 701 162
74843950 88196327 75242939 88
16235606 37117748 346 203
96192019 10 822 268
55499957 17461063 854 463
31426869 8 555 191
48649335 18 407 60
96821642 13 786 441
66580430 81905856 88 409
6078629 51215064 80598651 196
60601481 97563377 104 231
54303413 92776406 131 333
71199635 19 523 99
