500
13675427 26948273 901 60
64585372 16 726 491
14266165 13172365 22289251 424
34721209 42373092 87099484 19
24059054 42400204 84374811 139
26573163 33952003 73728393 459
23219728 5 445 12
92480652 10000918 19938088 493
48879335 43811093 59026058 412
48573606 6 536 154
12027970 1 896 125
46790148 17 272 389
33826291 66600329 37526542 331
81475077 4 202 143
50721146 95894436 718 192
47236658 12 476 60
39802104 11 202 157
17957861 6 938 309
16927407 31751837 50939746 194
70406536 17915765 52548119 188
1363656 31532831 80592727 83
5341128 19 98 199
77701885 22972044 88500509 17
39552195 10 256 329
73050987 10 644 469
93692023 15 532 267
87319412 19 617 329
5644668 98550457 675 78
33538025 47529193 37411153 462
13556757 11795841 61926028 250
67833743 4 182 35
65117614 40727887 25228594 97
82849088 19 80 412
97381560 14 243 453
68389161 17 511 74
75397623 37007840 25325685 142
40782882 4 105 478
36139689 18 158 366
16337240 36312785 93354126 52
19030188 10 258 10
29387960 69088189 59158466 34
82872531 37582708 928 296
89194006 81115635 989 423
42186771 60473523 357 492
16490541 39773275 30865222 212
55310826 5 5 415
17419899 14 228 277
87133366 68236052 97439952 292
5708967 1 593 155
88811133 16 418 76
53832319 4 196 407
82909130 18 822 492
63198547 19 783 485
72935294 5 408 113
82891858 18 240 97
7711033 6 469 481
80548976 48390538 381 264
39323465 91368282 24534027 106
60502996 13 554 110
56249459 17 425 142
6328082 72293835 41358637 465
8741516 82418583 69662473 134
23092258 79114407 16667229 173
10016026 95006607 69532590 220
84213761 2 16 149
78286674 97017707 366 130
39253309 23145525 23 218
48770667 15475308 96844371 477
48272818 6331996 23334685 243
83565324 6 626 126
46342248 20 476 9
96775930 65949995 370 394
61060411 13 661 338
39291340 16 310 19
18620851 66358617 922 139
34403909 12 816 136
75487486 17490380 93342714 362
44336863 59083492 21 290
4480458 17 70 411
82289005 54283485 85477159 281
65995788 4 538 140
34552753 512489 519 106
42321128 17 930 469
37213904 14 953 97
5222138 50884748 58344719 329
58975210 0 514 394
61678398 3 207 272
41412320 61988250 901 41
61690808 8 377 142
61419083 14 296 225
95747871 89943345 827 175
53650451 39065871 78324223 140
85300416 51203499 41886416 182
1320684 4 762 309
89965787 2 876 264
89886649 87622705 48407692 343
55242407 12 340 42
82595994 15933525 602 480
13209609 79815285 267 109
96894109 43763640 93680607 373
84868079 19 469 191
51946479 9 85 160
8434988 73720660 91768059 3
40318047 54857892 15005444 6
53973148 89295792 6967264 210
39317284 31462208 41365950 14
23423087 6037270 494 160
27302962 49469849 54803401 129
40410 13 733 341
6909795 89854154 23603240 319
63452283 16 472 198
63933346 3 876 263
53883942 93522745 2311388 71
54655565 45269793 50884325 96
28518006 15 49 186
1681785 95202538 32059950 477
54719021 46616034 5777797 157
5102604 30216974 517 395
3114223 12 783 113
87782998 28575327 98504560 460
44873440 7 237 235
32726449 93811385 59520714 296
12360126 50233681 38233332 54
2986440 14 308 407
28307986 6 977 299
87078673 22591606 69438934 155
8880694 0 658 90
81835951 50445971 170 237
64490515 90445325 45 71
55408715 9 324 308
25719904 39631289 197 176
5932520 56832015 763 275
1131930 10 206 196
15352558 11684082 45814016 136
48335653 2 332 399
89879745 95530074 31011853 96
99155953 17 116 174
82793367 15 351 451
7982749 25779447 56256572 482
70544611 20 140 355
66892680 98982362 51126587 227
58935589 1 525 275
2499090 73019025 64491564 99
3647705 96170834 98978910 79
16442448 88047142 86237536 322
18793090 46286553 775 160
96244739 25214375 471 121
61340175 9065191 7433485 335
541310 36023920 30306836 180
68538901 52864227 92024518 316
29944399 62667792 71152332 184
1838655 99874518 18991604 135
78311282 42309193 54046144 176
39738202 93092591 72629888 98
70291460 17 100 418
890346 43246021 54077809 305
34555867 67385713 736 145
56751227 13 140 497
31746221 4 793 87
46356778 28418708 83745984 213
61702150 14 927 254
21099251 16 399 109
18916334 6 115 318
73578231 64000250 491 4
82426134 17 452 453
94048686 69358185 22500757 18
31326000 15 30 61
6749619 18 701 331
71877562 0 348 58
57730312 7 322 440
87359208 73848009 87654854 68
97781753 12 310 389
17951553 7 274 161
10346769 69689731 635 309
33871241 17 150 215
40525468 77893534 26972250 71
22843279 2823723 153 243
38661090 14 83 319
62446017 57409569 71251843 20
81058621 71257142 385 458
43440215 47552756 3559414 172
65273129 80797490 48779480 258
79143100 8 145 362
68314808 16 211 23
33060911 12543942 603 136
34317802 0 381 485
48741856 52279245 98706913 268
5150286 12143746 79610098 411
45670793 46873562 332 167
39342125 57404277 801 25
18371536 64003810 201 96
16893664 60257804 496 231
69058670 11 919 27
99852196 38135141 28362351 323
87423915 16 552 187
6185825 79941444 57 183
40624264 9 788 15
45915902 37994497 57859223 387
58950629 93819148 10 37
38360833 17 410 373
53535667 18 962 70
63147875 2 30 116
44683323 40984269 88540927 430
98057321 9 758 475
6194142 14 369 481
13630864 31436668 14675563 433
23205731 8 669 322
17343149 16 300 87
22138695 13 962 454
33492575 75951276 799 92
461014 9928480 351 263
33489407 62027846 47770858 205
86551144 2 93 258
64354843 24268670 128 45
33046125 13 499 18
5726115 0 500 384
24215677 8214042 752 371
43605225 68814465 14976648 94
65237756 7 907 393
88233994 7 866 21
28991555 77051342 98785592 168
51423187 22954071 109 443
31996492 34238873 842 458
91971398 14 272 290
49189843 10 910 296
5955953 17 87 90
21227486 9682018 246 224
27561617 38973926 88533114 332
30551785 61223091 53394120 73
25383458 19020468 121 465
77579062 90469599 81799386 120
65852565 7 116 221
62317451 9 302 402
36967482 29767275 446 138
85568502 92475286 797 33
62195336 48346378 754 67
29124173 10 873 434
71180656 20 882 212
20273864 26546411 568 218
54760999 22656270 99752628 423
70158057 1394794 41831635 123
64142925 68636023 29444786 425
52775400 9713704 28203213 443
67739330 92733120 483 140
50562232 17 896 407
3974763 1468035 561 221
52358276 44085518 49097699 253
24924920 98185511 994 77
41365238 85527499 911 381
49242043 81234888 97355234 374
68460330 63536973 55100261 235
51629468 86295339 950 325
41190936 9717120 509 70
60335229 41171350 45757707 391
2446089 12 144 496
32257874 97822391 37763338 357
9879903 44684361 253 271
20926523 80672382 334 410
27818567 79037963 69 171
89949003 89573540 43480908 419
23108561 76837477 65882692 490
72854752 23090469 136 135
6333804 13432010 964 275
33967561 59669348 9464989 417
52719531 29673368 686 148
80496860 51365900 93310573 478
40427237 4770187 73456 340
90044034 74490270 76282006 122
8710057 42564794 96248953 415
9836926 25237858 47866863 234
66131220 7 175 71
62854957 88645893 235 271
47344165 6 830 235
34333208 96966052 803 418
22971009 13 378 366
6520640 19 582 76
44844046 13404378 87 70
96160445 15 281 382
80022020 3 123 419
49749499 83862484 19550668 42
49246198 60749532 26328787 125
13716716 49319730 79623046 117
18941721 44591529 96046536 295
78241413 2 103 116
9372248 56653437 12610136 422
90489415 91583021 82445531 91
93495025 71510365 13 422
5127847 2595555 6999836 149
89790954 70396686 42638924 141
28731031 36899964 877 273
58004526 21976491 653 301
87499571 23724801 136 371
46154846 16 512 476
24672724 15 716 490
83108088 41234621 20123056 258
75784045 16 265 8
63905437 72135759 11190566 307
61821243 49040551 76600789 110
62164836 6 784 413
80177458 8293087 785 79
77437203 8799382 34709876 1
19877315 10 62 73
83779877 18 545 191
56357893 26960864 722 283
6041631 3 964 375
50450823 14 345 192
19158276 55935889 9863274 380
4824542 10 348 49
33153023 7765277 28907353 374
32045950 10811635 97417237 61
7555157 20 166 142
34433105 5776247 539 171
416295 658584 41321670 139
2988286 10 537 212
29182062 87949011 660 76
25048599 4 60 123
70185879 3 284 455
56425164 60970418 498 190
10159385 54641100 66 454
53852344 16 356 327
31674403 67526375 123 44
46608338 9291593 738 115
3130466 13 980 307
51122845 13 779 446
78926568 1 540 259
2012959 12 627 52
27243726 30815953 61919768 149
82740813 31713312 23543708 92
38193143 18993116 816 274
69162749 3 770 331
13844949 47487050 431 311
64352891 85646996 73877924 473
77451076 11389785 605 471
96014139 5 166 90
87075331 9 810 79
32529958 4 41 90
60802570 71346608 92692125 321
59340990 68579695 680 84
52652959 16 35 424
57148476 36707775 93191436 384
13284457 60149446 782 50
68068393 50708647 59327621 6
68807267 6814249 41 207
45412828 9 177 173
25696193 23817269 21944259 305
84924200 16 15 220
59167285 13 990 329
43576059 9 349 477
51250038 45407541 66326495 96
53238196 60529738 96399250 157
42231730 81144848 12432758 38
9648782 20 966 93
28340023 79199748 69634094 79
86333700 11 827 21
16714466 24929215 78534304 362
86487415 43316695 57 48
11620716 68458348 72889814 335
17559028 73841724 90041705 236
84529704 27874071 292 219
68635336 98220356 766 398
66298890 19 762 85
49016073 66881159 72786507 274
93152432 15 810 427
39743883 8 862 443
36686272 80854034 55071896 275
24502106 1 974 285
78672477 55392449 452 332
29529035 60135275 1191388 186
38752533 84325645 1908678 422
9196287 9 683 417
1202224 8090591 71973756 468
84248402 74143134 330 214
77795767 30360925 50879704 20
49525175 34154970 73636752 22
82984943 3 203 10
2898201 79161501 270 314
39963211 20 604 484
98099642 11 85 83
22451823 11 778 459
78402811 18 772 118
66883966 72722533 71354368 112
51692366 31218110 20803319 130
12804003 14 465 428
61132257 12 389 260
24728616 22711035 4833108 106
55556498 12 838 129
51943244 64286541 36255859 425
75928417 39372907 38514383 88
32063176 14256764 794 199
53969673 21700208 91528010 93
44208873 11 593 399
43856613 23436938 88481198 296
98662978 40376999 50959294 174
32869019 2817759 75628072 395
38976475 11 476 74
43667621 17 777 191
58985502 12793013 42343016 391
37530720 7512492 29394310 216
39431831 10 122 12
22614925 6516060 62649727 383
67644272 54422169 24641400 455
55921832 3 989 416
7940457 19 52 59
90002949 89511198 5959803 448
5066423 68661093 79253082 35
70938725 62092823 40889775 49
20611625 18 579 207
17180927 9 476 500
9145384 7 488 270
95504584 19120772 935 43
1407942 11341164 49552846 382
75989433 16 888 213
57127117 72799710 13554573 35
20130010 17 819 1
63021888 3 279 309
7130823 17 514 217
76768872 1 676 441
55286352 2 541 364
36196524 23037850 16628 181
57655649 40722869 84274576 349
25418616 5347763 19044554 246
86971013 20 27 83
26492378 15 845 313
87259406 9 801 149
7617797 1 745 152
15169081 23957004 65471451 281
95132854 5 287 465
42582742 37196458 99274615 314
88706149 54169327 6183265 274
51780548 24839964 314 322
3149581 5 516 132
52973823 3 845 499
73557122 8 770 362
45156264 18 711 340
68334545 10 930 164
92762816 76347845 68421663 119
47568260 66924772 474280 404
82015792 2 287 171
52905417 55413564 89392683 123
19452326 6 722 174
64238256 8155490 834 138
2621620 4358701 27822656 174
16454292 8 963 131
77690908 5 283 181
37778590 6478137 35164023 54
24576184 3 606 66
50673891 43130285 53488866 459
39175287 94604532 53002591 22
26277835 35936792 32025900 13
72756062 15 827 70
83470176 56846872 705 20
55821340 1 563 489
28374039 0 678 307
41433339 90643894 938 495
59837070 17 293 287
45796493 32047361 92168116 415
51803710 2 990 409
26892718 70561619 6169777 142
39726348 52805447 26941343 401
33033755 7 460 231
42847892 10 331 39
89493436 39363490 96050821 461
17187632 11109127 26054453 52
8178127 43904863 93100710 199
75796957 13 161 176
17479020 94933112 811 378
92861944 16729922 7442747 395
58548592 93837817 993 55
35443546 5 6 221
14497720 64733631 98031179 475
37035139 39110525 405 107
14832856 73550109 137 360
66470390 71201441 37015662 97
16189671 19 81 66
71038494 4270395 28557395 227
80884547 10 316 92
96868601 61197554 809 299
6754005 36073118 28584966 191
25718949 90553110 3048455 334
31801413 16 381 41
62362784 18312117 956 349
39198896 15 462 135
61923708 27836042 12283027 156
47071236 10481723 41152918 19
8322468 15 249 128
17210570 52840683 375 372
50556865 20 442 64
60925128 87149171 92254624 252
52709590 49515150 997 493
55251204 42123140 141 164
19528751 51764455 246 98
78897950 12 919 132
46833301 5057456 52095741 238
36992280 15134683 35137351 309
95380462 2 87 433
47934212 59459040 28936980 180
85560994 17 293 192
68979738 15 986 368
6192144 89680764 69823295 477
57586088 82267811 58797753 493
