500
96381730 74254784 56587497 75
60607363 51735273 72552970 262
72944829 21290585 5880945 394
5706021 45962799 83862805 486
15098211 51263589 797 413
6292959 60054934 14000341 354
58418696 8 462 484
25091025 20 955 445
92340314 38187304 81897414 74
26030641 93096257 1000 149
88169940 34082691 29131506 339
96291168 3 751 404
53639956 2371073 796 229
75605700 12 191 254
10033904 17 275 122
3717832 1 730 490
95435104 98901162 28594099 70
27273191 80215886 82249730 400
6373518 83342791 212 6
7078405 62063476 83737617 219
25765290 27928260 87477522 435
74180795 16870304 94966429 214
31384821 9 469 108
79343300 1 416 303
82831853 6 393 276
23419951 10 563 40
41940710 62628107 15437553 494
37795288 12 670 258
79836865 6 898 334
41098015 0 609 269
21528948 41703676 640 433
69163202 12589719 60817056 288
42536264 12 637 76
64870 13 630 58
30393701 20 670 376
40347170 4 621 16
17821091 51974632 4435516 123
41201778 84689584 73517681 429
93404004 65988114 41383723 472
58028808 92754856 362 414
19288194 12 959 493
61080509 20 993 434
28698698 86986082 82891182 165
47550527 9 554 232
60007353 4 251 479
53501068 51839808 665 241
66283506 7 110 141
45686305 8 504 190
30600467 86315734 351 402
21767709 9542941 2642210 169
86850185 2 84 294
52637478 14 636 378
79932485 72894191 10672355 238
73021311 7 271 408
2139059 15 162 60
89585571 35551323 50805029 372
7846683 10 383 39
81247789 7 822 449
99463582 66445882 967 15
60488598 14037976 403 122
43928562 1 997 87
18031782 3 569 427
80254055 87310107 69 400
75566571 9 551 348
2966984 68694852 57283587 376
39918510 8 724 266
335964 19 20 100
90276689 16 871 472
25732664 75002546 584 3
99383868 72610901 11956479 177
50787629 2 249 86
96810444 8 220 336
45102663 0 863 147
25852187 6 330 390
72272612 43669654 41380663 201
76648994 18 665 86
58248763 4 211 105
63524591 96114910 91975971 275
49817849 14 352 291
84891941 9840878 32115942 189
4138371 16 854 327
43746798 1176862 693 223
92705437 51358044 15884863 269
73376769 7 852 481
91205573 55098273 22393898 257
91653308 52890282 812 27
22744628 27262248 713 238
41642668 52222625 937 167
10116591 47751536 828 57
38774556 41086591 299 383
75015263 15 925 2
97272885 6975639 173 19
17106474 1 786 108
30553719 83715207 675 276
96167508 21212463 82779442 448
35928627 77857076 19636762 427
11400750 26135824 97974386 64
64130025 23526421 646 329
83734178 8 502 98
33677422 21737459 37263389 106
52623076 22992658 181 292
26332095 51830669 18872300 171
76250940 54160509 77849916 161
90888018 78261955 34335567 123
25902253 74379641 45474310 308
12847415 12 606 457
66641936 48611139 14639929 499
65248501 35808628 64969249 177
77274773 11 304 73
83450864 54705823 30959761 414
77222471 11 744 326
21668367 5 241 201
68368728 14013429 426 165
66073619 20 73 248
19534439 19 431 206
59285610 50068061 20447573 295
21095267 3 139 262
98883593 37073790 50396535 448
18302252 63204409 240 311
90299007 23724839 26786504 304
75879509 0 592 49
31057943 12 758 122
85129185 15 41 454
42858682 10 578 53
74387689 32699857 24411044 333
61385612 12 430 396
93180068 39642605 57507797 124
28211729 36471100 98697193 56
23100358 13 405 426
80367581 34997147 909 336
21152173 6 770 101
19772454 10 731 200
98624513 51764231 5507698 16
78357393 54566729 28732245 174
10987414 55796406 43244575 111
69350459 21772679 74219913 274
43643359 4 191 384
69181642 63935264 913 312
83000274 50875277 66998109 103
42168467 53590220 300 160
15263972 8 925 317
46305869 63061362 530 388
44548909 91588044 19603300 364
59820826 96202824 924 395
87952060 59083543 99735350 357
96588430 19 965 152
77606031 4 352 335
17855318 20 187 284
37323659 4 970 489
30852051 9 161 175
6944212 36549251 422 364
3985490 46425014 218 315
8786764 2 397 186
55677854 10 394 385
18158436 27041355 955 436
82831914 61986623 18727570 172
37109719 1 392 220
14006186 13 717 80
18755780 39314680 402 443
86423346 43766212 86284325 421
24351617 8063441 33309088 116
680580 14 746 156
66176036 932987 633 64
43903221 37784576 38674355 447
55993882 35848752 861 257
41373016 23320702 88 32
18733493 17 534 50
49000312 50097200 61554425 379
77740085 88788051 90494734 215
69330349 78529289 358 78
1433080 8 328 323
58137518 20 109 457
25242073 56056992 85062242 234
9933389 14 110 60
85782673 3 308 154
91682709 19426284 59229508 466
38808783 90913964 800 462
48106508 82510480 788 53
13174145 0 486 454
11215597 14 472 348
80636896 2 625 146
49685591 48829635 66288168 136
65065183 10 445 176
26853265 7 415 23
92635743 98847656 199 106
75252523 51766209 105 139
29724591 16 44 74
84570976 16713319 11366796 402
3717121 0 643 122
99398943 11 126 497
48692392 14 711 120
89627654 91192198 67925497 264
62900180 9715229 96299097 191
618849 67244968 1317648 131
70322910 3939554 28291055 356
71985429 16 316 371
58395235 0 449 205
4917408 3 446 265
26506872 52754365 794 429
633981 3 337 11
36462515 14 567 439
2353991 18 220 15
39603028 0 962 171
53555404 65698661 28171634 40
10760722 93264414 93615966 455
55532889 65404030 35041062 432
47243686 4900791 87759881 325
58889341 2 681 442
63049931 51776493 87600930 365
89373722 44831225 86424302 443
31489738 12059232 48 353
48386169 92355787 35110272 57
831192 13 408 473
88795048 89735741 59416952 28
65831330 30409135 34609568 339
75655635 28916080 26446653 329
77588462 7 61 466
52788285 38533993 95176295 236
60614309 3 60 6
4579137 12 860 282
85197589 9 372 475
66176782 61810130 8863008 178
83551033 1 586 367
16899123 96450799 32687605 425
46814819 42023382 88844771 227
49713005 70810311 2976394 238
54432827 19734538 450 384
5561303 16 926 243
53203488 1 119 156
87906417 34102885 552 141
6548451 98359424 147566 230
34088327 5 397 225
92813990 36654773 15068710 135
69116126 153437 644 466
73674416 38998015 18013789 118
96304126 12 56 81
27723986 20940927 98500753 469
40984913 16155643 88135746 325
96053333 9 569 47
68722019 16 711 191
94288655 4 66 468
49551580 3 52 494
42350186 22848432 216 484
95157522 64812684 8917365 427
85458782 5 824 292
8559463 19 126 315
82372567 50195510 173 433
96694076 15 816 258
11982242 18958328 55 280
81190912 38741499 13502614 120
91625947 28035758 12 322
82837990 8 190 108
75849116 14 560 483
93957746 63701949 662 476
94210729 96950683 829 203
33954747 24992666 73607953 347
87871042 78128021 163 283
56267535 4 407 31
35473664 58182481 41880367 123
65458755 8213601 58941612 319
69885575 20 952 71
64371015 96403552 54966713 376
25074877 4229158 786 361
90496518 8 189 341
45635203 76021819 27980888 114
51291811 3100251 850779 174
92428539 60270068 981 129
77232780 92642622 73 11
21446102 73189386 232 205
42614585 6 703 467
47330048 20 916 221
18173868 52080012 50064976 202
18636902 3710126 775 451
35572304 90872221 97600294 225
68215423 85303095 90 85
60450425 13 293 79
78669039 19 356 229
55172873 2341615 65361010 483
3271010 95062127 31316004 357
40587189 9 79 228
20949386 10081326 3407157 274
15603977 19 937 142
76411424 20916973 37823729 429
41370634 39890392 234 151
34703462 7 548 461
54037964 9 683 74
26895346 46505977 391 460
18333202 2 808 92
11500513 23732161 72744764 126
71509125 19 119 52
3849869 34727174 45773211 366
11999224 20 419 282
1366175 7 325 466
70356886 4 618 404
67096663 8 819 77
22467804 72636823 22994941 338
21085102 4 411 107
66704560 32261020 49371738 335
86333843 73869832 25269708 337
16288924 89054273 250187 34
43981448 2 909 416
20463952 1 987 138
2473946 12107686 97852455 190
30828163 8 650 386
87058955 4192209 57094646 136
39350155 67224438 70695131 199
97508286 47595478 1849632 191
31333240 44032259 699 409
46688486 48133034 99324924 149
90995794 10 687 390
48286526 14 459 109
61380328 16 550 333
47021977 46825009 921 276
44633980 61195446 94501149 214
68807069 23143406 38215335 182
68984725 15 214 274
49922457 16 560 379
2771224 17962769 32 443
99818827 27437974 874 247
34586949 29736199 68261629 263
48966636 36946548 293 466
2347119 69364407 60194634 406
88268031 19 500 158
59169346 14 81 231
36463865 50387536 42608971 21
51590307 5 404 119
11054335 12 519 169
65086931 19 686 165
42875563 11665571 664 87
72201314 8667188 40437314 158
38620389 16 920 449
95735403 64730448 595 126
74448878 27048402 48302446 455
70245845 7 742 193
5890335 19 309 481
67842647 18 126 395
68124875 91856709 88270492 336
91168277 9 194 440
7158552 2 419 358
88172877 2 248 192
43384917 0 559 113
6922243 26734732 35516615 359
11515807 19 153 176
57691078 18305411 60493442 192
26174839 19 273 26
7507859 89706954 43884311 436
82679529 7 965 128
45504639 5018674 40544703 200
34675231 7 777 361
89274489 57458333 3606520 412
42200283 82851803 65877768 119
52745843 31733434 332 170
38685199 17 170 131
20002796 40658784 384 282
21808134 8 537 393
16464513 79737017 185 118
37542972 7 841 37
14991918 15 745 326
84113551 5 95 370
93771824 15247940 28650455 22
67491841 17 841 404
97279187 79818213 78248084 328
18637642 1 11 287
15667767 39902331 26898068 381
29975879 15 954 228
15586818 47121591 9462408 129
4861983 32043572 79234883 488
36009986 14210641 9568263 263
15985759 373979 55398462 26
62908566 2 722 86
34643370 69704798 14838498 185
26655085 73542670 77299006 111
64194082 28186722 582 384
65552822 22903066 194 151
9548829 1 137 210
53695227 16847152 552 352
50436201 10 127 26
648276 98085881 15949562 295
41695826 28553176 350 128
52440654 0 734 438
23600075 17075852 523 27
94808900 5 771 195
6939089 33086225 797 28
51221675 10 340 365
60245263 12 612 38
28916214 3793973 23905213 487
9677839 8 75 224
74760190 16 423 465
58435505 13 563 493
47843738 13289105 19125895 65
22571295 15 816 202
89588510 2 22 345
62933056 1 450 283
22964134 42087525 20507243 303
49529302 4 200 122
19381345 11 73 103
43619701 20 13 182
88879498 2 634 87
72296145 60545677 30426308 19
81718702 9542068 7 183
35232715 62795105 393 411
49969056 44591529 734 49
65668826 14 580 176
43310924 64686823 65239102 446
87300461 97546118 31636562 471
2723101 3320075 537 449
64464032 99422380 910 168
79847649 47041104 25167355 339
98894259 8 235 341
20410715 10 17 425
67105649 1 17 423
60675293 36265400 22282387 91
44715480 9 6 199
88746299 51312740 24375292 132
47239060 7 354 374
8586970 17 671 454
71403544 6 47 345
83397768 9 598 477
13864893 17929254 41 493
85135217 14 522 396
93244410 1 949 19
12187306 94396953 45182582 100
27072330 33573683 12375445 113
53091314 0 793 247
55827103 11 745 440
17908799 7249544 879 414
26947985 20 911 312
96416322 18120938 396 382
57932014 8 755 369
60260410 75278455 33242796 463
94110354 12 292 454
8053520 16 171 408
46629024 17 908 95
75831902 61479924 18831704 101
31142294 5 141 166
16433285 45772587 25700730 334
37255132 5 359 120
82282033 19 834 22
77701906 3 445 206
98640712 9556673 66114658 132
42210957 0 117 457
28555390 8 462 473
56573882 57424801 999 212
91304744 65308490 135 220
92266712 23927266 130 248
82418079 19 813 305
72981238 0 547 142
51031974 4 484 225
65483547 76903993 107 211
27412770 5362893 8598911 118
98323120 48264701 76734917 304
22025528 1 104 191
56785046 0 840 171
54921744 7 541 462
19045965 14 944 467
51950567 3 966 319
52764519 34798564 6 74
77860835 54957475 78812030 37
46152555 72431161 93658165 437
42267066 71747189 78023788 438
25884165 92785564 574 84
93715562 15 246 172
29827376 87800363 62910127 319
39927109 53790591 86747667 4
37162845 34381115 584 143
36756930 40195133 37121477 416
57820521 11 608 45
50607881 59047597 68409689 373
45507011 98150005 811 398
23521124 72079516 72690735 244
12372412 0 166 188
48108196 11 710 447
85539135 17 201 293
94580436 37894081 50934626 163
72979340 41576803 984 353
38541833 15654093 10563296 91
49534918 9 392 312
64818066 15 409 138
31349799 52414138 121 252
46258571 96092574 149 223
50470803 15495847 931 39
96054838 33057740 114 173
99049485 95482927 88616283 340
56616580 45313948 94810768 42
64733010 40682103 63048472 56
62845089 25250425 40843850 251
3430706 17900974 23444965 123
54512660 24949616 98325138 259
86510699 80090650 217 313
45103992 20 973 136
11703373 95554232 584 334
92166496 1 549 473
89677620 6 597 235
14290921 14 611 175
30536693 4 45 362
95692863 45133889 38387432 129
31781359 53347554 25889050 250
32033874 18 597 234
23007939 93732780 23170529 458
21534641 0 825 323
